62.007124
76.704764
73.486592
46.872768
47.144286
69.187643
67.411286
33.397578
52.620940
50.018962
44.182875
51.086290
48.995572
19.993698
48.264877
42.452695
61.662856
57.014615
27.737795
57.069160
44.587788
59.291726
59.268101
52.280039
68.337922
20.921816
61.757646
43.821279
38.368831
43.669231
36.789258
39.457778
35.356274
33.603520
67.804180
37.693512
46.238816
31.013672
41.586348
32.956088
68.707098
42.235590
38.037400
67.788125
71.506624
33.300650
35.076503
47.131115
60.018265
53.196067
51.315960
40.673194
50.625967
59.894239
56.402358
31.245290
39.248197
57.719159
37.108623
59.670583
46.444543
56.059262
31.882528
62.516590
67.005851
44.803629
49.563114
26.156514
23.330509
38.267916
29.560919
42.568619
33.981223
47.356133
40.173062
36.199487
66.913121
35.095761
26.344756
43.896677
55.323707
46.693809
25.335243
70.216288
35.167615
26.777094
33.987751
23.965142
26.752984
52.589459
46.730045
39.204146
60.950472
32.533423
64.422740
33.089453
56.205747
59.859577
47.958369
19.018214
43.686473
41.785069
62.065574
27.523507
57.111077
46.355255
60.109738
70.941963
49.487434
27.648103
54.554170
36.874670
43.214839
59.995126
31.291952
36.295963
67.593632
40.430783
44.784325
58.849180
69.788346
33.013873
47.986536
54.467114
60.153796
30.343677
23.139925
27.506969
23.489070
39.034766
71.630041
61.375583
50.389232
26.604186
65.580122
40.975368
35.080507
46.418083
37.438956
65.969168
43.821321
52.602934
50.893576
37.512253
29.578402
26.467792
50.353720
34.564231
17.674805
69.816673
16.812651
54.883093
29.215565
39.156072
71.563830
27.739629
40.687871
65.271531
27.336252
49.271236
47.764119
39.053553
24.867712
62.046498
63.560172
53.401266
27.786457
59.141365
42.535332
53.757753
31.596107
38.994804
54.076493
40.088809
22.638439
72.142296
67.311955
45.644008
26.180853
47.664817
30.069484
66.079264
25.543786
43.576097
57.136572
37.913874
40.980467
33.091756
62.517182
43.339652
55.266567
31.463508
54.115141
57.341362
27.265781
39.784797
36.813261
42.307988
47.709373
29.160923
58.761298
53.515621
62.544225
56.052985
37.041619
62.085973
38.045957
56.097083
38.697368
24.893889
28.963626
49.715206
23.504264
35.031602
39.737663
14.137505
74.205381
41.131746
45.195256
45.194532
53.282514
49.776584
56.341756
58.779464
55.984674
68.859928
34.476032
23.821585
48.904836
65.667823
45.811082
33.797887
52.541208
39.254955
24.837972
65.298932
36.618399
59.701539
54.864934
68.736535
29.557199
34.967453
69.967755
33.967500
43.522875
41.498818
46.327037
41.013320
41.569772
53.185745
49.737525
70.951010
57.947938
34.021853
52.018579
37.468056
27.054003
34.732567
58.312266
22.886208
29.627274
30.251255
37.106606
43.416708
33.810545
51.576937
70.674804
41.292689
17.289847
33.903551
58.858166
50.490351
33.427512
44.190137
56.303929
53.628007
27.431989
53.692765
57.686553
23.717673
64.236439
36.923815
26.844546
51.627662
51.890481
45.353994
56.486867
58.165308
19.567546
53.095468
48.378407
73.104680
61.845505
55.391853
35.600956
60.901332
17.475994
47.897392
55.064763
33.422306
65.137492
29.299692
29.873037
55.670874
29.611790
61.601667
49.006198
40.642074
28.060210
68.874231
49.337077
32.682828
30.099314
49.387613
27.603297
41.483795
44.924762
30.587666
31.479826
70.828716
53.968556
51.752186
44.763457
46.166017
51.698481
52.418037
46.100047
44.355515
14.770065
59.617852
21.667535
17.690807
43.115881
17.820246
38.954430
42.609827
64.836525
43.196300
56.936106
26.439961
33.848990
57.454974
35.658954
61.378399
65.135211
46.152565
24.138768
32.960752
59.748617
36.208460
38.994604
16.869023
44.622027
41.230200
21.468613
49.621536
53.816718
24.803150
37.074083
41.352033
67.708819
29.062265
42.334271
24.302362
26.208273
62.323166
68.929609
64.433220
27.256032
31.233740
64.879585
53.262022
34.777293
61.080610
46.971274
47.800141
64.452327
43.900323
39.330506
68.037135
28.325701
45.230034
34.531340
77.410832
52.821839
21.341856
35.729940
49.317968
18.449315
34.741613
45.665420
48.311047
49.108571
58.398811
41.387485
30.819393
29.948798
30.586869
33.563073
25.187867
44.368324
62.940982
62.071542
18.560256
59.684500
54.926318
26.538183
50.663887
50.578225
68.581630
67.576736
68.557924
41.719095
49.273833
22.108447
60.226160
29.397407
59.587873
14.084743
51.005487
54.014757
35.097529
22.400211
25.216193
42.095694
45.599712
43.687702
60.150596
24.797186
74.720588
38.351947
57.094691
59.307416
31.557599
52.386166
40.934892
42.793510
23.174147
33.887309
44.385200
20.262446
17.597452
60.036234
39.460673
58.315272
50.364357
24.640970
22.022797
62.948877
37.806971
53.883228
59.728883
43.435877
66.195660
35.987103
50.516687
59.035956
29.337891
35.347620
34.406257
43.778052
21.047322
20.737104
70.429494
42.905501
52.674402
46.215904
64.162767
18.105327
28.051951
25.294009
65.249057
42.393222
61.816913
29.323960
59.973633
32.675030
48.848616
37.462104
20.402592
34.936324
47.509231
31.707945
47.101435
30.111876
55.225626
37.867366
29.684322
47.184350
55.372064
34.055144
50.387902
46.508965
46.785113
41.329450
44.040873
61.924927
66.429087
53.706703
64.846582
39.231205
55.349163
41.244643
59.244831
26.077619
59.654781
40.608009
77.502110
21.326453
28.706670
56.445938
63.076718
58.838424
69.795689
68.458487
43.733433
27.210810
51.909797
55.392035
15.994021
45.958555
51.360132
23.518832
30.582792
21.631870
53.571592
22.727423
47.962401
47.111710
38.066524
30.371364
15.524609
26.270725
33.283826
60.214968
31.299309
34.414822
29.334494
67.593366
28.119063
17.612046
38.608773
46.010611
29.625623
72.201354
44.293018
39.594998
50.978594
23.912858
39.231115
28.180446
67.518845
58.829515
56.890547
32.462646
45.310060
26.369267
35.412476
36.589477
34.171915
63.959515
39.767088
46.223377
48.088238
61.316304
68.947946
37.344689
62.420545
30.509920
44.035700
57.461195
52.579318
36.995679
21.622249
62.280927
49.741988
16.337090
57.447945
55.915197
48.178258
40.293579
23.013308
48.136530
52.689549
49.965477
22.962934
60.036295
39.223194
58.632091
45.048805
72.477640
54.994779
39.257605
36.753333
46.722505
19.793835
60.228481
28.888718
23.117582
42.236619
67.689323
21.331518
30.746566
53.635038
39.510106
33.585116
32.158196
38.358141
43.221236
55.966234
57.369863
51.835260
24.909822
20.037961
32.814786
36.076360
41.945365
44.738774
49.736945
30.772962
20.861607
23.957596
37.249183
33.674659
53.918252
22.282052
26.946606
25.570474
46.349613
45.407595
42.247373
55.822137
28.432252
29.269426
39.026868
55.608637
51.200265
32.256100
58.581365
27.856924
38.282125
56.965268
32.161913
31.159697
62.393196
41.219877
53.926425
51.224482
40.908430
46.820575
27.559479
27.813863
65.077928
39.142452
41.425262
44.465736
37.193111
24.467090
44.421597
45.946303
49.323070
42.873459
42.940460
41.563240
47.876704
57.714640
64.923212
62.466751
29.058193
48.010313
31.695662
58.984961
25.731240
32.011685
35.244535
51.089745
55.998164
33.369447
68.524163
71.540901
32.305293
47.702519
51.511994
46.304692
63.120924
26.065524
50.955834
51.542246
22.195852
69.462681
37.073312
73.856862
28.483427
63.262333
21.724490
37.442682
63.312129
65.323148
38.805495
22.943726
32.639299
66.600843
34.864376
36.990237
33.339271
58.490908
33.142312
22.528757
71.843190
22.802430
67.230968
27.424810
50.571472
59.800337
18.572988
51.812185
48.088666
70.513800
58.837248
46.620388
53.060039
43.018473
42.027642
24.968728
22.700050
55.524759
53.485850
29.809555
25.848469
35.532822
41.350635
56.260639
49.771429
56.863027
48.220209
72.650703
37.660179
23.054179
34.204107
55.542883
65.617227
68.717766
27.512244
47.004358
37.014858
40.494577
41.343461
53.904649
15.488037
40.030318
52.093746
48.446669
18.451127
21.650723
36.161464
26.875745
56.526485
25.388226
37.255233
51.215990
43.572828
36.321543
27.891074
24.153535
37.325677
44.748913
54.645021
20.930516
37.393733
40.229495
52.141635
56.872859
13.550260
30.881255
43.211726
32.126583
49.008887
47.955302
59.157153
30.514270
60.452352
22.026109
73.891524
59.715257
42.073681
48.510653
63.439545
39.817201
57.629566
73.657928
65.947019
39.516460
43.192358
37.431316
26.948265
51.688104
51.081485
31.563247
27.614478
54.407538
58.613152
45.980780
53.617620
37.972759
68.917555
62.052974
54.563454
42.817777
54.520036
49.928444
32.803288
42.365560
28.625616
28.634179
31.199653
32.408181
52.164055
30.437876
44.372536
30.191287
