543.613970 166.922410 69.293944 15.600000 46.600000 19.900000 83.900000 20.391430 38.700000 1.569484 -0.796741
565.766590 260.318230 53.988405 19.800000 44.900000 34.100000 67.200000 16.614570 43.000000 1.326169 -0.666597
450.357350 155.083460 65.564355 15.300000 40.300000 32.700000 77.700000 16.078590 34.700000 1.415656 -0.499174
631.451730 198.934270 68.495728 15.400000 52.400000 26.400000 71.800000 18.134420 41.500000 1.362564 -0.661924
542.880670 455.998000 16.004009 23.500000 33.700000 84.400000 25.800000 8.027500 39.700000 0.502120 -0.272174
581.008000 312.985740 46.130563 22.200000 39.300000 33.700000 70.800000 13.987940 43.900000 1.076878 -0.651128
576.976680 366.495950 36.479937 21.600000 49.800000 44.400000 50.200000 12.642340 41.000000 1.463263 -0.444336
655.894800 197.978130 69.815566 16.200000 50.100000 37.100000 62.700000 17.133990 42.300000 1.527873 -0.617009
639.103960 197.350070 69.120819 18.200000 49.600000 35.200000 63.000000 17.009920 45.300000 1.398144 -0.628970
609.204230 373.651090 38.665710 21.000000 40.700000 45.200000 59.200000 16.350490 41.000000 1.229102 -0.669597
577.014170 336.707050 41.646658 19.500000 58.000000 35.700000 52.800000 11.959100 47.400000 0.648139 -0.346297
630.371620 257.117160 59.211812 20.800000 62.500000 34.300000 48.300000 20.044710 51.700000 1.177971 -0.646671
516.626190 328.786010 36.359012 24.100000 43.500000 32.600000 65.800000 10.387640 47.000000 0.628055 -0.390074
336.348650 155.619870 53.732572 13.200000 45.600000 57.600000 49.600000 13.378350 30.800000 1.166211 -0.239273
331.230580 168.164750 49.230307 12.900000 45.600000 62.500000 45.000000 14.728610 28.900000 1.350851 -0.204953
603.491140 145.463970 75.896254 17.900000 56.100000 29.000000 62.700000 19.716720 48.300000 1.068260 -0.644366
559.735330 407.405480 27.214621 21.100000 38.900000 41.200000 64.800000 9.232310 40.200000 0.589743 -0.348763
493.908620 243.974740 50.603263 22.300000 37.300000 26.500000 79.900000 15.971500 39.300000 1.693246 -0.781565
363.539050 147.619300 59.393826 8.300000 41.700000 46.100000 69.900000 14.649240 25.100000 1.207341 -0.611285
506.935110 356.931390 29.590320 24.600000 47.800000 52.300000 41.300000 16.740800 47.500000 0.981517 -0.461203
804.028310 397.930600 50.507887 17.900000 50.700000 50.900000 46.500000 12.555490 45.500000 0.759580 -0.482977
665.955150 210.332120 68.416474 16.800000 60.400000 24.500000 64.300000 17.815130 47.700000 1.002749 -0.641178
621.700740 435.300740 29.982271 19.500000 40.500000 58.800000 47.500000 10.631160 39.700000 0.653379 -0.408890
489.007520 283.604750 42.004010 24.400000 47.100000 29.700000 64.800000 8.619720 50.400000 0.484065 -0.316719
629.708550 286.814680 54.452789 19.900000 47.900000 34.300000 63.900000 18.948160 44.500000 1.431001 -0.769197
574.305100 188.509820 67.176015 16.200000 43.400000 12.800000 93.600000 16.086180 39.300000 0.943658 -0.813391
637.361300 425.524130 33.236591 25.900000 43.500000 54.500000 42.300000 9.183380 51.500000 0.479156 -0.358588
557.316530 283.132270 49.197224 18.800000 62.000000 40.000000 45.200000 11.302760 49.500000 0.645195 -0.301176
574.671800 247.920220 56.858816 16.800000 48.900000 26.400000 74.000000 15.852890 40.100000 1.132250 -0.586555
631.488190 329.382650 47.840252 20.500000 45.900000 41.700000 57.900000 20.620140 43.200000 1.569959 -0.813674
502.815220 262.122520 47.869016 23.300000 40.900000 26.000000 75.800000 12.507810 45.500000 1.358543 -0.573820
574.028430 166.524340 70.990228 15.200000 52.100000 29.800000 68.900000 24.297750 40.000000 2.084623 -0.808013
626.176020 348.468480 44.349756 21.400000 48.300000 42.100000 54.200000 14.067820 47.200000 0.917296 -0.505254
684.496420 212.756460 68.917813 15.500000 59.700000 23.800000 67.000000 15.281220 46.600000 0.797319 -0.550419
458.792150 144.423290 68.520976 10.900000 46.100000 44.700000 64.300000 14.516610 33.500000 0.936741 -0.575204
439.250180 159.661100 63.651443 13.400000 45.900000 30.900000 75.800000 18.333520 33.900000 1.477870 -0.517153
619.179700 159.896750 74.176035 16.700000 50.600000 21.300000 77.400000 16.015850 45.000000 0.943940 -0.626499
602.798970 377.395170 37.392864 21.900000 49.200000 55.500000 39.400000 16.433800 46.100000 1.076742 -0.512795
703.340630 279.374590 60.278906 15.300000 45.900000 32.700000 72.100000 17.366780 38.000000 1.406905 -0.720924
447.530420 155.336470 65.290299 11.300000 40.600000 44.700000 69.400000 13.717880 29.800000 1.348115 -0.327335
471.126710 158.485740 66.360273 14.800000 41.500000 30.900000 78.800000 18.822280 34.300000 1.719517 -0.594191
506.372040 420.166240 17.024202 26.900000 32.300000 62.300000 44.600000 13.451520 42.100000 0.840118 -0.461583
664.928510 356.998270 46.310278 22.000000 38.700000 46.000000 59.300000 17.290330 43.900000 1.442972 -0.845295
617.190740 322.130510 47.806976 18.000000 51.200000 56.000000 40.700000 17.799360 42.000000 1.457267 -0.544195
512.036480 222.035350 56.636810 21.800000 55.800000 29.700000 58.700000 18.152950 49.300000 1.099710 -0.601682
526.003970 276.899700 47.357869 19.500000 41.100000 20.100000 85.300000 13.685850 40.000000 0.936951 -0.614704
543.797650 373.370430 31.340191 24.700000 41.600000 55.300000 44.400000 16.003610 45.900000 1.033926 -0.535642
499.692350 173.367890 65.305074 17.600000 35.900000 18.300000 94.200000 18.138660 36.100000 1.795895 -0.963992
606.816470 403.748850 33.464421 22.400000 47.200000 47.300000 49.100000 11.994760 45.900000 0.676202 -0.415280
579.070010 217.272460 62.479069 18.100000 42.200000 19.800000 85.900000 11.404990 41.900000 0.808409 -0.577076
595.618080 225.012930 62.221944 15.700000 53.700000 39.000000 57.600000 22.256950 39.600000 1.946356 -0.695913
408.034160 160.232990 60.730496 16.000000 44.900000 54.900000 50.200000 17.285400 36.400000 1.438555 -0.312566
559.095850 180.691150 67.681543 14.600000 54.000000 31.000000 66.400000 19.042800 38.700000 1.544074 -0.574366
667.759140 444.463850 33.439496 21.800000 41.200000 69.500000 33.900000 13.776800 43.100000 0.905082 -0.793498
450.095120 177.096780 60.653477 16.900000 49.600000 29.900000 69.600000 16.137240 39.500000 1.188946 -0.584570
502.600530 396.378080 21.134568 27.400000 32.900000 57.500000 48.300000 14.836870 43.600000 1.376976 -0.539111
622.082300 191.903840 69.151374 16.800000 54.500000 26.300000 68.400000 17.228240 44.100000 1.137779 -0.620276
552.700330 243.479610 55.947265 19.900000 56.300000 32.300000 57.500000 14.378700 48.200000 0.877973 -0.469489
427.538720 166.600700 61.032605 16.700000 44.100000 36.400000 68.800000 19.186360 36.500000 1.688232 -0.514132
534.238290 230.530890 56.848677 20.000000 46.800000 38.000000 61.200000 16.170910 45.600000 1.230518 -0.568882
567.501860 228.002340 59.823508 17.000000 42.200000 16.600000 90.200000 12.550840 39.400000 0.827575 -0.618416
650.642000 245.759350 62.228176 14.600000 63.900000 39.400000 48.400000 17.323840 42.000000 1.234670 -0.465700
543.662060 329.477400 39.396654 22.500000 41.500000 39.600000 62.400000 12.175680 44.500000 0.858079 -0.466694
621.119510 238.071090 61.670647 17.600000 39.200000 19.200000 90.000000 12.074750 39.800000 0.891259 -0.678771
592.574060 290.238730 51.020683 21.200000 45.700000 32.700000 66.400000 17.413230 40.200000 2.023856 -0.727422
540.340170 355.486860 34.210544 22.900000 49.600000 39.000000 54.600000 12.607720 47.200000 0.742728 -0.396014
497.937920 206.126840 58.603908 18.200000 41.800000 21.800000 84.200000 17.042190 38.500000 1.447906 -0.744218
512.787530 226.568260 55.816348 20.500000 51.700000 29.600000 64.200000 18.776790 45.300000 1.280306 -0.646707
562.530570 254.290340 54.795285 20.900000 50.400000 28.700000 66.000000 18.080890 45.900000 1.185131 -0.685969
615.051540 347.234850 43.543780 20.400000 47.200000 39.600000 58.800000 11.309150 45.400000 0.767289 -0.417785
552.798750 375.611050 32.052840 24.100000 36.600000 38.500000 66.800000 11.918310 43.100000 0.805320 -0.519854
645.343330 412.752020 36.041484 22.700000 37.300000 51.300000 54.800000 11.749300 43.200000 0.819011 -0.544450
532.365250 235.459490 55.771063 17.600000 63.300000 27.400000 57.700000 12.840100 47.700000 0.684850 -0.372433
577.707760 204.092280 64.672055 15.200000 54.300000 35.000000 61.500000 19.415770 40.100000 1.630797 -0.602997
556.400420 239.039180 57.038282 19.900000 45.400000 22.800000 77.900000 13.222200 43.900000 0.884096 -0.592744
667.546750 172.195890 74.204670 13.400000 43.500000 17.800000 91.300000 19.902900 35.800000 1.570152 -0.901010
475.321820 135.230730 71.549648 16.200000 40.600000 28.400000 80.800000 17.616040 37.600000 1.399368 -2.426143
551.789910 305.144550 44.699143 21.900000 47.700000 32.600000 63.800000 13.509560 45.800000 0.835184 -0.499178
476.601790 267.812370 43.807939 21.000000 47.200000 26.200000 71.600000 9.889700 44.500000 0.616471 -0.356787
544.629120 391.765990 28.067381 26.400000 52.500000 55.100000 32.100000 12.275760 53.300000 0.592592 -0.318669
626.988370 283.285840 54.818007 18.500000 47.500000 24.200000 75.800000 16.338570 42.500000 1.000296 -0.679785
509.465580 186.835200 63.327218 18.000000 48.300000 22.600000 77.100000 15.147550 42.100000 1.019037 -0.554831
368.834670 156.180750 57.655621 12.000000 44.100000 51.300000 58.600000 10.280560 31.200000 0.761289 -0.272280
527.445870 279.553110 46.998711 22.000000 35.300000 28.400000 80.300000 12.021230 41.600000 1.030300 -0.631461
624.023120 347.407260 44.327822 18.500000 50.500000 40.400000 56.600000 14.236880 42.500000 0.922391 -0.475164
619.304520 257.997120 58.340830 17.200000 47.600000 24.500000 76.700000 14.220630 41.400000 0.899718 -0.589449
560.228590 298.868510 46.652400 20.900000 51.500000 27.000000 66.600000 12.186940 47.200000 0.680194 -0.443050
670.792020 185.569290 72.335793 14.400000 42.500000 22.000000 87.100000 17.573180 37.100000 1.595068 -0.832377
746.092130 325.487080 56.374412 17.700000 43.700000 40.000000 64.600000 16.391620 41.500000 1.401520 -0.757209
463.326740 173.841980 62.479614 21.100000 49.700000 37.200000 57.900000 15.866740 46.300000 1.096606 -0.433223
533.024090 245.929120 53.861537 20.000000 51.100000 30.300000 64.600000 17.038410 44.900000 1.243279 -0.611543
501.423950 308.134890 38.548031 25.100000 38.000000 32.900000 70.000000 10.923620 46.300000 0.732485 -0.468266
453.990960 145.819590 67.880508 12.700000 39.700000 45.000000 68.600000 12.495550 32.000000 1.180937 -0.309398
691.455200 286.055430 58.629940 16.900000 46.200000 29.000000 73.900000 18.149470 40.200000 1.360313 -0.785920
521.539030 272.995580 47.655772 20.100000 49.500000 33.800000 62.600000 15.038860 43.900000 1.541649 -0.515661
661.075690 463.757660 29.848024 21.400000 40.600000 80.500000 24.700000 13.256990 42.100000 0.918757 -0.540676
580.933060 340.270780 41.426852 19.200000 39.500000 28.100000 79.200000 13.081430 39.000000 0.914375 -0.571878
485.088630 296.207050 38.937540 21.500000 51.100000 28.400000 65.000000 8.655010 47.000000 0.479800 -0.281548
661.113020 383.348220 42.014722 24.300000 47.900000 61.200000 32.600000 16.767240 50.900000 1.066492 -0.631172
512.598840 251.729740 50.891473 17.900000 39.100000 16.800000 92.200000 10.692060 38.100000 0.732820 -0.530353
491.741840 355.700810 27.665132 25.500000 44.900000 57.700000 37.900000 14.978270 47.700000 0.870837 -0.385356
552.749920 220.618540 60.087097 17.100000 56.300000 21.800000 70.800000 15.446950 44.400000 0.890064 -0.533218
507.269050 189.626360 62.618189 18.800000 42.100000 25.900000 79.200000 14.562070 41.100000 1.249477 -0.610433
517.197530 355.663700 31.232522 27.000000 39.700000 42.500000 56.800000 11.766900 48.500000 0.698755 -0.441185
450.936770 156.287890 65.341507 14.500000 41.900000 37.700000 71.900000 11.873050 35.000000 0.951931 -0.316816
510.031240 177.587040 65.181145 15.400000 47.100000 31.300000 72.200000 10.699420 40.300000 0.807782 -0.406012
495.363620 351.363380 29.069603 26.300000 41.400000 39.600000 58.700000 13.469690 47.000000 1.254440 -0.477357
611.729510 188.844460 69.129418 16.300000 51.700000 26.900000 71.100000 20.639960 41.300000 1.599133 -0.764208
515.305890 227.183140 55.912955 21.000000 44.500000 29.800000 70.700000 16.588430 43.800000 1.287379 -0.688023
493.017640 330.953170 32.871941 24.600000 39.400000 41.100000 60.900000 15.865390 44.100000 1.644030 -0.579633
641.961710 351.473260 45.250121 19.800000 51.000000 48.000000 47.100000 17.240180 45.200000 1.223057 -0.580097
590.867110 185.408370 68.620970 18.500000 44.000000 27.900000 75.600000 18.815720 42.900000 1.691726 -0.812392
513.251010 336.579050 34.422136 24.500000 41.800000 39.400000 60.300000 11.632440 46.500000 0.733589 -0.415970
307.628640 162.905270 47.044830 15.700000 45.300000 62.300000 42.800000 13.073830 32.700000 0.996741 -0.210557
543.504260 268.131450 50.666173 21.200000 55.600000 26.800000 62.400000 11.704960 49.900000 1.028785 -0.407228
594.341840 293.144970 50.677380 17.900000 47.400000 34.200000 66.500000 17.875240 40.200000 1.388609 -0.651812
545.410120 318.015330 41.692441 20.200000 38.100000 26.000000 81.700000 13.599370 39.200000 1.007920 -0.619416
545.066980 245.824550 54.900121 19.700000 57.000000 39.600000 49.700000 18.351000 47.300000 1.234898 -0.553853
564.162640 426.419800 24.415449 27.000000 40.500000 67.400000 31.400000 10.161350 49.600000 0.523787 -0.325921
485.650750 360.515390 25.766533 25.800000 30.700000 42.700000 66.800000 15.091620 41.000000 1.555236 -0.649516
634.655280 310.198630 51.123289 19.700000 40.500000 33.000000 72.800000 15.261230 41.400000 1.254498 -0.723324
491.133160 372.855250 24.082656 28.100000 37.800000 50.200000 49.900000 15.870090 47.000000 1.381898 -0.538694
568.961620 167.426910 70.573251 18.600000 48.200000 21.500000 77.700000 17.078420 44.700000 1.160038 -0.694927
568.387700 387.856860 31.761919 20.300000 39.600000 43.100000 63.000000 12.754770 39.100000 0.912496 -0.477065
606.484440 311.831220 48.583805 20.800000 52.700000 46.300000 46.100000 15.809000 48.400000 1.927080 -0.636863
540.117500 234.537750 56.576532 21.500000 40.800000 25.600000 78.100000 13.786130 43.800000 1.082256 -0.678856
507.342990 295.889770 41.678554 21.800000 51.900000 40.500000 51.800000 15.379770 46.800000 1.431011 -0.462297
639.638010 442.704480 30.788278 19.200000 40.200000 64.900000 42.100000 9.600740 39.800000 0.605032 -0.374942
740.185190 351.949070 52.451214 19.800000 44.600000 36.600000 65.000000 14.857340 44.000000 0.970905 -0.922501
498.379060 168.510390 66.188309 13.700000 43.500000 33.600000 75.200000 16.543590 34.000000 1.662215 -0.500791
500.301600 272.722320 45.488417 23.100000 42.300000 29.300000 71.300000 18.580950 44.000000 1.332397 -0.764264
530.330700 397.196200 25.104053 25.800000 36.100000 50.300000 53.900000 12.967800 44.300000 0.820985 -0.465162
500.895570 232.830560 53.517145 21.100000 48.900000 33.500000 62.500000 17.017050 45.300000 1.206056 -0.592130
561.045840 247.964060 55.803244 16.800000 47.700000 20.700000 80.800000 14.528560 40.100000 0.897048 -0.566424
518.431760 312.682120 39.686928 23.100000 43.000000 33.600000 66.300000 11.020570 46.000000 0.720658 -0.417921
526.944960 171.386870 67.475375 19.900000 41.000000 20.900000 84.200000 16.533270 42.300000 1.320130 -0.785976
606.475230 427.625320 29.490060 22.100000 53.000000 65.900000 25.500000 12.346070 47.800000 0.700351 -0.330673
672.614720 179.793140 73.269520 16.500000 49.900000 23.400000 76.200000 19.171110 43.000000 1.436480 -0.800324
468.800210 154.949570 66.947632 17.000000 40.400000 34.400000 74.200000 15.472220 37.300000 1.337318 -0.498086
557.437130 314.131130 43.647254 20.700000 44.200000 42.200000 58.900000 12.124620 43.500000 0.908529 -0.449354
573.217840 159.397600 72.192491 14.400000 45.500000 21.600000 84.500000 18.223940 38.100000 1.390490 -0.958197
437.033910 185.237790 57.614779 17.100000 52.300000 45.900000 50.700000 17.756600 40.200000 1.399475 -0.396160
553.280220 155.873600 71.827368 12.300000 45.000000 22.700000 86.000000 19.897600 34.400000 1.586329 -0.692006
710.841040 191.492040 73.061201 20.300000 67.300000 38.700000 39.700000 18.732190 55.300000 1.142960 -0.528734
505.712010 428.459220 15.276044 26.200000 30.300000 66.300000 43.600000 12.933430 40.100000 0.826859 -0.453258
668.117240 255.026250 61.829117 18.500000 48.100000 34.600000 64.900000 17.046760 44.100000 1.354726 -0.724236
690.641870 384.627980 44.308621 23.300000 43.500000 49.800000 49.400000 12.711210 48.300000 0.859110 -0.553155
552.602260 269.247850 51.276376 20.600000 43.900000 29.500000 72.000000 15.554780 42.900000 1.156129 -0.649246
548.192440 158.115830 71.156875 14.000000 46.100000 30.300000 75.600000 18.990980 37.000000 1.694634 -1.047422
530.180790 210.911520 60.218943 15.900000 45.900000 40.700000 63.500000 16.415660 38.500000 1.564980 -0.518432
606.534590 198.014020 67.353219 19.000000 50.100000 25.500000 71.400000 20.968850 44.500000 1.555340 -0.863358
542.912330 340.091130 37.358002 22.900000 54.900000 46.500000 41.700000 14.072730 50.100000 0.791324 -0.390827
563.887560 266.708980 52.701744 19.000000 46.300000 26.900000 73.800000 12.443400 42.800000 1.301992 -0.507894
543.131940 321.314640 40.840408 22.500000 44.700000 39.600000 59.200000 19.260750 44.300000 1.351096 -0.701718
645.130450 292.403020 54.675365 21.800000 56.200000 33.700000 54.300000 18.089220 50.700000 1.049917 -0.658902
582.765340 190.252420 67.353511 18.300000 43.400000 23.600000 80.700000 16.514020 41.900000 1.389190 -0.751066
560.091280 220.057790 60.710370 19.100000 49.400000 23.500000 74.000000 11.891330 45.500000 0.726870 -0.479216
647.614890 298.133650 53.964361 21.000000 48.500000 43.200000 53.300000 15.486470 49.100000 1.111714 -0.604362
476.530940 148.519580 68.833172 11.400000 44.700000 25.700000 84.200000 16.457370 33.600000 1.028825 -0.752662
561.686570 348.255150 37.998313 20.600000 40.700000 32.900000 71.800000 14.879460 40.400000 1.068621 -0.593747
496.318610 390.857610 21.248649 25.800000 47.900000 66.800000 25.700000 14.963250 48.300000 0.825568 -0.339435
534.531780 188.450370 64.744777 19.100000 43.400000 26.800000 76.700000 20.364700 41.200000 1.808631 -0.887529
469.315750 166.410320 64.541927 17.000000 45.900000 25.200000 77.900000 16.178520 39.500000 1.211043 -0.989500
506.244110 399.953370 20.995946 21.600000 31.800000 38.300000 74.400000 9.201070 36.700000 0.659708 -0.381453
568.859690 290.727430 48.892946 18.100000 40.800000 21.000000 86.100000 13.754140 38.700000 0.928050 -0.624912
524.192110 165.487630 68.429965 19.200000 57.600000 40.300000 49.000000 17.462600 49.000000 1.091859 -0.398968
676.957490 379.286340 43.971912 20.200000 39.500000 42.800000 63.500000 13.755440 41.300000 1.058888 -0.645267
562.034490 191.098320 65.998827 20.300000 48.500000 30.500000 66.700000 17.894860 46.700000 1.332449 -0.678089
535.845180 316.789070 40.880485 27.700000 54.600000 47.800000 35.900000 13.172910 57.800000 0.639058 -0.381158
433.930960 157.500890 63.703698 14.100000 40.800000 28.500000 82.600000 16.171620 33.000000 1.391183 -0.497816
537.360510 315.206860 41.341640 24.800000 40.300000 31.000000 69.900000 10.709960 47.600000 0.693407 -0.476885
539.153470 164.126580 69.558467 14.900000 39.400000 16.300000 95.400000 13.915880 36.200000 1.010689 -0.992398
560.192480 446.959370 20.213251 23.700000 40.600000 86.300000 15.200000 14.763110 43.100000 0.883818 -0.443176
490.213030 265.570370 45.825518 19.400000 47.800000 27.300000 71.500000 14.357040 38.800000 1.440358 -0.489165
518.090130 364.974000 29.553956 24.900000 45.000000 36.000000 60.100000 11.217030 47.400000 0.625551 -0.382239
609.048620 331.002950 45.652459 25.400000 53.000000 46.300000 41.300000 16.548070 54.300000 0.923754 -0.559653
545.617040 183.687580 66.333973 15.600000 62.300000 23.700000 64.400000 15.045260 45.900000 0.774997 -0.437233
578.981860 349.310710 39.668108 24.000000 44.400000 46.000000 51.600000 15.139560 47.600000 0.978002 -0.560255
578.594980 265.591510 54.097163 19.700000 41.600000 24.600000 80.100000 15.057120 41.200000 1.117368 -0.713346
530.586290 178.319640 66.391962 13.400000 54.100000 26.600000 71.900000 14.444040 38.900000 0.976031 -0.414622
637.877830 307.325830 51.820581 17.000000 48.200000 29.300000 71.500000 17.335170 40.100000 1.150190 -0.647671
578.657760 253.319820 56.222860 19.500000 41.100000 24.600000 80.800000 19.102860 40.300000 1.579778 -0.920893
515.391720 247.413540 51.995050 20.400000 52.400000 29.700000 63.500000 15.401370 45.600000 1.200217 -0.522432
557.942940 152.220870 72.717484 15.800000 43.800000 21.800000 84.600000 13.735700 40.600000 0.842523 -1.365303
584.529350 394.195110 32.561965 23.600000 47.200000 42.500000 52.700000 11.719530 47.600000 0.682863 -0.402925
492.841070 235.933860 52.127801 20.300000 35.800000 21.000000 88.900000 11.349830 39.700000 0.965889 -0.613176
514.723790 383.389610 25.515467 22.900000 34.700000 53.500000 54.900000 17.005140 38.900000 1.283940 -0.612383
504.246230 283.480720 43.781291 22.000000 39.300000 30.100000 74.600000 14.798870 42.000000 1.667968 -0.633390
531.039380 416.165930 21.631814 23.400000 36.600000 46.700000 59.500000 9.563830 41.100000 0.590650 -0.362435
534.700830 211.680320 60.411447 21.400000 38.800000 24.100000 81.700000 16.119270 42.800000 1.403001 -0.843713
496.386620 388.352490 21.764110 25.200000 30.800000 40.100000 69.900000 9.403550 40.600000 0.649419 -0.399320
523.668270 428.660480 18.142743 27.000000 34.200000 62.200000 42.900000 12.340480 43.700000 1.213812 -0.430281
563.902010 327.512910 41.920244 22.400000 43.700000 45.800000 54.100000 14.473460 46.300000 0.983015 -0.509689
643.385850 414.879020 35.516297 21.100000 38.200000 53.400000 53.300000 12.769860 41.000000 0.973615 -0.543587
549.078160 263.678790 51.977913 17.800000 46.400000 34.300000 67.500000 16.202500 39.700000 1.325262 -0.576091
607.742040 371.136020 38.931982 20.800000 41.700000 44.900000 58.600000 16.507550 41.200000 1.239946 -0.652530
550.241050 263.001180 52.202552 19.900000 50.900000 24.700000 70.500000 10.904850 46.600000 0.619288 -0.416834
535.722790 440.526090 17.769769 26.100000 33.300000 81.700000 26.600000 10.224880 42.600000 0.603063 -0.377914
523.685790 178.373100 65.938908 12.700000 54.600000 39.300000 59.500000 17.041990 35.300000 1.565244 -0.423077
590.797780 365.158380 38.192324 21.100000 44.400000 30.500000 70.000000 11.483730 43.900000 0.680981 -0.453000
504.837390 295.701700 41.426347 24.800000 42.200000 39.300000 59.700000 14.854590 48.100000 1.504457 -0.549200
405.448230 150.941130 62.771787 11.700000 42.500000 41.000000 70.800000 15.063760 30.500000 1.172507 -0.527722
538.530790 346.255780 35.703624 26.000000 56.000000 49.500000 34.600000 14.006660 54.700000 0.696052 -0.374487
587.721220 177.821840 69.743846 19.600000 47.800000 29.000000 69.600000 16.040110 46.800000 1.245834 -0.653583
589.960720 251.879420 57.305730 18.800000 44.500000 24.000000 78.700000 13.983990 42.000000 0.974738 -0.630391
436.354920 152.471350 65.057951 12.500000 45.200000 43.000000 65.300000 18.107470 32.900000 1.473086 -0.521054
656.309420 372.006920 43.318363 22.600000 53.700000 50.700000 39.000000 14.666120 50.400000 0.882507 -0.482103
521.512300 433.651300 16.847350 29.800000 49.900000 75.600000 11.500000 10.741330 55.600000 0.438781 -0.245114
508.082560 247.563380 51.274970 20.200000 43.900000 20.800000 81.100000 17.634490 41.500000 1.847940 -0.743345
623.771830 445.623460 28.559861 22.100000 37.800000 96.900000 11.700000 12.489780 42.500000 0.805718 -0.486176
612.183010 217.909780 64.404471 18.200000 49.400000 30.000000 68.400000 15.573990 44.600000 1.210490 -0.623118
514.497820 406.728570 20.946493 26.200000 48.900000 72.600000 18.600000 13.892830 50.300000 0.721214 -0.304564
505.580710 160.985950 68.158210 20.300000 51.600000 33.800000 60.200000 19.182010 46.900000 1.258771 -0.524525
536.015990 279.785260 47.802815 19.300000 51.200000 36.100000 59.500000 17.329100 43.000000 1.223859 -0.547917
515.459010 255.713150 50.391177 21.400000 60.300000 38.100000 46.200000 16.309890 50.000000 0.958062 -0.451484
723.283600 274.256330 62.081771 15.600000 55.900000 31.800000 62.800000 15.347060 44.100000 0.966987 -0.560123
570.531820 213.609760 62.559536 16.400000 46.500000 36.400000 66.700000 15.192900 40.600000 1.354219 -0.527247
484.320540 160.297720 66.902556 15.300000 54.900000 32.100000 63.700000 13.654220 42.300000 0.830508 -0.326671
606.477980 229.326920 62.187099 15.300000 54.500000 20.900000 75.300000 15.240260 42.000000 0.866889 -0.546101
500.219600 345.897780 30.850814 23.300000 44.400000 42.700000 55.600000 13.717470 44.400000 1.303854 -0.431048
547.898050 411.790410 24.841782 23.100000 35.500000 72.600000 34.900000 15.558200 40.500000 1.115397 -0.501921
506.493800 227.103810 55.161581 19.400000 38.800000 18.400000 89.400000 12.592840 39.600000 0.951274 -0.650593
304.343300 154.874030 49.112062 14.300000 49.400000 60.800000 41.500000 16.240840 31.200000 1.400976 -0.913333
709.140690 325.760620 54.062625 17.800000 46.700000 45.800000 55.700000 15.233840 43.500000 1.259932 -0.605737
481.306680 264.757990 44.991831 23.300000 43.700000 40.900000 58.100000 16.686330 45.900000 1.172454 -0.584025
472.637810 157.733080 66.627071 12.600000 39.400000 33.300000 80.700000 14.743150 31.400000 1.407834 -0.460097
485.525480 159.336430 67.182684 13.600000 51.500000 29.500000 71.400000 17.702790 36.500000 1.428553 -0.488801
480.386310 162.414910 66.190771 16.400000 47.400000 24.700000 77.500000 18.540270 39.300000 1.424648 -0.816842
471.188520 178.001550 62.222859 15.800000 57.300000 36.400000 56.400000 17.819420 41.100000 1.286810 -0.414014
637.255410 404.135160 36.581918 20.900000 45.200000 38.700000 61.200000 9.798640 45.000000 0.541044 -0.380650
527.718430 430.231110 18.473359 26.500000 40.900000 68.300000 30.800000 10.461060 46.800000 0.568174 -0.284485
645.796070 180.154260 72.103537 14.300000 45.300000 16.700000 89.700000 14.751390 39.100000 0.929325 -0.699969
750.412260 225.763820 69.914695 16.300000 44.700000 29.500000 75.500000 15.750620 42.200000 1.361042 -0.783180
513.663300 272.679080 46.914821 19.800000 37.100000 18.100000 91.000000 9.731500 39.600000 0.678258 -0.509944
326.955000 151.271520 53.733229 9.200000 38.300000 56.200000 62.300000 11.878730 23.700000 1.137080 -0.395183
496.644750 166.236910 66.528004 12.500000 45.800000 19.200000 88.500000 14.977380 34.800000 0.965731 -0.523360
531.543910 300.538650 43.459300 20.700000 52.000000 46.200000 47.000000 17.106400 45.300000 1.163359 -0.505440
659.646880 393.961280 40.276943 20.300000 49.800000 54.000000 41.900000 16.791130 44.400000 1.127471 -0.562133
550.975550 290.622590 47.253088 20.200000 53.000000 41.100000 51.700000 17.994430 44.800000 1.225511 -0.547679
467.752600 145.268040 68.943403 13.800000 46.600000 38.300000 67.300000 20.090800 35.600000 1.815428 -0.500044
476.540850 167.438540 64.863759 15.700000 50.700000 35.900000 63.700000 14.943610 39.800000 1.258601 -0.416873
616.452560 211.383000 65.709770 14.600000 53.800000 39.700000 57.900000 20.642390 38.900000 1.894941 -0.651320
488.878210 169.153410 65.399683 16.600000 38.800000 18.700000 91.900000 12.862560 36.900000 1.032405 -0.802279
535.458010 304.592100 43.115596 21.500000 38.100000 28.600000 77.800000 14.031930 40.900000 1.090458 -0.645932
560.805170 368.733030 34.249353 22.100000 36.300000 39.400000 68.200000 16.459580 39.800000 1.263183 -0.716413
578.330000 378.627180 34.530946 24.800000 56.200000 49.100000 36.000000 15.075850 53.000000 0.754421 -0.419074
504.668780 202.528540 59.869017 18.100000 36.900000 13.400000 97.600000 10.774410 38.200000 0.767276 -0.641801
473.740130 306.208970 35.363515 22.200000 50.800000 45.800000 47.200000 15.507550 45.100000 1.336138 -0.411519
653.618800 195.385330 70.107143 14.800000 55.700000 29.100000 66.400000 21.550490 41.400000 1.690363 -0.748574
525.178530 430.817750 17.967372 26.600000 34.900000 67.000000 37.900000 11.794130 43.700000 0.701899 -0.379700
474.266050 174.639900 63.176808 17.500000 39.800000 22.200000 86.500000 12.403550 38.100000 1.038820 -0.583294
579.722490 432.451340 25.403732 25.800000 34.400000 70.700000 35.400000 13.077980 44.100000 0.850636 -0.528765
531.446640 385.150730 27.527864 24.400000 36.100000 45.800000 59.700000 12.270930 42.800000 0.832360 -0.465013
467.881050 136.774050 70.767346 13.400000 46.300000 31.000000 75.300000 18.323840 36.200000 1.281086 -0.736017
545.426420 401.506460 26.386687 24.400000 34.200000 50.500000 57.000000 15.075520 41.200000 1.072360 -0.622850
429.934750 186.535200 56.613137 16.900000 56.700000 46.800000 45.500000 17.979070 40.000000 1.392641 -0.372502
598.801070 231.726130 61.301651 20.500000 49.200000 30.800000 65.500000 16.370050 47.000000 1.189502 -0.687783
753.096640 338.603080 55.038562 22.800000 64.400000 47.600000 31.500000 21.848450 54.600000 1.327197 -1.108554
515.546840 375.861610 27.094576 29.200000 48.100000 56.700000 32.100000 11.230480 55.300000 0.544500 -0.305098
511.263860 379.232940 25.824419 22.300000 41.500000 41.900000 60.300000 9.827480 41.800000 0.640145 -0.318900
647.963620 248.313550 61.677856 16.000000 54.500000 31.800000 63.700000 14.810570 43.300000 1.018707 -0.521345
651.460180 329.517100 49.418689 19.800000 41.800000 30.400000 74.000000 12.601810 42.600000 0.893871 -0.592488
554.845860 165.288450 70.210024 14.100000 44.600000 14.500000 92.700000 18.906550 36.500000 1.277995 -0.773645
526.743670 201.165960 61.809515 17.700000 45.600000 20.400000 82.300000 11.305530 41.900000 0.752587 -0.481723
507.362600 333.705960 34.227324 23.200000 46.600000 46.000000 50.200000 14.659840 45.800000 0.909573 -0.434287
611.448340 312.252310 48.932348 21.600000 41.100000 34.600000 68.700000 18.986850 43.100000 1.508905 -0.880353
702.681900 305.490510 56.525063 18.400000 51.500000 34.300000 61.800000 17.056740 44.700000 1.137591 -0.674937
692.504510 289.896470 58.137966 15.800000 56.500000 30.400000 63.300000 17.067620 43.200000 1.047895 -0.589458
601.998690 148.862160 75.272013 15.800000 40.700000 25.800000 83.800000 17.941250 38.800000 1.679903 -0.784358
554.977730 268.577030 51.605800 23.100000 40.900000 30.400000 71.600000 12.042290 46.600000 0.879466 -0.574135
513.763010 437.954440 14.755552 26.300000 30.300000 63.300000 46.600000 6.536910 41.800000 0.383356 -0.242420
490.091050 308.265630 37.100335 22.100000 41.200000 24.700000 78.000000 13.032850 42.200000 1.287812 -0.521055
626.820490 380.919000 39.229970 21.000000 44.000000 52.700000 48.300000 19.540100 42.500000 1.480692 -0.721757
596.029890 197.286380 66.899918 16.800000 54.900000 19.100000 75.200000 15.903340 44.900000 0.871873 -0.606352
527.314890 451.481360 14.381071 27.000000 35.900000 85.300000 19.900000 9.402780 44.500000 0.517080 -0.278247
527.539730 447.284320 15.213150 22.600000 28.200000 107.000000 9.600000 13.701540 35.800000 0.925492 -0.525310
504.907870 167.770080 66.772140 17.200000 46.400000 16.200000 86.200000 16.206600 41.500000 0.931969 -0.898973
482.008520 161.199320 66.556749 16.300000 38.300000 16.200000 95.200000 18.245990 35.500000 1.550542 -1.340642
502.787810 391.995100 22.035679 26.500000 38.600000 53.600000 47.400000 13.304280 45.600000 1.269783 -0.404669
725.673200 407.746290 43.811307 19.400000 44.500000 63.100000 39.000000 14.092410 43.900000 1.094569 -0.633017
529.259850 454.977360 14.035164 29.500000 34.400000 84.800000 19.800000 7.961500 47.100000 0.408501 -0.264581
638.088610 462.285570 27.551509 21.000000 38.000000 70.500000 37.400000 10.693860 40.200000 0.737985 -0.429839
594.486540 413.300360 30.477760 22.200000 42.200000 50.500000 51.200000 12.914420 42.900000 0.855838 -0.466248
520.443450 252.559800 51.472192 20.900000 61.700000 32.100000 51.300000 14.846940 50.200000 0.813862 -0.421342
554.756790 166.535330 69.980479 17.800000 38.900000 22.100000 87.200000 19.487800 38.800000 1.847369 -0.953072
562.406230 427.757550 23.941534 23.600000 48.800000 55.200000 38.800000 10.111050 47.300000 0.528467 -0.292204
553.720280 301.137200 45.615646 20.200000 46.000000 26.900000 72.900000 12.481380 43.300000 1.241676 -0.488984
614.171850 234.946860 61.745746 17.900000 42.000000 27.500000 78.600000 16.474420 40.100000 1.462329 -0.783958
470.619650 258.589470 45.053406 21.500000 44.100000 35.900000 64.500000 15.313880 42.900000 1.521003 -0.524789
630.121010 245.022010 61.115086 17.700000 40.200000 30.100000 78.000000 16.275520 39.400000 1.550564 -0.804445
571.998810 278.806070 51.257579 23.600000 59.400000 51.700000 31.400000 15.828420 55.800000 0.893299 -0.436584
511.789170 232.561450 54.559130 19.100000 47.600000 21.100000 78.200000 11.465170 43.400000 0.718651 -0.465180
536.095210 291.068010 45.705911 20.800000 57.700000 35.100000 52.400000 10.215640 50.100000 0.553273 -0.301577
485.851140 309.689330 36.258392 24.600000 38.000000 40.000000 63.400000 13.471000 45.000000 1.349754 -0.512645
486.537190 308.230680 36.648074 23.300000 37.800000 34.500000 70.400000 18.208650 41.500000 1.838113 -0.734465
616.666680 421.259550 31.687642 22.800000 38.900000 62.900000 41.500000 14.668220 43.000000 1.056176 -0.563833
682.126010 269.496440 60.491693 19.000000 50.600000 28.700000 67.700000 17.517330 45.600000 1.197415 -0.741544
536.661730 236.799530 55.875458 20.300000 43.300000 34.800000 67.600000 16.425370 43.500000 1.349663 -0.648405
531.622400 289.741610 45.498608 19.400000 39.500000 22.000000 85.100000 11.413990 39.600000 0.799381 -0.525703
504.703450 358.323240 29.003212 22.800000 40.900000 56.000000 46.300000 16.183940 42.000000 1.649925 -0.479277
518.930780 225.536680 56.538196 18.000000 58.400000 43.400000 46.200000 16.861320 43.900000 1.220594 -0.421796
479.462170 154.825310 67.708545 13.900000 35.900000 28.200000 88.000000 13.798800 31.700000 1.438455 -0.564860
546.681500 172.331420 68.476815 13.400000 49.900000 20.400000 82.300000 15.863010 37.700000 1.070125 -0.538538
639.405690 280.561300 56.121551 19.300000 46.300000 34.800000 65.600000 14.602540 44.300000 1.097392 -0.613208
454.714890 167.965090 63.061449 19.000000 43.300000 22.900000 80.800000 19.222300 40.200000 1.520777 -1.023556
498.595030 173.153760 65.271663 11.700000 49.800000 27.300000 77.200000 15.680530 33.700000 1.196446 -0.422379
597.089300 369.464410 38.122420 22.000000 47.900000 54.500000 41.600000 12.866660 46.300000 0.862179 -0.423638
558.368160 258.566090 53.692544 24.100000 44.300000 34.500000 63.100000 17.533670 48.800000 1.228789 -0.768606
531.428010 164.005190 69.138776 16.200000 43.100000 28.600000 78.100000 16.766050 38.800000 1.529590 -0.687104
620.993780 418.136610 32.666538 18.100000 44.800000 48.300000 54.900000 12.096240 39.200000 0.726920 -0.404624
534.110520 224.245030 58.015238 22.400000 56.500000 33.500000 53.600000 17.447590 50.800000 1.055567 -0.568049
501.524710 400.430450 20.157384 25.300000 38.400000 59.300000 43.100000 13.443310 43.300000 1.263593 -0.387041
496.815930 189.148220 61.927908 17.100000 54.400000 29.300000 65.200000 15.955260 42.200000 1.095457 -0.466703
598.536710 134.620210 77.508446 10.500000 43.100000 27.400000 85.000000 17.961790 33.400000 1.387288 -2.056180
507.726380 295.455800 41.808066 21.300000 54.300000 40.800000 49.600000 15.876020 46.500000 0.989000 -0.447845
568.350980 145.150260 74.461158 14.700000 44.600000 22.900000 83.800000 16.627690 39.500000 1.029100 -2.010060
527.625020 306.609540 41.888741 22.600000 49.200000 44.900000 49.300000 13.595620 47.800000 0.852024 -0.416126
655.509800 253.920730 61.263626 16.600000 53.500000 25.100000 70.800000 12.530700 45.100000 0.691599 -0.484569
616.247070 217.262020 64.744332 16.900000 55.800000 31.500000 61.800000 20.722290 43.800000 1.557196 -0.721724
485.763560 406.867350 16.241690 28.400000 39.700000 51.700000 46.300000 10.610390 47.400000 0.552652 -0.309318
555.194040 195.748490 64.742329 20.000000 41.000000 22.800000 82.200000 16.959270 42.200000 1.442028 -0.843030
770.840290 312.106310 59.510898 14.000000 52.000000 33.600000 66.400000 14.536270 40.300000 0.893733 -0.540615
607.254240 323.931610 46.656344 23.400000 52.500000 39.400000 50.700000 17.799790 50.400000 1.054781 -0.624541
562.770200 258.001110 54.155158 20.500000 40.200000 28.700000 76.600000 15.251840 41.900000 1.276541 -0.733056
486.749300 258.437820 46.905354 18.800000 54.000000 37.400000 55.800000 14.781340 42.800000 1.241532 -0.416276
520.403330 274.504650 47.251558 24.800000 46.800000 39.400000 55.000000 13.840600 51.300000 0.846104 -0.495371
464.699310 144.480740 68.908768 12.600000 34.900000 36.900000 81.600000 16.212600 29.100000 1.783698 -0.570461
535.413040 239.720970 55.226909 19.200000 52.900000 22.100000 71.800000 11.056410 46.600000 0.599153 -0.415466
754.550970 408.591400 45.849728 18.100000 45.700000 47.600000 54.700000 16.995670 41.100000 1.141353 -0.690038
520.449290 167.903860 67.738671 16.200000 47.700000 24.600000 77.500000 21.766280 39.400000 1.767129 -0.877671
489.028880 377.583280 22.789165 26.100000 33.000000 55.300000 51.600000 14.140700 42.800000 1.383425 -0.472460
488.686810 250.599570 48.719801 20.100000 41.500000 34.700000 69.700000 17.964140 39.900000 1.927706 -0.806793
399.450890 165.504870 58.566904 13.000000 45.900000 38.100000 69.000000 13.537880 32.200000 1.114762 -0.320518
410.911850 211.313120 48.574586 16.200000 49.500000 49.400000 50.900000 17.610330 34.700000 1.547412 -0.357259
513.163920 217.127150 57.688539 18.100000 41.700000 16.700000 89.500000 14.503440 39.100000 1.048982 -0.690560
673.524800 349.047640 48.175978 22.400000 47.000000 41.400000 55.200000 12.647600 49.400000 0.807733 -0.519891
631.448070 437.272590 30.750823 19.900000 39.400000 78.900000 28.100000 17.107350 38.500000 1.368635 -0.651431
372.725490 180.845030 51.480370 16.900000 56.300000 53.300000 39.500000 17.261150 39.700000 1.188761 -0.284852
560.483080 313.059390 44.144721 23.400000 48.900000 30.900000 62.800000 10.656060 50.100000 0.599016 -0.405314
597.807290 159.111290 73.384184 14.100000 42.300000 19.000000 90.600000 14.548310 37.800000 0.972788 -0.663886
559.598780 245.243790 56.175067 21.200000 57.500000 33.800000 53.500000 19.016500 49.500000 1.184116 -0.628469
693.442910 311.460460 55.084917 18.200000 50.800000 36.600000 60.400000 21.964930 43.000000 1.610957 -0.854251
512.493300 385.630540 24.754033 24.000000 36.500000 52.600000 52.900000 13.425020 41.600000 0.901782 -0.444587
571.171330 380.247660 33.426690 23.400000 35.000000 43.100000 64.500000 15.086600 41.200000 1.146661 -0.689366
558.246700 426.179830 23.657439 21.700000 38.000000 62.100000 44.300000 12.704960 39.100000 0.921033 -0.426089
519.826720 219.922730 57.693069 19.700000 42.700000 27.000000 76.600000 13.911630 42.600000 1.112707 -0.589969
499.969690 176.459510 64.705958 17.700000 49.000000 36.500000 62.800000 17.141280 42.100000 1.433427 -0.535906
490.474660 229.278150 53.253824 19.300000 46.900000 31.400000 68.400000 18.524160 41.000000 1.475663 -0.652477
513.498510 368.423760 28.252224 26.600000 42.600000 50.100000 46.800000 15.118900 48.100000 0.887626 -0.494817
506.030210 393.524190 22.233064 26.100000 34.500000 52.800000 52.700000 15.482200 42.700000 1.469369 -0.551299
393.234660 179.280190 54.408853 16.500000 44.600000 47.900000 57.000000 15.558230 35.200000 1.386136 -0.477828
538.636500 403.208790 25.142691 21.500000 41.200000 47.100000 56.300000 10.987400 40.500000 0.721713 -0.357504
578.012840 223.664130 61.304643 23.100000 63.900000 40.100000 38.900000 16.739640 56.500000 0.921230 -0.469558
434.473030 170.972530 60.648298 15.100000 49.700000 49.700000 51.500000 17.838570 36.100000 1.586661 -0.455570
642.849810 284.608770 55.727020 17.500000 41.200000 22.800000 84.500000 12.702380 39.900000 0.882056 -0.630671
517.860490 239.180930 53.813636 16.500000 55.800000 39.800000 53.900000 16.307990 40.500000 1.788740 -0.441391
712.392930 319.473450 55.154882 17.300000 44.600000 35.200000 68.900000 14.835500 41.000000 1.765529 -0.648579
535.232960 395.128930 26.176271 23.900000 45.300000 58.500000 38.400000 15.977700 45.100000 0.952495 -0.447594
608.622550 377.652360 37.949660 19.000000 44.900000 39.700000 62.400000 10.890480 41.100000 0.710912 -0.393404
555.388740 434.567760 21.754309 26.600000 41.400000 66.300000 32.300000 12.784450 47.400000 0.718412 -0.395616
559.094440 432.258480 22.685963 24.500000 35.000000 71.700000 35.100000 10.210110 42.700000 0.639034 -0.370642
579.630240 403.553170 30.377482 20.900000 36.400000 44.300000 64.400000 13.740310 38.500000 0.994413 -0.573445
512.200230 365.937230 28.555825 25.300000 46.400000 51.700000 42.600000 15.101050 48.100000 1.353107 -0.429170
496.401780 205.650870 58.571690 15.800000 57.200000 31.800000 61.200000 16.650960 40.200000 1.199583 -0.443676
655.413310 354.321540 45.939221 18.300000 50.800000 57.100000 39.700000 19.481580 42.000000 2.336356 -0.705009
612.720220 411.717480 32.804979 19.600000 43.500000 44.000000 58.900000 11.347150 40.900000 0.669038 -0.412663
519.683040 376.660130 27.521181 25.000000 43.500000 54.600000 42.900000 16.271860 45.600000 0.986664 -0.500270
634.340300 385.376580 39.247659 24.600000 49.500000 46.800000 45.200000 10.434140 53.100000 0.564847 -0.363845
590.063210 309.549070 47.539676 19.600000 48.800000 28.900000 68.700000 13.772660 44.100000 0.874538 -0.517226
562.885450 229.984610 59.141845 18.300000 46.500000 18.100000 83.100000 12.815720 42.800000 0.750563 -0.572234
583.590320 142.273280 75.621035 11.500000 45.200000 23.100000 86.200000 18.425590 36.100000 1.126309 -0.905502
713.733620 461.295470 35.368679 18.900000 41.200000 89.000000 17.700000 15.813340 40.000000 1.175865 -0.644820
591.299390 251.072080 57.538925 15.900000 50.200000 29.300000 70.600000 17.789120 38.900000 1.347587 -0.620696
548.252120 403.218850 26.453755 22.600000 30.400000 53.000000 60.000000 15.497380 37.400000 1.265675 -0.688015
509.606480 347.731480 31.764706 25.100000 46.200000 50.900000 43.800000 12.812340 49.100000 1.117188 -0.371632
512.243030 358.175030 30.077130 26.500000 36.400000 41.900000 61.200000 13.609200 45.800000 1.350836 -0.541442
523.880910 213.332320 59.278470 16.400000 51.700000 34.800000 63.100000 18.339480 39.800000 1.504993 -0.558122
674.905040 190.073830 71.836952 16.400000 48.800000 27.100000 73.700000 23.505200 41.100000 2.056221 -0.992195
476.040630 148.743150 68.754106 15.600000 40.000000 23.900000 86.500000 14.372790 36.500000 1.126973 -0.556159
622.174290 324.521130 47.840800 21.600000 59.200000 58.400000 27.100000 17.667640 52.500000 1.095693 -0.487115
520.691840 151.173560 70.966789 14.600000 40.900000 18.000000 92.400000 21.088740 35.400000 1.698476 -1.582811
593.296430 370.307670 37.584713 21.000000 42.500000 45.000000 57.600000 15.775450 41.800000 1.174453 -0.588946
512.993090 181.692170 64.581946 19.700000 38.100000 21.400000 86.800000 16.339560 40.300000 1.494434 -0.833530
637.687310 224.275290 64.829896 16.400000 50.600000 27.300000 71.700000 22.534100 40.500000 1.795733 -0.872898
612.992270 156.418910 74.482727 13.100000 46.800000 22.800000 83.300000 15.103710 38.400000 1.002384 -0.753608
553.697650 447.063930 19.258474 23.100000 39.700000 59.000000 44.700000 8.487750 41.900000 0.512580 -0.287698
441.205200 164.737470 62.661938 14.400000 52.600000 27.900000 71.100000 14.904740 37.800000 1.003300 -0.848802
549.496780 288.211450 47.549929 21.900000 47.000000 28.100000 69.000000 13.347620 46.000000 0.832853 -0.526728
531.172090 368.645040 30.597814 24.700000 55.700000 42.700000 42.900000 9.359630 52.600000 0.459228 -0.263223
552.421840 333.434520 39.641322 29.800000 49.000000 46.400000 40.700000 14.249990 59.000000 0.681020 -0.465803
612.993670 274.464440 55.225567 17.200000 49.900000 40.500000 58.500000 15.709460 41.400000 1.263717 -0.546613
631.307410 237.935890 62.310613 16.800000 49.200000 33.400000 66.600000 13.583070 43.500000 1.044097 -0.507989
417.963180 146.719710 64.896499 8.700000 41.000000 40.700000 75.600000 14.651770 27.200000 1.078742 -0.694519
503.208090 220.121120 56.256443 17.900000 48.300000 19.200000 80.600000 14.369400 41.200000 0.899876 -0.550206
634.130330 228.929750 63.898628 16.700000 55.300000 29.200000 64.800000 20.373180 43.000000 1.433423 -0.724887
530.781740 358.052360 32.542450 23.300000 38.400000 37.700000 66.700000 11.451920 43.000000 0.791941 -0.449587
363.935910 155.094780 57.384041 13.000000 38.900000 53.400000 60.700000 13.906970 28.900000 1.333240 -0.298324
662.015740 231.739390 64.994882 20.800000 56.400000 42.000000 46.600000 18.546660 51.100000 1.347096 -0.634360
497.976170 168.376500 66.187840 16.300000 48.100000 23.200000 78.400000 14.252640 40.500000 0.980933 -0.492780
753.741910 435.628100 42.204607 19.400000 43.400000 54.100000 49.200000 15.121010 42.000000 1.065586 -0.645127
512.717430 440.983470 13.990935 27.400000 40.700000 86.500000 12.200000 12.719630 46.800000 0.680302 -0.292759
519.439870 437.129160 15.846052 28.900000 39.900000 81.700000 16.300000 13.720740 48.400000 0.697735 -0.378905
680.404820 185.801160 72.692557 16.100000 49.700000 17.700000 82.500000 13.833560 44.600000 0.731517 -0.652429
496.882950 365.218690 26.498043 23.900000 44.000000 34.500000 63.600000 8.310760 45.700000 0.469872 -0.271638
739.600460 360.474280 51.260944 15.900000 59.000000 48.600000 42.400000 13.267260 45.300000 0.853326 -0.400210
408.738250 171.759390 57.978146 16.200000 48.000000 37.100000 64.700000 20.267630 35.900000 1.728139 -0.492776
560.884260 386.558710 31.080485 22.600000 50.000000 58.300000 35.100000 16.227600 46.300000 0.985229 -0.442458
528.702760 160.967030 69.554343 16.600000 48.700000 23.300000 77.400000 12.919190 42.800000 0.802269 -0.455507
580.857140 378.093150 34.907721 22.400000 52.800000 41.900000 48.900000 12.245610 48.300000 0.653090 -0.376816
515.030710 163.896830 68.177270 17.400000 55.100000 27.600000 65.900000 16.961900 45.300000 1.067325 -0.778013
642.443080 155.251990 75.834125 15.400000 48.200000 35.700000 66.700000 16.885120 41.600000 1.454395 -0.543564
501.667380 230.228260 54.107389 20.600000 41.600000 21.300000 82.500000 14.097450 42.000000 1.047233 -0.662288
555.469260 277.259620 50.085515 17.800000 46.000000 38.300000 63.900000 19.436060 38.700000 1.663543 -0.685088
519.409740 370.078930 28.750098 23.500000 33.600000 40.600000 68.300000 13.204050 40.300000 0.979417 -0.551714
535.470340 156.888770 70.700754 15.000000 45.900000 28.100000 77.100000 24.050920 37.200000 2.199181 -0.815883
500.444900 192.192540 61.595664 19.200000 58.100000 43.900000 44.800000 17.866100 46.600000 1.260293 -0.454166
625.246010 315.280310 49.574998 20.000000 45.700000 40.000000 60.300000 16.163950 44.000000 1.224832 -0.632009
472.112210 155.714300 67.017523 16.200000 41.500000 19.100000 89.200000 13.746630 38.100000 0.903980 -0.573347
489.350220 439.922730 10.100637 32.100000 37.800000 67.000000 29.900000 6.041730 51.100000 0.256668 -0.159809
583.000330 249.269170 57.243734 19.700000 51.300000 29.600000 65.500000 17.399620 45.600000 1.196013 -0.654736
494.711680 402.549370 18.629500 26.600000 33.700000 44.500000 61.200000 8.205250 43.500000 0.492506 -0.298872
504.257250 346.489980 31.287060 29.600000 49.500000 43.700000 43.200000 13.181770 55.800000 1.188947 -0.398948
561.065880 192.304670 65.725118 14.000000 49.900000 15.900000 86.200000 17.441680 38.100000 1.061622 -0.665551
519.801000 238.724210 54.073923 20.400000 51.400000 30.800000 63.400000 14.315320 46.000000 0.963488 -0.509074
518.866570 264.918610 48.942826 19.800000 41.800000 25.200000 79.200000 16.144580 40.100000 1.743780 -0.683339
659.872850 180.277740 72.679928 34.400000 58.800000 25.600000 46.500000 15.458570 65.200000 0.888438 -0.526015
395.907110 158.873310 59.871064 11.900000 45.600000 40.200000 68.300000 12.886880 31.500000 1.012773 -0.362498
561.628360 435.279210 22.496932 22.300000 33.600000 65.300000 45.100000 7.923090 39.900000 0.520273 -0.306503
648.649360 342.462470 47.203760 19.500000 45.900000 52.500000 48.000000 15.468150 44.200000 1.228778 -0.570074
501.082640 226.320660 54.833666 20.000000 52.400000 38.400000 55.200000 13.643720 46.200000 0.925309 -0.394763
542.977980 393.092420 27.604353 21.600000 45.100000 39.500000 59.800000 9.302090 43.200000 0.546307 -0.299956
506.512110 293.911810 41.973389 20.900000 42.600000 33.200000 69.300000 10.874060 40.000000 0.891513 -0.404129
527.723170 257.814460 51.145890 21.600000 51.900000 34.700000 57.800000 14.961470 47.300000 0.963168 -0.513273
495.902320 325.392620 34.383727 27.000000 40.200000 41.000000 57.800000 16.082390 48.200000 1.516047 -0.605478
483.785650 147.861750 69.436516 15.600000 41.000000 40.400000 69.000000 18.158550 35.800000 1.661717 -0.513379
639.511900 330.349400 48.343510 19.200000 40.600000 40.100000 66.100000 17.767150 38.900000 1.912742 -0.775279
575.267350 323.679310 43.734107 22.000000 41.100000 36.100000 66.800000 14.306110 43.400000 1.069958 -0.897372
497.130470 342.674080 31.069588 23.500000 47.100000 49.500000 45.800000 15.546500 45.500000 1.240937 -0.448646
505.450180 158.523500 68.637166 14.700000 43.200000 21.500000 86.600000 17.172780 36.500000 1.296167 -0.650254
459.914870 161.826360 64.813845 13.100000 41.300000 24.000000 87.600000 13.070680 33.000000 1.026691 -0.448152
546.424020 324.413410 40.629731 24.800000 42.700000 39.000000 59.500000 15.494650 47.700000 1.019223 -0.619484
656.457950 408.444350 37.780577 24.000000 44.600000 58.500000 38.900000 15.398400 49.000000 0.965024 -0.573529
530.386990 339.634790 35.964721 20.000000 33.800000 23.700000 88.500000 9.721660 37.500000 0.697452 -0.490443
547.812940 211.931040 61.313247 21.800000 56.300000 32.600000 55.300000 18.594940 50.400000 1.156336 -0.609781
731.178180 361.438930 50.567599 20.700000 47.800000 48.700000 48.800000 16.741040 47.400000 1.237671 -0.691106
510.397600 297.985130 41.617059 26.600000 47.800000 36.500000 55.100000 11.810300 53.300000 1.145944 -0.416076
628.287880 440.753750 29.848440 19.500000 33.600000 87.200000 24.700000 15.134870 37.100000 1.197551 -0.660590
572.422230 375.659680 34.373674 25.500000 45.400000 40.800000 54.300000 10.633740 50.000000 0.580983 -0.389157
790.968750 376.845470 52.356465 15.400000 56.400000 39.000000 55.300000 17.731440 42.800000 1.008461 -0.645376
503.129950 408.559260 18.796474 23.600000 30.400000 54.400000 57.600000 14.911440 37.300000 1.612023 -0.570471
563.778530 419.437030 25.602518 24.400000 38.800000 57.300000 45.600000 12.254530 44.000000 0.772297 -0.427676
551.564760 254.347910 53.886120 19.500000 50.900000 36.900000 58.700000 14.732500 45.500000 1.047401 -0.500867
564.513180 248.575530 55.966390 18.700000 48.400000 24.000000 74.900000 13.708620 43.200000 0.873693 -0.550238
555.162100 236.521100 57.396029 19.800000 65.300000 48.900000 31.800000 18.039610 51.000000 1.105153 -0.441075
641.349040 333.235890 48.041414 18.500000 43.800000 32.400000 71.300000 17.960710 39.900000 1.294750 -0.742614
509.408680 268.986590 47.196308 23.300000 46.600000 26.300000 69.800000 9.277820 48.900000 0.839199 -0.377246
618.989400 327.460670 47.097532 20.800000 53.000000 36.500000 55.700000 14.526140 47.500000 0.864879 -0.500822
516.708060 176.625590 65.817141 20.000000 37.500000 21.600000 86.900000 17.178450 40.600000 1.613386 -0.893507
606.896310 438.358710 27.770411 25.600000 44.000000 63.500000 33.300000 10.761230 49.700000 0.608072 -0.352153
553.094950 168.958760 69.452124 17.100000 55.100000 31.400000 62.400000 16.062980 44.600000 1.118901 -0.478904
568.069610 163.830780 71.160087 14.800000 50.800000 21.900000 78.500000 18.392330 40.800000 1.246064 -0.807505
602.239930 215.993000 64.135058 17.300000 42.100000 17.000000 89.600000 12.752570 40.600000 0.866598 -0.674067
560.597660 262.693220 53.140507 19.400000 46.500000 24.800000 75.300000 12.765250 43.400000 0.854631 -0.527126
562.039770 330.124470 41.263148 19.900000 35.600000 27.900000 82.600000 10.807260 38.900000 0.836974 -0.529569
701.124830 412.796010 41.123750 17.400000 50.400000 77.400000 20.900000 20.125930 40.200000 1.645994 -0.606245
487.577910 378.468590 22.377823 27.900000 32.100000 41.000000 65.000000 8.161380 45.300000 0.497459 -0.331592
615.181680 226.491990 63.182910 15.300000 46.500000 23.000000 81.200000 19.930690 37.300000 1.570271 -0.800952
552.624540 428.194800 22.516145 22.400000 31.600000 55.800000 56.400000 10.376810 37.800000 0.765403 -0.442310
639.355200 456.555430 28.591270 21.300000 41.300000 84.700000 19.500000 12.848580 42.400000 0.900857 -0.427872
728.185740 306.321450 57.933610 18.800000 47.700000 29.500000 70.000000 13.578840 45.800000 0.872131 -0.616604
590.972810 305.794540 48.255734 22.600000 55.000000 35.800000 52.600000 11.720940 52.300000 0.655450 -0.411184
525.800320 302.282450 42.510029 20.000000 44.200000 35.400000 66.400000 17.819970 40.500000 1.376634 -0.636608
565.262730 360.785220 36.173889 23.900000 45.800000 37.800000 58.500000 14.092380 47.200000 0.858334 -0.516895
531.966500 414.060990 22.164086 24.900000 37.200000 53.600000 50.300000 9.235170 43.400000 0.577734 -0.326256
549.336810 375.505420 31.643863 27.000000 35.600000 42.000000 61.400000 11.697600 47.300000 0.736983 -0.512135
502.508520 282.910910 43.700276 20.100000 49.300000 31.100000 65.500000 13.415750 43.100000 0.888062 -0.438287
538.014190 231.901380 56.896791 18.800000 49.300000 24.900000 73.000000 12.420220 44.000000 0.811696 -0.479636
520.508030 264.812340 49.124255 22.400000 66.100000 37.700000 39.800000 13.185250 54.200000 1.019081 -0.334926
544.230640 279.513210 48.640670 19.800000 49.400000 26.200000 70.600000 10.897700 45.100000 0.646451 -0.407018
556.765570 286.238400 48.589062 17.200000 42.000000 20.500000 86.300000 14.758980 37.700000 0.950112 -0.613669
523.933770 185.998980 64.499524 17.100000 48.200000 28.400000 72.300000 14.441180 41.900000 1.069838 -0.490371
650.301060 401.070090 38.325475 22.000000 49.600000 55.700000 38.700000 14.746340 47.500000 0.935139 -0.489478
592.132280 372.719440 37.054700 20.500000 38.000000 40.800000 66.700000 14.555450 39.300000 1.125636 -0.614667
571.837680 433.170120 24.249462 29.300000 42.900000 75.200000 18.800000 14.731990 53.000000 0.716351 -0.459685
429.024620 162.312000 62.167206 16.300000 47.300000 30.800000 71.600000 17.848940 37.900000 1.389911 -0.492369
497.411620 159.462140 67.941613 16.000000 51.400000 31.200000 67.300000 16.581120 41.400000 1.189329 -0.455800
624.090930 334.385880 46.420327 22.100000 41.400000 35.000000 67.500000 12.340650 45.100000 0.862941 -0.569399
541.528940 340.883180 37.051715 23.100000 53.000000 59.200000 30.800000 15.857560 49.900000 0.969934 -0.412173
578.349170 392.938670 32.058575 26.000000 47.200000 62.100000 30.800000 16.574710 50.000000 0.934841 -0.521170
578.843040 166.291260 71.271787 14.800000 50.100000 22.600000 78.500000 18.174000 39.700000 1.314100 -0.644121
575.767760 194.184460 66.273822 15.700000 51.400000 49.000000 49.800000 17.508450 41.100000 1.653910 -0.472157
582.419830 206.550060 64.535881 17.900000 61.700000 32.900000 53.400000 13.079730 49.300000 0.784723 -0.381409
643.254780 348.759860 45.782003 20.400000 54.700000 41.100000 49.800000 14.632000 48.100000 0.897229 -0.485963
527.011460 282.134830 46.465143 20.700000 59.100000 42.400000 43.800000 16.441160 48.400000 1.006138 -0.444660
630.199550 332.773020 47.195611 18.900000 48.600000 58.800000 39.700000 19.806980 41.900000 2.221999 -0.659492
651.213300 305.319510 53.115283 16.700000 60.200000 62.300000 26.500000 18.139440 44.600000 1.405410 -0.469876
604.551990 267.592590 55.737043 21.400000 43.800000 30.400000 70.400000 15.595810 45.500000 1.172595 -0.720597
740.572960 374.539770 49.425676 18.400000 48.700000 43.600000 55.300000 18.901700 42.700000 1.248611 -0.745006
497.779210 336.360850 32.427702 27.400000 46.800000 47.100000 44.700000 16.355690 51.000000 0.875908 -0.495220
502.085060 178.079670 64.531972 14.400000 49.000000 21.800000 80.800000 14.746680 37.800000 1.024583 -0.492110
492.505800 352.445150 28.438376 24.800000 40.900000 55.000000 45.300000 15.033390 45.700000 1.496385 -0.428336
698.344420 308.398180 55.838671 19.200000 41.100000 36.300000 69.400000 18.812150 41.800000 2.209920 -0.932820
699.260560 273.820250 60.841457 18.200000 40.400000 27.300000 80.100000 14.016760 41.400000 1.143450 -0.762080
596.730870 386.459600 35.237203 23.000000 53.600000 49.900000 39.500000 15.722570 49.500000 0.884561 -0.461200
520.149990 344.065790 33.852582 23.000000 37.000000 37.500000 68.500000 12.391120 41.500000 0.925877 -0.522026
520.694310 299.058780 42.565384 19.800000 53.700000 49.100000 43.400000 17.807560 43.300000 1.225276 -0.457838
492.988690 355.755110 27.837065 23.000000 44.800000 30.800000 67.400000 9.700460 44.500000 0.563824 -0.324017
658.789420 385.672010 41.457468 22.100000 41.000000 40.900000 62.000000 12.308290 45.100000 1.346433 -0.552531
599.461210 360.700120 39.829281 21.500000 53.700000 49.000000 41.800000 11.554170 49.800000 0.654790 -0.333259
536.463090 434.698430 18.969555 23.800000 26.900000 61.600000 53.900000 10.559750 37.000000 0.818302 -0.479016
479.706830 274.203780 42.839300 24.000000 49.200000 52.300000 40.500000 15.496150 49.800000 1.545467 -0.409438
752.592490 371.440090 50.645257 20.700000 46.200000 52.300000 46.900000 18.629730 47.100000 1.440133 -0.790273
625.799770 238.077050 61.956354 19.400000 40.800000 24.300000 81.500000 14.440160 42.900000 1.197183 -0.755850
484.704680 386.205850 20.321411 27.600000 38.300000 41.600000 58.600000 7.331200 47.600000 0.387905 -0.237471
647.566170 368.876130 43.036535 19.900000 48.100000 55.800000 42.200000 19.496910 42.800000 1.492724 -0.689759
513.337040 190.116180 62.964648 15.400000 51.400000 25.700000 73.500000 17.746710 39.000000 1.347894 -0.574463
626.896160 175.363180 72.026758 17.300000 46.400000 24.000000 78.300000 13.902210 44.000000 1.015239 -0.608414
413.668550 284.856420 31.138971 27.800000 54.200000 64.700000 19.200000 13.932380 57.800000 0.663620 -0.263839
494.542020 402.537350 18.604015 24.500000 28.000000 50.800000 62.700000 13.036450 37.500000 1.398235 -0.535386
702.816020 266.062210 62.143406 17.700000 52.000000 32.100000 64.200000 22.852180 43.200000 1.679300 -0.915616
510.147140 278.629040 45.382613 22.700000 39.500000 26.300000 77.500000 10.338330 44.000000 0.715659 -0.478316
661.433090 276.595010 58.182466 15.800000 47.000000 31.700000 71.500000 19.226130 38.200000 1.535616 -0.754801
468.155910 401.354300 14.269095 31.300000 36.900000 63.000000 34.900000 12.320690 49.500000 0.611284 -0.309463
526.224010 373.349600 29.051204 26.200000 42.400000 52.800000 44.600000 15.455980 47.400000 0.899983 -0.495654
490.135300 269.434290 45.028589 22.800000 42.100000 27.700000 73.400000 11.528830 45.000000 1.211970 -0.483074
750.443370 239.431330 68.094684 17.200000 51.300000 33.600000 63.900000 18.081770 45.500000 1.417160 -0.775578
548.308010 262.484800 52.128221 19.500000 43.600000 31.500000 71.400000 17.251340 41.000000 1.394842 -0.695091
557.852800 364.025820 34.745184 23.800000 43.300000 46.400000 52.500000 17.786660 45.400000 1.165716 -0.625194
537.858240 309.424600 42.470975 23.300000 40.300000 33.300000 69.100000 16.582840 43.800000 1.205861 -0.714216
576.775990 277.515100 51.885116 18.200000 57.500000 38.900000 51.400000 14.183570 46.100000 0.928082 -0.422043
586.846780 280.318080 52.233174 19.100000 48.000000 33.900000 65.000000 18.420540 42.500000 1.926071 -0.701069
615.261000 199.897360 67.510153 18.200000 42.500000 21.500000 83.800000 16.452340 41.400000 1.352104 -0.816442
685.718810 400.192150 41.639030 24.900000 49.600000 60.800000 30.700000 14.984060 53.000000 0.883964 -0.536153
649.947320 402.523390 38.068305 19.400000 40.600000 57.800000 48.200000 17.283200 38.900000 1.450091 -0.678456
511.780620 278.361370 45.609240 20.900000 41.000000 22.500000 81.600000 11.932870 41.800000 1.215608 -0.530538
526.041840 239.674740 54.438084 22.100000 42.100000 31.700000 70.100000 15.647260 45.700000 1.211523 -0.676966
679.339120 150.332620 77.870755 13.200000 48.500000 21.000000 83.300000 20.254380 39.000000 1.403353 -0.821851
715.944130 328.028500 54.182389 18.600000 40.300000 31.700000 75.400000 14.532590 40.600000 1.094324 -0.748243
538.623690 375.151850 30.349916 23.000000 36.300000 47.800000 58.900000 17.820650 40.300000 1.355133 -0.705161
607.238640 373.663040 38.465207 21.800000 35.100000 39.600000 69.500000 11.361760 41.300000 0.905237 -0.557336
487.751130 413.255570 15.273273 28.300000 36.300000 56.300000 45.200000 9.393610 46.100000 0.898100 -0.262932
500.818900 419.525700 16.232055 27.700000 45.000000 79.700000 14.200000 14.272880 49.900000 1.192021 -0.296608
488.545670 400.923050 17.935400 24.900000 30.700000 44.800000 65.600000 8.479090 39.700000 0.560658 -0.323934
527.564040 300.869980 42.969961 20.000000 30.800000 24.400000 90.800000 11.296900 36.600000 1.030513 -0.660414
509.239300 367.422190 27.848815 26.300000 34.100000 48.400000 57.200000 15.903090 44.000000 1.524976 -0.624497
747.855220 222.795340 70.208760 16.300000 45.400000 22.100000 82.200000 14.185000 42.600000 0.967340 -0.744450
542.237540 385.461590 28.912781 24.300000 36.700000 48.300000 56.700000 11.618530 43.200000 1.151081 -0.462899
678.512410 220.743220 67.466591 16.100000 51.600000 24.500000 73.800000 20.298200 41.600000 1.442071 -0.817195
589.711080 352.647100 40.200021 21.300000 46.200000 33.300000 65.200000 10.918070 45.300000 0.659436 -0.418483
499.795820 252.480940 49.483183 22.600000 47.500000 27.000000 68.900000 11.860060 47.600000 0.907054 -0.458996
540.066920 460.040380 14.817893 27.400000 33.300000 89.200000 17.600000 8.131730 44.400000 0.453443 -0.264923
597.810820 151.779490 74.610782 14.700000 54.900000 31.000000 65.400000 20.780550 41.800000 1.585915 -0.753132
581.828490 368.896740 36.596996 22.200000 54.000000 43.500000 46.300000 12.646180 48.900000 0.723511 -0.380855
480.696030 379.314230 21.090626 24.800000 29.500000 39.200000 72.600000 11.127070 39.200000 1.328322 -0.466447
541.357440 386.398050 28.624228 24.300000 41.900000 55.400000 44.400000 12.583890 46.000000 0.791915 -0.392458
527.501010 308.025010 41.606745 21.800000 36.500000 30.500000 77.200000 12.166750 41.200000 1.442524 -0.570133
479.382230 241.098620 49.706392 19.200000 52.000000 35.800000 59.000000 15.799980 42.900000 1.134223 -0.469959
438.420970 240.519000 45.139714 19.200000 55.600000 50.500000 40.700000 17.281530 42.500000 1.209141 -0.369937
535.891490 206.711500 61.426613 19.300000 53.900000 27.500000 65.300000 16.843500 45.700000 1.114512 -0.581314
546.219940 361.004580 33.908568 24.400000 36.900000 49.900000 54.800000 14.152260 44.200000 1.027032 -0.578126
526.160490 361.243720 31.343435 23.800000 33.800000 46.400000 62.000000 15.897630 41.100000 1.210885 -0.653722
534.241880 327.867410 38.629407 23.400000 39.000000 29.500000 74.100000 9.654720 44.600000 0.628995 -0.431223
478.254950 412.243910 13.802479 29.500000 29.100000 54.600000 52.800000 10.104590 44.500000 1.017221 -0.321204
625.238840 421.988010 32.507710 21.300000 38.700000 62.700000 43.400000 15.423960 40.400000 1.195125 -0.604119
467.077700 253.482340 45.730156 22.800000 46.400000 39.600000 57.200000 16.204180 46.200000 1.377264 -0.522441
723.903260 396.400120 45.241285 21.900000 55.200000 50.600000 38.300000 18.874800 49.800000 1.144667 -0.655731
497.163200 233.096920 53.114607 19.500000 42.800000 19.300000 84.400000 15.621380 40.500000 1.097927 -0.685903
554.263140 216.005640 61.028323 18.500000 57.300000 29.200000 61.000000 12.437800 47.600000 0.737168 -0.408985
570.951670 444.270410 22.187738 24.100000 37.400000 91.200000 15.400000 12.616970 42.800000 0.757585 -0.446152
604.421830 239.130460 60.436495 18.400000 52.400000 27.100000 68.100000 17.823930 44.400000 1.202561 -0.672944
712.475270 409.095740 42.581061 17.800000 43.200000 49.400000 55.600000 14.483860 39.400000 1.005785 -0.579714
651.877880 207.235890 68.209400 15.600000 61.100000 24.000000 65.300000 16.156860 46.500000 0.874954 -0.553311
619.886780 410.009840 33.857302 23.700000 46.100000 61.000000 35.200000 17.762870 46.800000 1.145634 -0.618254
525.275330 170.131910 67.610908 17.700000 43.300000 19.000000 86.000000 12.783380 41.400000 0.875971 -0.572359
511.174140 216.879330 57.572320 16.700000 61.300000 49.100000 38.800000 17.271180 43.600000 1.294188 -0.396914
556.174560 472.022400 15.130530 26.300000 36.000000 92.700000 13.700000 11.185890 43.600000 0.665989 -0.353838
493.736500 189.797490 61.558951 16.500000 49.700000 26.300000 73.500000 13.538630 40.600000 0.967341 -0.437620
518.233620 203.096230 60.809908 20.000000 39.400000 22.300000 84.300000 17.058010 40.700000 1.496807 -0.849072
578.087840 184.652440 68.058065 16.700000 36.300000 15.700000 97.300000 13.927920 37.200000 1.213985 -0.858004
496.119720 391.743030 21.038609 27.000000 30.100000 53.500000 55.400000 13.642680 42.100000 1.429442 -0.540009
623.887110 366.355450 41.278567 19.600000 42.800000 45.200000 58.400000 19.985890 39.900000 1.581041 -0.768221
498.712230 280.923940 43.670132 20.800000 41.000000 30.300000 73.900000 12.075860 41.500000 1.307829 -0.485359
680.627080 272.723100 59.930613 17.900000 52.500000 25.900000 69.800000 17.500200 44.600000 0.996764 -0.693657
495.593780 306.680120 38.118650 24.400000 47.500000 39.300000 54.800000 17.098300 47.900000 1.489481 -0.556705
605.187460 447.912110 25.987873 23.800000 39.500000 87.500000 17.100000 13.829770 44.200000 0.846132 -0.508553
568.034920 424.425350 25.281821 22.100000 40.400000 47.100000 56.700000 9.735880 42.100000 0.567995 -0.362001
539.691130 190.332520 64.733065 16.400000 53.400000 20.000000 76.200000 13.283110 43.700000 0.757202 -0.479803
696.608020 332.380910 52.285805 18.000000 46.100000 30.600000 71.300000 12.758670 42.700000 0.783699 -0.551231
784.657030 294.372530 62.483924 15.300000 48.300000 45.300000 57.100000 18.227740 41.200000 2.321629 -0.751083
600.709280 389.679730 35.130063 23.300000 54.300000 58.100000 30.400000 13.831330 51.300000 0.754268 -0.375351
713.015780 362.555390 49.151842 24.000000 57.100000 46.400000 38.500000 18.024220 54.600000 1.035316 -0.668513
519.304940 292.061680 43.759118 20.300000 51.700000 47.200000 46.800000 17.097340 43.500000 1.212058 -0.480078
468.025080 157.907930 66.260797 12.500000 49.500000 34.000000 70.000000 14.297640 36.000000 0.953848 -0.421584
714.006720 251.475930 64.779613 14.000000 54.100000 22.200000 75.700000 18.826610 40.100000 2.282748 -0.692854
566.844430 317.573750 43.975149 20.200000 39.300000 25.200000 81.300000 12.665400 40.500000 0.898426 -0.588422
522.446840 391.920450 24.983669 24.800000 35.000000 54.200000 52.100000 15.608840 41.700000 1.074160 -0.568556
504.300560 222.509850 55.877533 21.700000 49.700000 39.700000 54.900000 16.865180 48.100000 1.144706 -0.534408
665.627800 333.772000 49.856061 20.300000 49.200000 46.300000 50.200000 18.195430 45.900000 1.344952 -0.688604
434.990160 162.267140 62.696365 13.100000 50.300000 43.900000 58.700000 16.618240 35.400000 1.265826 -0.362855
660.218380 170.623430 74.156516 14.800000 41.000000 20.800000 89.400000 16.957320 37.700000 1.548810 -0.850497
541.125990 432.896190 20.000850 23.300000 29.800000 63.100000 50.100000 11.295230 37.800000 0.813797 -0.488074
572.080040 391.129080 31.630357 24.200000 45.300000 52.300000 44.200000 13.575430 47.000000 0.845729 -0.466031
544.454770 375.637470 31.006671 22.100000 31.100000 35.100000 77.700000 9.668370 38.600000 0.763080 -0.487496
513.521010 274.075390 46.628203 22.900000 51.700000 31.600000 59.800000 15.688490 48.300000 0.938051 -0.531953
487.308720 419.203230 13.975841 29.300000 31.400000 62.500000 42.900000 12.070880 44.300000 0.676524 -0.386808
548.874890 328.303300 40.186132 19.000000 37.200000 25.600000 84.200000 9.669800 38.300000 0.685930 -0.446661
623.945190 215.020640 65.538537 15.400000 50.400000 26.700000 73.500000 13.590790 41.300000 0.954503 -0.508787
479.498380 246.571930 48.577109 20.900000 45.800000 28.300000 71.000000 14.176970 43.300000 1.443061 -0.525483
726.742370 282.503820 61.127377 14.900000 61.700000 31.700000 57.700000 14.001550 46.000000 0.719953 -0.463393
511.434970 357.567050 30.085530 23.700000 44.700000 38.600000 59.000000 14.062820 45.200000 1.466830 -0.457198
730.460340 383.499370 47.498947 24.100000 56.200000 54.900000 30.800000 17.112050 54.800000 0.969406 -0.584279
495.645080 409.096070 17.461892 27.900000 31.300000 60.600000 46.300000 13.046550 43.600000 0.800193 -0.422766
677.540750 451.393130 33.377715 21.200000 45.900000 68.700000 30.900000 13.143950 44.300000 0.783388 -0.480016
611.177230 211.040930 65.469766 15.200000 46.700000 18.100000 86.000000 16.546990 38.600000 1.112181 -0.708816
543.867060 370.940230 31.795790 21.300000 38.300000 52.100000 54.300000 15.042170 39.500000 1.166782 -0.528398
548.251230 397.938950 27.416679 26.500000 40.100000 48.500000 51.000000 12.905220 47.200000 0.740750 -0.468248
445.909010 191.288920 57.101356 20.100000 48.100000 42.600000 55.200000 14.683520 43.500000 1.086049 -0.371652
570.937770 303.622950 46.820308 18.700000 47.500000 28.900000 70.900000 13.250870 41.800000 0.848532 -0.490437
723.451610 265.304780 63.327916 15.900000 48.700000 38.000000 63.400000 17.974920 41.100000 1.548152 -0.738703
749.960820 441.589950 41.118264 18.200000 43.000000 71.400000 33.500000 17.841170 39.600000 1.411503 -0.713133
509.696390 211.548350 58.495223 19.200000 44.500000 24.800000 77.500000 16.092340 41.200000 1.270314 -0.660923
549.581910 344.534150 37.309772 20.800000 49.600000 47.300000 48.300000 15.770190 43.600000 1.056623 -0.464219
582.023600 281.884590 51.568186 19.000000 38.200000 28.000000 80.900000 13.962540 39.000000 1.189872 -0.686799
489.598380 173.166190 64.630972 14.800000 47.000000 37.700000 66.500000 17.668020 36.500000 1.608132 -0.525687
485.595080 193.204800 60.212776 18.400000 55.300000 35.900000 56.400000 20.166870 43.600000 1.446726 -0.544664
603.974060 223.234960 63.038982 20.500000 40.400000 19.900000 85.200000 14.557590 43.600000 1.110182 -0.802612
493.324170 432.095610 12.411425 26.800000 26.400000 73.000000 40.200000 14.885040 38.500000 1.590741 -0.533240
661.345420 315.407870 52.308149 19.700000 55.200000 39.000000 52.100000 14.690660 47.800000 0.899108 -0.502600
550.180570 326.162590 40.717174 20.700000 44.000000 34.900000 66.400000 17.559700 41.500000 1.277721 -0.647896
693.781470 226.805900 67.308741 16.700000 49.100000 29.500000 70.700000 18.071390 42.600000 1.454995 -0.771743
524.413820 419.202870 20.062581 24.600000 34.700000 48.500000 58.300000 9.573380 41.700000 0.591161 -0.349429
501.066200 303.895430 39.350244 25.100000 43.300000 34.100000 63.500000 14.924070 47.200000 1.327310 -0.573463
638.763670 168.822110 73.570490 15.300000 57.800000 26.100000 66.800000 17.124460 44.900000 1.031552 -0.540112
479.663740 431.347630 10.072913 28.000000 32.400000 76.000000 29.900000 12.578440 42.100000 0.706889 -0.323025
548.596560 417.934230 23.817563 25.000000 43.400000 45.500000 52.300000 8.391150 47.300000 0.437943 -0.279510
574.655940 223.856860 61.045063 18.500000 42.500000 20.600000 84.400000 14.948420 41.100000 1.147547 -0.719577
549.977400 306.695940 44.234810 22.400000 38.400000 29.700000 75.500000 11.928330 43.500000 0.884359 -0.563235
509.105730 292.098960 42.625089 24.500000 58.200000 36.700000 46.600000 11.285910 54.400000 0.862543 -0.334877
584.963030 413.699250 29.277710 21.400000 45.000000 43.100000 56.500000 10.037930 43.600000 0.579636 -0.341111
557.021620 455.454540 18.233957 24.600000 32.000000 101.100000 9.100000 14.438290 41.300000 0.901079 -0.506443
491.387510 200.248940 59.248264 21.100000 56.700000 35.900000 52.300000 17.391380 48.200000 1.097127 -0.474861
513.051750 405.886720 20.887762 27.500000 40.500000 71.700000 26.400000 14.225420 48.500000 0.802224 -0.364647
509.927520 380.042030 25.471363 26.900000 37.400000 36.700000 65.100000 6.985450 47.600000 0.390192 -0.273973
545.054550 336.488460 38.265177 26.100000 52.900000 52.200000 34.800000 15.883160 54.200000 0.866070 -0.458988
609.206670 296.383740 51.349229 17.900000 41.300000 21.800000 85.000000 14.589690 39.000000 0.973804 -0.679994
584.287400 226.920690 61.162830 18.300000 46.300000 27.900000 73.500000 14.594880 43.200000 1.123199 -0.593119
524.634050 261.806500 50.097311 20.700000 44.400000 37.300000 63.600000 18.763030 42.500000 1.505894 -0.711370
656.926450 177.339580 73.004652 12.100000 55.000000 19.400000 79.500000 18.913030 38.700000 1.166560 -0.649091
437.839660 198.580300 54.645429 17.200000 58.200000 47.300000 43.200000 18.120140 41.300000 1.307114 -0.365384
541.920180 430.262880 20.604012 26.300000 47.200000 69.100000 24.000000 12.964240 49.300000 0.686810 -0.336430
528.210930 424.622390 19.611207 27.500000 48.600000 76.200000 13.900000 13.654930 52.200000 0.634514 -0.320407
490.341900 203.235560 58.552275 16.300000 54.100000 47.400000 48.200000 17.240290 39.600000 1.478853 -0.419978
503.422780 414.807560 17.602545 26.800000 31.700000 51.000000 56.700000 10.353990 42.300000 0.647674 -0.385554
605.505640 184.784520 69.482610 15.500000 55.900000 19.200000 75.400000 18.426910 43.300000 1.024142 -0.666221
507.782660 309.972190 38.955736 22.600000 46.000000 48.600000 48.800000 15.170300 45.200000 1.026185 -0.464269
613.057460 444.886740 27.431478 21.000000 46.300000 82.500000 19.400000 10.764870 43.900000 0.597158 -0.354682
484.721180 384.369420 20.702986 23.800000 38.800000 62.300000 41.100000 15.913960 40.500000 1.515497 -0.430371
711.194440 453.077300 36.293470 16.300000 37.800000 79.800000 29.100000 12.934440 36.700000 1.045404 -0.558529
532.421820 357.539110 32.846646 24.500000 34.500000 39.500000 67.500000 11.838790 42.800000 0.868578 -0.535113
664.591190 336.968040 49.296944 18.800000 41.000000 51.100000 55.100000 18.132460 40.800000 1.686162 -0.774601
540.767750 377.994380 30.100421 24.700000 36.700000 43.500000 61.100000 14.262370 43.200000 0.988511 -0.588066
581.908680 408.296770 29.834906 23.400000 61.200000 62.400000 19.700000 11.881470 53.500000 0.595841 -0.277794
597.120700 244.133340 59.114909 14.300000 55.100000 26.300000 70.300000 15.424150 39.300000 0.988796 -0.492777
701.469250 289.436710 58.738504 13.800000 50.400000 25.700000 76.100000 18.262350 37.700000 1.129270 -0.653496
468.466540 183.462820 60.837583 17.800000 63.500000 42.900000 41.800000 15.490680 46.400000 1.027562 -0.341921
506.668280 262.581280 48.174912 20.000000 40.600000 25.500000 79.900000 16.639320 39.500000 1.898503 -0.712643
458.040760 161.105620 64.827231 12.400000 49.500000 35.100000 69.000000 17.658850 34.400000 1.377748 -0.451252
702.186280 394.538970 43.812777 19.600000 47.400000 56.200000 42.700000 20.908090 42.600000 1.575984 -0.780752
693.602610 324.986630 53.145126 16.200000 49.500000 48.600000 51.600000 20.493910 39.500000 1.779569 -0.727342
618.035340 424.378850 31.334210 22.200000 45.900000 67.500000 30.700000 15.760460 45.100000 0.987617 -0.494904
551.331770 263.079720 52.282866 21.500000 51.500000 46.200000 46.800000 16.755940 47.700000 1.161764 -0.519832
525.526650 188.126750 64.202244 17.600000 54.700000 31.000000 62.700000 20.081530 43.700000 1.461230 -0.623406
550.628210 255.149900 53.662036 20.200000 42.400000 25.200000 78.200000 16.892200 41.700000 1.308341 -0.766023
559.871370 425.603830 23.981855 24.700000 37.900000 52.100000 51.600000 10.391890 43.700000 0.655188 -0.393840
480.550300 178.420260 62.871679 17.500000 49.100000 29.200000 70.200000 17.596640 41.100000 1.384364 -0.574383
686.097550 419.493330 38.858063 21.200000 41.800000 61.000000 42.000000 16.334760 43.000000 1.262391 -0.669169
484.711000 241.321050 50.213416 20.700000 41.500000 28.200000 75.600000 19.614620 40.500000 1.606501 -0.803100
492.179140 345.619710 29.777660 25.600000 42.400000 33.300000 64.700000 9.974140 47.200000 0.572560 -0.361503
594.136090 320.316560 46.087005 21.000000 39.000000 26.300000 79.700000 11.036150 42.500000 0.766434 -0.547610
546.046830 436.446670 20.071568 23.500000 33.500000 69.800000 39.800000 9.669920 40.000000 0.620851 -0.378460
506.049390 183.640700 63.710914 16.200000 57.300000 38.600000 53.800000 15.346900 42.500000 1.083158 -0.348104
606.541600 326.074010 46.240454 20.400000 47.600000 36.000000 62.000000 14.507920 44.700000 0.995654 -0.542855
533.422510 254.161310 52.352721 23.400000 51.800000 32.800000 58.100000 17.656650 50.000000 1.070715 -0.629897
584.442340 406.598600 30.429647 22.400000 41.700000 53.600000 48.400000 13.563030 42.900000 0.917915 -0.470203
652.126810 238.960970 63.356671 17.000000 48.300000 35.100000 65.600000 14.498630 43.000000 1.187037 -0.583623
526.067890 322.184100 38.756175 26.000000 57.200000 53.000000 30.000000 14.726420 55.800000 0.758787 -0.381841
508.549220 320.734960 36.931383 25.700000 38.400000 38.900000 63.000000 13.741450 47.100000 1.339771 -0.554463
503.385580 343.405600 31.780803 23.800000 39.400000 35.300000 67.500000 10.671440 43.500000 0.705086 -0.412315
450.911640 229.951850 49.002902 22.400000 61.300000 42.400000 39.900000 16.658420 50.900000 0.948797 -0.400619
512.728410 454.171440 11.420660 22.500000 25.000000 104.800000 13.500000 12.448580 33.800000 0.847747 -0.486573
574.428130 274.703630 52.177894 19.500000 44.300000 29.200000 73.000000 16.980540 41.600000 1.307612 -0.708807
560.251130 376.322650 32.829649 25.700000 38.100000 46.000000 56.200000 11.495520 47.100000 0.735688 -0.465097
517.992710 219.941340 57.539684 16.800000 57.700000 35.800000 55.800000 15.746550 42.200000 1.133634 -0.425332
508.735800 284.978350 43.983036 22.000000 41.000000 41.400000 61.600000 16.553350 43.000000 1.586538 -0.622356
558.759640 344.081500 38.420481 21.600000 36.300000 40.300000 67.800000 17.377320 39.700000 1.440240 -0.759722
499.239150 232.494250 53.430285 22.600000 47.400000 23.900000 72.100000 10.592280 48.300000 0.628944 -0.439081
612.913460 303.133070 50.542272 20.900000 49.000000 39.500000 56.600000 17.713860 46.400000 1.263628 -0.666924
533.529950 437.981720 17.908691 25.100000 31.000000 81.000000 29.600000 16.581500 39.600000 1.126724 -0.622067
539.713720 256.250650 52.521005 22.000000 48.100000 35.600000 60.300000 13.146420 48.400000 1.208327 -0.495018
502.308290 246.365850 50.953258 22.900000 50.100000 31.100000 61.900000 19.489200 47.400000 1.949915 -0.689647
419.966410 170.773340 59.336429 16.200000 47.300000 40.000000 62.500000 15.489390 37.000000 1.294959 -0.353981
503.309370 200.204060 60.222465 16.400000 52.700000 18.400000 78.500000 12.954320 42.200000 0.713640 -0.464246
572.095610 228.294670 60.095015 17.500000 46.000000 21.500000 81.000000 14.298820 40.800000 0.995191 -0.611505
608.067360 418.266410 31.213803 23.900000 37.100000 70.500000 34.500000 14.513860 44.800000 1.011726 -0.555642
599.024930 182.838270 69.477352 15.500000 56.700000 26.600000 67.200000 20.747880 42.700000 1.498854 -0.695891
479.120920 429.501740 10.356296 27.400000 29.000000 51.800000 57.900000 7.081670 40.900000 0.404065 -0.240656
559.613280 291.493170 47.911678 18.900000 50.400000 25.800000 70.900000 12.937430 43.700000 0.779186 -0.464843
534.660400 226.585010 57.620761 21.600000 44.300000 29.800000 70.300000 17.884060 44.900000 1.380075 -0.761794
691.193460 320.311760 53.658161 16.200000 58.700000 34.800000 56.300000 13.916190 45.300000 0.801930 -0.450455
612.380230 203.518980 66.765913 18.400000 55.300000 20.700000 71.600000 15.247770 47.700000 0.813974 -0.594717
473.221700 185.438220 60.813669 15.400000 47.200000 31.000000 72.400000 19.318650 36.100000 1.723789 -0.588391
520.234520 430.249890 17.296936 27.500000 36.400000 68.900000 33.800000 15.150240 44.900000 1.388099 -0.479213
585.408770 222.974330 61.911344 19.000000 58.600000 30.900000 57.500000 18.388320 48.000000 1.170718 -0.606032
592.811840 245.787870 58.538637 20.400000 53.800000 31.500000 60.300000 16.654190 48.200000 1.085502 -0.614001
534.593370 398.374910 25.480761 28.100000 33.800000 54.900000 49.200000 13.995630 47.000000 0.855410 -0.540542
531.224950 365.365090 31.222152 24.700000 46.600000 62.900000 31.800000 14.569280 49.900000 0.852542 -0.372936
547.556830 202.675810 62.985429 18.500000 40.600000 19.300000 87.600000 16.710340 39.500000 1.382275 -0.833118
507.503760 391.024340 22.951440 26.100000 28.900000 52.600000 58.400000 11.999930 41.300000 1.237621 -0.512343
668.508410 287.669150 56.968507 19.700000 45.500000 31.300000 69.500000 12.629590 46.400000 0.901657 -0.565983
553.926470 363.479910 34.381199 22.800000 40.500000 33.300000 69.400000 10.466440 43.900000 0.673591 -0.422325
480.913660 355.447100 26.089207 24.500000 32.700000 30.700000 78.100000 8.397830 41.500000 0.580123 -0.367031
634.055590 432.245770 31.828411 23.100000 37.900000 63.200000 41.900000 13.174890 42.900000 0.965231 -0.553008
541.255790 293.498700 45.774492 26.100000 49.600000 41.000000 49.300000 16.860820 52.900000 0.962454 -0.596793
685.493690 327.300640 52.253296 16.600000 49.200000 29.700000 70.500000 16.282420 40.800000 0.988294 -0.617366
570.728190 167.834590 70.592903 17.900000 47.100000 23.500000 77.500000 15.437670 43.600000 1.135558 -0.629091
503.973930 286.020640 43.246937 20.500000 45.000000 48.100000 52.400000 15.022970 41.400000 1.329116 -0.549125
579.534860 200.658900 65.375871 16.900000 38.500000 17.600000 93.000000 13.273270 38.100000 1.094427 -0.734851
558.310250 238.173460 57.340303 18.700000 51.900000 29.000000 66.400000 18.636960 43.600000 1.328963 -0.668412
837.311400 298.921040 64.299896 14.400000 54.300000 28.600000 68.700000 21.017000 41.500000 1.242083 -0.826820
561.231520 457.724560 18.442827 23.200000 30.700000 92.800000 20.200000 10.194910 38.700000 0.696908 -0.383102
514.841560 402.078910 21.902398 23.900000 34.700000 51.800000 55.600000 12.798600 40.200000 0.867262 -0.448389
679.134590 188.907750 72.184048 14.200000 49.900000 18.700000 83.200000 17.478750 39.900000 1.073183 -0.716753
473.659120 254.793350 46.207443 25.900000 55.100000 34.000000 51.000000 15.392440 53.900000 1.063615 -0.482129
560.395860 223.695410 60.082608 18.200000 39.700000 25.800000 82.300000 20.023770 38.300000 1.923319 -0.954415
627.105780 333.566670 46.808548 18.000000 43.200000 43.000000 61.800000 19.870100 38.400000 2.603107 -0.778755
550.582960 199.284710 63.804781 14.700000 44.900000 16.500000 89.900000 13.643290 37.300000 0.880175 -0.578291
528.269020 293.606230 44.421077 20.400000 41.700000 27.400000 76.500000 17.940500 40.300000 1.353190 -0.732959
500.680840 443.596860 11.401271 28.100000 25.800000 84.400000 28.600000 8.937420 41.000000 0.526431 -0.306058
602.664080 336.802890 44.114325 21.900000 49.400000 29.500000 65.200000 10.985680 48.500000 0.596399 -0.424943
510.745790 304.227660 40.434622 22.400000 46.500000 39.900000 57.200000 16.258770 44.900000 1.091071 -0.536793
663.540320 354.532080 46.569625 20.100000 37.400000 33.600000 74.900000 12.982400 40.800000 1.008588 -0.670243
644.505090 367.029460 43.052512 20.500000 42.400000 42.600000 60.500000 17.416680 41.700000 1.289040 -0.735198
767.561100 352.638680 54.057250 14.300000 58.100000 50.300000 43.300000 19.307590 40.300000 1.411276 -0.578740
544.853880 275.879390 49.366353 22.200000 44.700000 36.900000 62.200000 16.152200 46.500000 1.146877 -0.621485
520.388100 389.937580 25.067929 25.300000 34.800000 45.100000 60.900000 10.792870 42.800000 0.712518 -0.430843
581.701090 240.967700 58.575340 18.600000 54.400000 36.900000 56.100000 13.510790 47.700000 0.897347 -0.429734
613.071350 230.708800 62.368361 17.000000 51.500000 24.700000 72.800000 14.270870 43.200000 0.884600 -0.556589
542.270470 250.208050 53.859178 20.500000 57.500000 48.800000 39.200000 15.389340 49.100000 1.033904 -0.421880
532.453260 267.718410 49.719829 21.400000 41.200000 32.300000 71.100000 13.451020 41.100000 1.168977 -0.569341
561.803060 147.775430 73.696222 14.300000 52.100000 23.100000 76.500000 18.471970 41.100000 1.163756 -0.598680
459.284360 254.938670 44.492194 25.300000 50.900000 49.400000 40.400000 14.634210 52.100000 1.146347 -0.382205
556.961360 398.886240 28.381703 22.800000 43.800000 54.600000 44.800000 14.703340 43.700000 0.958000 -0.459416
556.165550 230.983810 58.468515 21.800000 48.200000 27.500000 68.500000 13.670920 48.600000 0.896620 -0.559401
540.069430 199.038460 63.145764 17.500000 52.000000 24.200000 72.300000 14.852890 43.700000 0.976400 -0.525937
581.485040 395.786540 31.935215 22.700000 37.600000 64.500000 41.300000 15.254530 42.500000 1.122417 -0.547863
546.953580 367.923480 32.732229 22.000000 48.200000 30.900000 64.900000 9.686960 46.100000 0.517835 -0.331172
519.567150 319.687300 38.470456 24.300000 51.300000 44.400000 46.000000 16.438340 49.300000 0.954597 -0.499720
624.574520 418.454820 33.001618 21.100000 51.700000 56.900000 36.500000 14.338560 46.000000 0.850695 -0.422660
578.273080 445.358930 22.984668 27.500000 41.200000 83.300000 14.500000 14.154260 50.300000 0.769176 -0.423746
782.636690 398.452650 49.088427 21.400000 47.600000 52.900000 44.200000 19.413380 46.600000 1.362152 -0.833969
572.718560 384.852110 32.802578 23.900000 42.300000 42.600000 57.200000 14.320560 45.200000 0.905709 -0.546273
616.489800 399.972550 35.120978 23.000000 43.600000 57.100000 42.400000 18.318620 45.100000 1.268385 -0.688859
583.395720 243.129520 58.325111 16.900000 53.900000 22.300000 72.900000 15.453030 43.100000 0.900644 -0.559178
504.646520 411.428490 18.471945 27.200000 35.000000 56.300000 47.700000 14.663620 43.800000 0.873667 -0.489617
564.474150 305.270070 45.919566 21.300000 43.900000 28.400000 72.400000 12.621300 44.100000 0.833259 -0.534327
502.881280 301.602370 40.025135 23.300000 39.700000 42.900000 60.100000 16.778850 43.700000 1.455399 -0.638482
559.598010 383.596680 31.451386 23.400000 39.000000 54.300000 49.300000 12.252480 43.800000 0.836859 -0.438387
533.899930 353.549490 33.779821 23.200000 37.400000 32.700000 72.700000 8.806370 43.500000 0.602312 -0.379849
565.642610 381.515770 32.551798 22.500000 43.600000 40.900000 59.100000 10.717250 44.300000 0.653144 -0.392323
592.099230 269.788190 54.435308 21.000000 48.800000 31.000000 65.200000 15.343490 46.900000 1.037253 -0.612314
582.704780 181.328240 68.881628 13.700000 41.000000 13.200000 98.100000 15.681200 35.200000 1.045983 -0.785133
579.220310 237.447530 59.005662 18.700000 45.700000 28.500000 73.100000 15.975600 42.100000 1.265632 -0.677142
707.505620 305.820370 56.774849 17.900000 54.200000 42.300000 51.600000 15.440440 46.800000 1.821487 -0.555349
642.327650 324.889400 49.419988 22.600000 46.500000 38.200000 58.700000 18.017270 47.700000 1.247611 -0.755472
545.894660 411.971120 24.532854 24.700000 30.000000 52.700000 58.600000 10.634840 40.600000 0.784907 -0.479103
706.776380 244.396180 65.421003 19.500000 51.400000 36.500000 58.700000 15.779330 50.000000 1.155541 -0.656381
779.527670 352.877190 54.731922 17.800000 58.400000 42.800000 46.900000 16.441260 47.900000 1.019706 -0.655664
517.144810 244.047930 52.808590 19.000000 44.600000 22.700000 79.700000 14.423610 41.000000 1.452461 -0.593463
523.990780 175.642300 66.479887 15.800000 54.900000 31.200000 64.100000 17.776070 41.900000 1.295330 -0.537150
560.498100 226.481540 59.592809 20.800000 46.700000 29.500000 69.000000 17.454820 44.900000 1.299071 -0.735576
658.786710 347.231330 47.292299 20.600000 54.300000 33.800000 57.300000 12.282740 49.400000 0.660054 -0.443268
526.882460 176.568720 66.488025 17.100000 56.200000 21.900000 70.800000 14.880140 46.000000 0.790192 -0.479157
586.277730 304.540880 48.055185 21.300000 40.400000 36.000000 68.300000 13.979640 43.900000 1.107404 -0.621029
531.947990 164.755830 69.027831 12.600000 52.300000 21.400000 79.700000 15.532000 38.000000 0.967461 -0.745337
510.549940 168.819120 66.933867 15.200000 53.000000 23.400000 74.400000 17.494230 41.200000 1.086898 -0.536657
563.353490 322.916100 42.679666 21.300000 41.800000 26.900000 76.000000 11.957760 43.000000 0.754304 -0.520373
679.820430 245.867580 63.833452 20.400000 44.300000 27.000000 74.200000 15.974900 46.200000 1.228190 -0.813244
742.270210 393.549970 46.980228 20.000000 56.000000 48.900000 41.000000 14.986970 49.400000 0.911670 -0.629886
679.471920 320.231750 52.870495 17.300000 40.500000 29.300000 78.900000 16.580190 37.800000 1.966722 -0.788342
521.296430 434.001960 16.745649 27.400000 33.500000 71.400000 34.200000 12.377660 43.800000 0.734869 -0.401529
582.485700 301.928370 48.165531 19.800000 57.500000 27.900000 60.800000 12.358000 48.800000 0.631763 -0.407378
683.263190 389.855690 42.942091 17.600000 43.700000 38.600000 66.100000 12.224170 40.000000 0.757856 -0.490718
597.945980 306.862910 48.680496 19.000000 46.500000 35.100000 65.400000 15.446810 38.200000 1.846956 -0.605100
556.997550 226.036220 59.418813 18.300000 55.300000 23.000000 69.400000 15.370680 45.600000 0.877370 -0.545053
732.658300 263.274960 64.065792 14.400000 47.800000 31.000000 72.800000 13.667190 39.700000 0.973244 -0.577414
777.003400 240.949270 68.989934 15.800000 51.600000 22.300000 76.300000 17.480300 43.200000 1.231033 -0.768565
480.100680 363.057590 24.378864 25.500000 44.400000 49.500000 46.600000 11.923240 46.900000 0.672648 -0.324273
567.003160 270.140460 52.356445 22.300000 46.200000 30.000000 67.500000 15.171370 47.100000 1.036968 -0.638906
467.326440 237.420090 49.196093 17.700000 57.200000 42.300000 48.800000 17.508420 41.400000 1.253665 -0.412927
494.524040 318.580080 35.578444 24.700000 46.600000 41.300000 53.400000 14.563500 47.500000 0.868651 -0.463452
561.916930 356.182420 36.612976 23.500000 34.900000 43.200000 64.400000 15.683780 42.000000 1.250313 -0.723506
664.668820 454.466050 31.625189 21.300000 40.400000 78.900000 25.800000 18.455410 41.300000 1.363116 -0.725920
505.722480 352.394150 30.318670 22.600000 42.700000 35.200000 65.500000 9.949970 43.400000 0.628606 -0.339280
532.782540 300.811620 43.539512 17.900000 51.500000 43.800000 52.800000 17.743290 40.100000 1.331635 -0.491519
641.393720 452.502570 29.450109 22.400000 50.000000 79.200000 16.100000 12.615470 48.000000 0.738201 -0.525306
551.593470 309.155700 43.952255 22.600000 53.700000 42.000000 47.700000 11.610470 51.300000 0.658233 -0.353641
685.476450 391.995810 42.814110 19.500000 52.200000 38.200000 56.100000 11.736840 46.700000 0.613737 -0.417616
556.651320 322.863090 41.999043 19.200000 38.600000 27.100000 81.100000 16.633780 37.800000 1.251006 -0.724643
482.380550 231.355030 52.038898 21.800000 46.500000 27.000000 70.700000 13.447960 45.500000 0.918765 -0.518512
615.903960 457.587460 25.704738 20.300000 34.200000 80.700000 31.600000 13.486330 36.700000 1.068755 -0.554384
758.828820 401.663400 47.067983 17.100000 52.700000 48.600000 47.600000 18.056650 42.600000 1.172572 -0.617695
506.133540 348.043810 31.234786 24.200000 39.200000 31.300000 71.300000 11.656290 43.800000 0.746490 -0.466211
674.845980 425.585510 36.935905 22.100000 41.000000 59.600000 43.300000 13.758230 44.400000 0.958927 -0.572640
498.395290 416.770870 16.377446 26.400000 46.700000 47.200000 45.800000 7.031850 48.900000 0.328209 -0.188294
573.847190 341.267140 40.529962 19.400000 48.100000 30.900000 67.600000 13.466690 42.500000 0.819671 -0.466695
501.316660 380.458980 24.108052 27.500000 48.200000 60.700000 29.800000 13.953030 51.400000 0.731375 -0.353790
631.817970 346.531480 45.153273 23.400000 44.600000 48.400000 49.600000 17.999570 47.300000 1.261418 -0.726443
539.251590 439.711980 18.458844 24.600000 28.000000 83.700000 30.200000 11.844650 39.100000 0.808161 -0.465349
661.103500 203.480280 69.221116 31.000000 57.300000 33.600000 43.000000 20.374180 60.800000 1.449005 -0.728717
616.827310 436.501490 29.234409 19.600000 37.800000 54.800000 53.900000 9.729540 38.400000 0.653051 -0.388658
463.437290 187.854490 59.464960 19.800000 48.100000 28.000000 70.100000 16.363960 43.500000 1.200792 -0.569950
648.926480 353.977130 45.451890 23.900000 50.600000 41.300000 50.200000 15.319780 51.700000 0.900810 -0.573176
544.420150 343.827000 36.845284 24.400000 49.000000 51.300000 41.200000 14.585560 49.900000 1.221026 -0.444877
555.783340 369.105740 33.588196 23.300000 41.200000 37.800000 63.800000 8.730940 45.200000 0.547327 -0.349193
586.582490 416.755000 28.952022 25.300000 39.700000 53.900000 47.200000 11.236460 47.200000 0.671851 -0.411864
587.130940 393.833530 32.922368 21.500000 40.500000 41.000000 63.000000 11.610400 41.900000 0.772254 -0.450852
566.796490 179.515440 68.328061 22.300000 51.800000 38.800000 53.100000 18.217880 51.500000 1.272175 -0.588925
705.250320 290.268600 58.841763 16.000000 51.800000 31.200000 67.000000 12.799490 43.300000 0.784970 -0.492024
536.191710 431.625080 19.501724 25.600000 35.200000 57.700000 48.100000 8.897690 43.300000 0.526607 -0.338175
556.687000 181.210290 67.448442 18.500000 42.900000 24.800000 79.800000 14.619750 42.300000 1.226396 -0.647634
583.069290 304.347400 47.802533 19.700000 44.000000 30.300000 72.000000 13.093090 42.300000 0.926322 -0.538502
543.690430 265.176660 51.226535 21.500000 42.200000 26.700000 75.600000 12.329290 44.200000 0.883524 -0.567344
559.247500 347.899000 37.791586 19.800000 35.500000 36.000000 74.700000 14.188150 37.200000 1.174237 -0.640210
552.441680 414.457800 24.977094 26.800000 46.700000 63.300000 29.400000 13.615120 50.100000 0.723368 -0.406306
740.894620 385.379140 47.984622 19.900000 53.700000 47.600000 44.700000 16.880620 47.500000 1.078274 -0.655965
673.697000 415.908030 38.264824 20.200000 48.100000 48.300000 49.500000 13.209720 44.400000 0.875565 -0.465677
502.108940 290.882840 42.067783 21.600000 38.200000 27.000000 79.200000 10.604190 41.800000 0.790003 -0.473316
526.139080 241.832210 54.036448 20.700000 47.400000 37.300000 60.600000 16.570000 45.300000 1.222361 -0.582584
493.459440 320.528190 35.044674 23.700000 48.400000 49.700000 44.200000 12.663860 48.700000 0.941214 -0.337665
689.775830 241.549140 64.981501 18.700000 44.300000 25.900000 77.100000 14.098030 44.800000 1.077654 -0.715235
474.861700 158.943830 66.528396 11.400000 45.800000 23.400000 85.400000 15.221020 33.100000 1.028334 -0.553446
549.459160 179.875700 67.263136 16.100000 37.900000 15.000000 97.000000 11.117070 37.500000 0.809175 -0.648304
460.190430 220.208900 52.148310 27.100000 53.300000 40.500000 45.100000 16.625870 55.500000 0.897004 -0.494469
622.984060 392.325250 37.024833 23.100000 36.000000 49.600000 57.300000 12.343620 43.600000 0.965596 -0.578934
570.357200 286.619470 49.747374 22.600000 41.700000 35.100000 66.600000 18.011560 44.900000 1.381179 -0.799565
524.174170 346.229980 33.947531 21.400000 46.000000 49.200000 49.400000 14.662620 42.400000 1.011489 -0.439670
516.277540 426.535190 17.382579 24.500000 32.200000 65.400000 44.100000 13.799560 39.100000 0.925313 -0.483224
616.978020 184.020900 70.173832 16.500000 40.100000 22.900000 86.500000 15.923650 39.100000 1.521600 -0.801307
565.965980 244.153920 56.860672 21.500000 63.100000 33.300000 48.100000 14.735850 53.200000 0.791548 -0.445891
519.832030 271.013280 47.865221 23.700000 39.600000 32.900000 69.800000 14.735880 45.400000 1.582446 -0.682597
572.097870 381.265240 33.356641 26.700000 48.400000 47.100000 43.800000 14.071630 52.300000 0.732711 -0.461400
501.425790 442.273900 11.796739 26.100000 24.600000 82.600000 33.600000 12.564930 37.200000 0.839829 -0.465999
542.665600 450.498950 16.984060 25.100000 25.000000 82.000000 34.400000 13.889380 37.500000 1.069468 -0.584081
492.571690 295.076810 40.094647 21.300000 56.000000 39.200000 49.500000 12.062250 48.000000 1.126990 -0.327972
514.106090 329.955580 35.819554 25.100000 37.500000 36.400000 67.000000 10.569070 45.400000 0.718269 -0.454624
585.980670 432.210750 26.241466 22.100000 39.900000 52.400000 51.800000 10.880750 41.400000 0.703040 -0.406589
534.848660 288.316470 46.093822 19.600000 50.000000 40.300000 56.100000 15.367400 43.500000 1.088652 -0.480028
497.466940 289.483160 41.808563 19.700000 46.900000 39.500000 59.900000 14.567110 40.900000 1.093477 -0.453356
592.915740 181.564520 69.377686 15.100000 42.600000 16.600000 91.700000 13.950680 38.200000 0.964349 -0.686394
521.966890 454.443490 12.936338 26.500000 28.900000 85.100000 26.700000 11.888390 39.800000 0.769035 -0.425427
543.776480 238.862360 56.073429 19.400000 42.700000 24.700000 79.200000 13.896450 41.300000 1.040151 -0.626558
517.064160 376.263270 27.230835 23.600000 30.500000 42.900000 69.000000 10.710000 39.200000 0.856000 -0.491708
627.931250 298.516930 52.460253 18.100000 51.200000 37.800000 58.900000 18.942850 42.200000 2.250610 -0.665684
488.008770 229.688290 52.933573 20.500000 58.300000 44.200000 42.900000 18.435480 46.500000 1.203294 -0.457451
499.296350 377.898350 24.313817 25.000000 33.600000 42.200000 65.200000 11.785620 41.800000 0.791104 -0.448910
643.075290 365.507890 43.162504 20.300000 45.600000 47.900000 52.200000 19.620030 42.500000 1.469271 -0.753702
560.933940 219.353610 60.894930 18.900000 37.800000 20.700000 88.600000 11.762120 40.300000 0.978774 -0.647802
536.745860 207.580860 61.326044 18.400000 60.000000 21.500000 66.100000 13.518620 48.800000 0.671091 -0.453960
528.760290 312.620350 40.876735 20.100000 36.700000 25.900000 83.300000 14.555840 38.100000 1.134969 -0.669316
508.190400 237.050170 53.354064 19.300000 52.400000 32.100000 62.200000 13.017300 44.500000 0.870581 -0.423838
675.319780 320.284500 52.572913 20.000000 51.300000 31.800000 62.900000 12.796560 47.900000 0.742606 -0.508798
576.385470 327.193750 43.233519 20.400000 37.400000 28.600000 79.600000 12.548520 40.200000 0.960629 -0.601862
497.758500 230.189470 53.754789 18.100000 42.800000 22.900000 82.200000 11.659080 39.500000 0.884098 -0.487191
592.374330 366.223870 38.176951 24.500000 45.800000 46.700000 49.000000 14.556910 49.600000 0.869652 -0.512079
541.957500 226.755940 58.159830 18.400000 53.300000 33.100000 61.200000 21.044240 43.200000 1.570763 -0.687478
541.614590 311.793520 42.432585 20.100000 41.500000 28.200000 76.200000 14.406160 40.200000 1.025838 -0.586786
542.683360 331.258010 38.959247 23.600000 49.000000 33.300000 60.100000 14.477080 48.100000 0.842250 -0.503987
651.466720 304.224290 53.301638 18.800000 54.700000 37.300000 55.200000 18.986870 45.500000 1.287064 -0.656637
564.594030 149.265230 73.562379 17.100000 44.400000 24.800000 79.700000 17.939770 41.400000 1.432140 -0.830815
430.745850 195.792960 54.545596 18.100000 60.000000 37.600000 50.300000 14.377110 44.500000 0.919228 -0.321270
750.841740 445.173470 40.710080 21.000000 58.600000 61.600000 25.600000 14.762030 51.100000 0.795668 -0.623406
545.413970 368.749190 32.390953 26.000000 40.600000 44.100000 55.300000 11.853680 47.900000 0.732138 -0.457546
560.915590 313.238540 44.155851 19.500000 54.000000 26.800000 65.700000 12.026140 46.000000 0.630623 -0.400164
524.752290 361.307460 31.147045 22.600000 39.600000 41.100000 62.700000 13.664790 41.500000 0.959907 -0.510139
598.469820 392.459490 34.422844 25.000000 49.800000 56.800000 34.500000 15.137450 51.500000 0.830581 -0.454746
726.397070 255.750760 64.791879 13.600000 45.900000 22.900000 83.600000 17.256970 36.700000 1.138514 -0.742159
540.022100 325.274640 39.766421 23.100000 50.300000 42.000000 50.600000 16.687320 47.400000 1.032058 -0.537560
722.872680 420.481500 41.831873 19.500000 50.200000 55.700000 40.600000 13.007570 45.500000 0.832048 -0.531958
572.503550 352.665070 38.399496 23.500000 40.300000 34.700000 67.500000 13.437250 44.500000 0.891378 -0.578140
591.797730 455.255670 23.072420 21.400000 41.900000 91.500000 11.300000 15.264930 42.200000 0.975497 -0.439390
