440.69
214.715
260.139
381.02
348.701
340.081
384.457
412.211
313.244
259.43
212.059
370.226
195.319
314.304
444.117
403.971
185.933
314.263
282.732
174.558
276.008
420.937
284.054
376.94
395.388
280.641
166.553
186.273
230.008
272.377
247.891
213.916
383.623
172.925
147.087
362.599
256.035
168.696
148.073
201.684
323.075
143.156
353.063
231.732
260.178
298.343
470.462
234.755
351.728
336.276
408.959
179.278
360.895
398.905
322.409
252.677
241.128
457.031
161.156
185.429
283.972
155.006
176.464
357.093
317.501
253.39
343.112
304.4
343.433
146.242
277.706
255.511
133.831
216.783
350.814
263.863
360.616
339.209
234.452
376.428
183.732
204.398
460.511
173.891
255.298
362.352
332.991
371.761
426.89
204.211
188.009
289.044
450.882
320.198
270.478
430.379
290.422
186.751
140.645
274.856
418.33
282.173
421.663
337.433
388.573
312.415
401.319
188.168
148.299
302.969
151.523
295.069
467.634
165.58
367.695
204.144
397.78
237.636
195.224
251.122
265.492
469.598
212.013
310.824
282.363
273.329
153.477
325.713
219.239
450.679
338.58
328.931
127.825
361.146
412.278
466.164
196.565
366.089
227.108
266.914
286.006
162.861
156.92
245.626
368.243
165.587
381.695
286.563
181.797
438.624
151.788
217.26
326.243
162.365
329.478
337.583
229.297
255.677
314.868
339.923
166.395
289.694
195.323
235.897
349.427
359.953
329.277
415.222
266.033
445.707
397.962
197.757
175.103
329.09
242.55
167.065
157.3
395.285
423.275
316.083
323.65
224.033
146.85
313.855
367.007
311.391
201.604
443.444
322.903
261.615
174.087
392.309
206.379
296.393
341.136
136.059
302.405
318.026
326.175
339.946
154.275
177.511
360.246
340.621
408.09
196.205
398.111
285.168
144.91
390.837
147.089
231.47
154.493
283.587
208.897
231.082
239.233
287.772
153.16
290.348
261.188
373.775
305.787
143.39
277.711
363.809
321.391
164.502
438.038
450.468
333.713
285.429
155.472
423.453
281.115
131.958
239.52
210.747
323.325
162.409
335.282
308.95
226.001
193.79
406.643
276.97
426.091
259.017
170.386
156.473
330.908
390.052
434.185
430.084
403.243
300.403
159.465
386.521
165.919
325.475
423.439
149.263
217.375
306.083
326.236
188.38
181.889
366.179
353.747
342.489
163.159
193.863
272.932
367.355
412.416
243.471
179.119
296.39
161.857
189.249
398.055
404.107
343.809
152.534
268.766
422.954
459.308
149.473
362.284
178.96
184.201
419.902
395.873
304.746
324.899
143.703
392.239
312.569
350.685
424.903
435.046
394.97
430.463
392.813
158.569
371.427
332.719
249.474
433.881
414.912
407.54
355.405
168.219
405.123
140.342
257.544
352.743
156.005
152.937
300.391
326.489
220.233
336.402
282.649
181.431
138.567
374.683
273.53
312.851
222.41
297.875
317.142
315.221
154.705
429.498
188.182
337.03
144.698
315.299
401.282
482.365
211.771
146.92
329.387
360.799
459.392
170.341
441.671
150.718
169.267
183.386
314.088
348.772
452.75
408.356
246.523
140.116
401.881
332.644
328.519
216.404
424.056
392.926
452.495
208.937
347.797
344.761
149.282
201.097
168.917
168.365
324.759
363.319
170.902
234.773
385.448
265.838
130.408
323.853
312.093
347.586
292.424
138.445
267.021
261.581
253.294
295.02
173.922
199.325
221.283
176.435
207.121
151.428
198.731
251.186
373.412
337.033
279.292
200.55
274.875
436.924
373.143
370.741
272.757
279.389
222.469
287.681
191.39
363.451
129.421
299.956
199.827
369.361
445.13
260.985
202.445
353.155
299.915
228.188
395.477
159.782
341.794
362.77
316.23
197.236
178.939
423.606
273.781
168.174
271.341
390.978
295.557
398.823
448.677
293.521
322.528
403.574
328.09
335.049
305.288
413.702
305.657
242.982
330.817
276.579
258.213
180.313
280.734
408.043
479.261
256.885
154.572
389.243
408.418
217.629
365.56
152.644
216.423
413.146
305.124
241.519
202.271
329.242
247.115
137.295
264.56
292.671
427.393
323.032
257.267
279.753
241.675
288.42
422.857
221.006
461.483
139.877
187.623
205.86
389.754
279.094
417.803
423.671
400.382
278.03
291.845
373.928
379.615
223.562
165.789
267.646
312.547
173.094
188.761
398.46
237.239
238.368
200.045
290.724
197.928
251.605
203.835
388.027
294.724
223.943
394.203
441.561
217.812
231.897
170.217
186.166
173.032
281.762
284.457
161.16
260.861
230.357
426.702
424.203
305.537
247.823
166.377
176.686
171.1
383.393
156.26
398.155
149.796
246.41
259.036
183.248
311.991
195.435
277.367
281.076
476.676
277.858
288.549
490.722
329.806
422.664
170.486
206.005
178.063
257.23
430.781
258.292
180.031
220.917
155.007
413.564
137.864
183.068
453.178
258.088
458.277
343.686
250.77
200.831
157.444
317.357
310.394
391.696
309.283
276.219
388.539
406.071
293.85
182.935
318.701
469.589
228.285
162.284
242.062
375.523
359.61
164.488
261.363
385.949
186.295
225.657
165.427
265.205
383.733
159.512
300.713
178.639
139.086
429.083
170.554
264.77
171.229
146.976
363.538
156.347
240.842
394.92
270.927
427.849
456.413
320.209
249.861
370.044
219.016
284.286
140.932
157.369
345.252
288.764
275.011
208.499
238.916
389.024
266.907
365.588
442.215
287.08
221.327
275.455
255.228
239.011
178.622
239.329
164.846
351.252
444.757
152.956
266.646
449.876
234.143
457.248
323.55
158.411
342.97
377.843
222.389
264.33
238.369
132.826
277.495
183.853
205.15
168.998
283.626
227.87
168.246
383.676
213.516
328.156
246.39
299.892
161.331
226.068
141.861
230.293
413.049
145.681
238.164
435.903
370.569
368.92
204.583
416.003
470.502
189.987
383.401
417.225
353.981
323.332
445.847
200.111
200.908
226.045
236.366
379.849
279.595
248.494
250.738
158.277
327.961
328.26
268.571
162.218
406.137
262.303
168.773
260.449
446.403
198.696
324.815
229.611
336.416
142.32
133.655
392.271
463.686
150.202
226.331
349.202
324.426
179.929
150.259
287.531
228.834
429.46
419.934
204.181
369.385
249.674
353.398
298.333
136.985
429.523
371.515
244.832
447.308
235.484
208.029
423.858
137.955
163.235
431.932
220.91
228.219
170.269
436.734
233.729
203.252
149.265
355.681
177.731
460.171
367.43
156.973
170.412
171.651
358.45
337.514
258.542
233.03
379.066
142.679
430.512
237.694
211.236
413.768
262.012
354.62
234.023
340.196
161.497
376.882
427.492
327.951
160.421
159.666
247.352
333.877
273.079
306.84
362.124
329.183
293.725
163.277
302.409
278.747
277.058
365.579
179.28
204.892
270.355
409.582
293.366
473.415
176.876
330.82
261.278
163.675
418.42
208.176
186.854
152.691
141.751
148.871
244.768
181.269
202.045
301.5
247.367
202.08
268.531
139.766
260.345
177.386
371.495
250.219
277.638
259.812
329.886
408.694
230.721
153.299
400.21
197.256
153.931
266.772
280.065
323.926
221.334
450.139
435.251
214.186
331.552
235.936
245.518
158.61
295.776
153.344
224.495
173.289
359.23
162.924
190.829
300.026
401.174
134.784
254.719
221.172
295.636
229.368
375.666
423.54
168.931
424.39
303.468
184.406
328.563
204.567
464.749
165.092
393.024
435.215
142.896
285.642
351.006
138.444
215.603
341.6
237.192
216.684
391.79
180.393
174.233
399.371
169.569
455.249
186.962
277.375
297.391
242.365
285.591
156.033
457.587
312.422
156.129
228.567
273.341
424.6
162.295
276.529
144.022
313.125
134.148
433.478
375.091
166.908
161.594
331.554
230.205
387.963
246.101
151.384
252.936
210.262
247.195
401.565
225.721
432.355
218.232
213.384
367.712
242.52
294.692
269.878
348.386
224.577
399.963
409.941
394.71
162.497
273.755
420.969
320.261
152.15
360.831
244.631
252.616
348.268
260.497
278.07
418.882
283.887
403.908
256.797
383.285
271.225
135.035
331.286
221.93
389.816
459.157
173.808
240.257
444.035
369.619
204.781
156.397
283.525
279.727
248.002
402.01
289.997
195.841
212.921
240.357
203.57
154.173
240.316
275.303
290.865
441.184
259.421
223.737
426.62
189.398
183.194
273.663
433.457
271.015
158.272
186.764
245.414
382.302
240.138
394.716
335.214
226.182
293.104
205.774
284.732
484.999
148.535
288.144
209.777
382.481
279.215
470.456
301.698
181.086
209.937
367.272
254.05
223.321
424.017
241.5
195.15
260.853
231.763
296.281
415.717
441.785
387.153
348.382
261.594
197.056
429.958
384.25
270.136
396.989
361.997
278.694
330.892
217.944
169.959
271.889
419.366
356.852
324.816
440.088
418.437
214.964
167.933
353.915
247.882
298.382
291.889
419.404
203.688
182.827
294.259
228.32
184.753
474.658
228.225
151.904
314.038
300.154
397.805
140.894
168.48
379.741
280.859
228.342
140.886
369.474
401.535
141.547
347.889
205.339
181.92
341.145
165.102
254.578
308.444
293.048
386.191
420.294
338.474
139.668
166.372
411.764
179.18
156.826
358.263
223.536
458.888
173.462
204.435
377.452
189.526
149.004
186.718
144.285
213.06
218.672
306.904
268.641
399.681
235.531
164.828
347.367
417.105
441.139
282.07
289.52
266.355
280.99
175.601
241.593
266.77
229.383
144.522
275.585
268.786
275.316
336.621
246.416
354.279
144.708
287.411
220.064
246.792
366.931
241.151
157.021
379.979
474.452
298.138
353.445
171.744
196.793
143.36
366.162
262.831
156.849
139.747
215.356
347.261
337.068
394.374
443.132
146.627
366.654
186.122
172.96
207.75
335.931
293.934
174.568
143.113
206.718
311.339
296.609
306.996
321.18
137.169
434.388
285.463
387.175
341.169
318.603
170.305
267.756
284.53
251.539
174.002
275.493
368.753
171.497
222.489
266.88
206.492
383.24
349.33
148.776
223.637
251.148
383.788
176.027
444.52
343.813
197.126
236.597
328.487
416.341
287.539
382.91
165.116
174.051
277.809
287.696
166.729
254.634
209.943
323.464
211.947
371.452
348.293
328.74
259.034
174.322
399.54
448.445
435.649
364.703
217.971
