7.11049
9.77242
10.369
5.24317
6.45552
7.90302
10.3062
12.9261
7.917
7.76139
6.51209
11.1449
9.93541
9.7564
8.01692
4.79146
8.93168
11.0556
9.86852
12.2102
7.1584
10.5147
6.04425
7.25983
9.26719
9.1972
10.3101
7.28003
13.3928
11.8139
6.64853
9.47027
8.31229
9.38489
7.80717
9.88571
12.9087
10.0153
6.14494
5.1831
12.1227
12.5237
12.2176
13.0961
11.8052
5.98996
7.03791
9.30035
9.70072
9.16336
8.37689
14.1136
6.53431
10.9742
7.31705
9.57247
9.57357
7.0603
7.75847
7.85394
12.8408
7.8476
11.1879
10.9062
5.96631
8.68471
6.46379
10.4394
11.1172
8.80738
9.17092
13.0551
10.7083
9.69526
9.53677
9.55639
6.19548
8.77075
12.2513
7.19009
11.7497
6.89575
4.85835
12.3008
12.5474
7.48774
8.95205
5.19677
11.0535
7.73459
10.3448
10.1976
4.67576
9.29953
8.30181
9.69396
7.6456
12.6147
7.9771
5.86048
6.93592
6.90382
7.12765
10.4905
7.86818
7.87018
11.7561
11.5459
8.92678
11.2213
7.05844
7.59725
8.53402
12.536
7.14905
7.84994
8.73363
4.48036
7.58562
9.29087
10.4618
6.93045
8.38948
11.3634
13.6307
10.3475
9.50422
8.50005
11.3046
7.73187
8.94569
7.79131
5.27252
6.19758
9.75696
11.4888
7.13939
10.0736
11.2613
7.63954
12.2536
9.3411
9.61846
7.38474
8.74284
5.12902
9.27666
9.65091
11.5485
11.0204
6.20098
11.9592
10.8636
11.4661
10.3937
10.5832
11.5534
13.6142
6.46578
4.89618
10.683
5.58975
7.18065
7.12287
11.4973
5.6006
5.9734
7.87817
12.8943
10.6221
11.1826
9.68615
8.35077
9.9126
10.8913
9.02043
5.80872
11.4967
10.2017
8.31519
5.82779
12.6052
6.84824
5.46047
9.57515
5.3053
8.37437
10.9292
9.73188
8.56956
11.7512
11.7994
8.04697
10.7443
11.9508
7.28473
12.8813
10.3303
8.36751
7.82407
13.223
13.736
6.71511
8.78838
7.74688
8.50462
6.43697
8.73912
12.2666
8.57923
12.7443
6.98179
7.01246
7.95569
8.31607
11.6847
12.2897
11.7647
10.1591
12.2019
7.38902
5.46559
7.51793
6.72141
8.43229
7.59343
10.5621
10.4208
11.7452
8.73933
10.3244
8.01107
5.68315
10.236
9.41172
13.2759
10.3681
11.1576
10.1303
10.9437
11.3514
8.33207
11.5964
11.0111
5.70576
6.17505
5.84291
5.86682
11.3782
8.16349
8.12502
11.2152
6.60735
4.48016
10.5333
9.35696
9.15366
11.2773
8.97342
11.1925
11.0286
8.21105
8.6785
6.66645
12.1199
7.86068
8.11543
4.48895
11.027
6.43603
6.36614
10.6279
12.7531
8.26097
7.13115
6.9029
6.0799
10.8315
4.38514
6.14107
5.59343
5.76824
10.1708
12.1342
7.39411
6.29613
10.3507
3.96459
7.31124
8.83074
12.5776
5.78959
10.7621
8.76553
7.662
9.1632
5.91494
10.0166
9.75288
4.51019
6.10254
7.1253
7.37787
5.76736
5.12993
10.5428
6.61481
5.06538
11.2849
8.17733
9.08711
9.64078
6.14854
7.86282
11.014
11.7969
9.86965
8.14449
4.81376
5.5925
7.95649
12.2549
7.04386
10.1498
9.49951
7.19121
5.64162
9.7439
10.2423
11.3421
10.6698
6.50855
12.7494
7.40354
5.48963
11.0639
7.95148
7.39005
10.2955
10.4753
8.76191
7.43562
9.76079
10.7043
4.50045
9.88603
12.28
4.97
6.34493
8.21157
8.315
10.4485
7.88036
6.37881
12.529
12.2039
12.8684
10.2084
9.72646
10.0947
8.39549
9.86898
8.83621
5.72608
10.8012
5.13137
11.0858
5.44641
12.5395
4.94061
9.13228
7.94031
10.0736
8.35082
12.4467
7.46629
4.44215
11.0772
10.3429
8.12737
5.92626
12.2849
7.28646
6.63781
11.4379
13.0094
5.77013
9.33657
13.9403
12.8938
13.2605
5.80838
8.12106
8.51487
9.58858
6.20588
10.4261
6.23896
7.81161
8.14942
11.2442
4.78896
6.22489
5.94197
9.57482
4.74886
9.91428
10.7032
12.8026
9.09709
7.58576
10.4593
5.69995
6.9045
8.18663
6.65492
7.22317
5.70953
8.76523
9.90595
11.6497
4.58586
5.63095
8.86414
6.93152
14.4392
13.375
6.94872
8.50349
6.37834
7.63129
10.0228
5.35989
5.16487
11.5932
6.78534
7.68794
10.0254
10.5416
6.5079
11.8571
10.029
11.1478
11.9671
8.48756
5.78949
8.87205
9.90558
9.16485
9.26381
11.4604
8.35322
7.8392
5.83953
10.0714
10.7319
4.04648
7.67022
8.53682
7.91468
9.87144
8.01934
6.15717
9.74943
10.1389
11.2333
7.92435
5.61009
11.5304
5.40218
6.80333
9.45724
7.16304
7.6816
12.7265
10.7239
8.36927
12.2038
6.12049
9.89093
9.56608
5.69404
6.4545
10.6645
12.7902
12.8631
10.7071
9.61163
11.1782
6.67309
9.34026
10.0958
10.0429
11.6106
10.1289
9.40827
8.06459
10.8622
9.90741
11.1517
5.17435
10.6802
8.77868
5.33998
9.4695
7.72231
4.14082
9.40763
7.53614
9.29075
8.85322
11.9862
5.77467
12.5105
12.6226
9.41356
5.97375
4.64239
4.48756
5.9476
9.54162
12.117
7.45409
12.6007
4.94194
10.443
7.37578
10.8164
8.50109
6.61835
7.87608
8.49315
13.0111
10.7544
7.61883
5.25291
11.9867
10.6834
5.52422
9.78232
6.205
7.24782
8.08752
6.44968
12.2698
12.7895
7.51981
6.71945
12.4094
10.743
10.832
4.15699
12.5055
5.89455
10.3689
10.3184
11.7098
8.44048
11.5362
9.7667
10.3346
8.31609
8.04931
8.20489
11.3673
5.17165
10.0824
10.6701
7.24249
9.59224
10.0895
9.69143
7.8256
4.97643
9.07588
12.4271
14.0238
11.0941
10.1257
9.42206
10.6231
5.95642
8.55012
6.33194
11.9777
9.06616
9.37664
10.5808
9.46964
7.31416
7.43156
5.47108
5.57079
7.18113
8.88987
7.73892
5.16755
7.75838
7.43375
11.8454
6.7522
9.61048
5.93498
9.0089
10.4411
7.43997
12.8552
11.109
6.47874
7.92697
10.6417
10.3375
8.56908
7.57905
6.32312
10.5884
9.55618
6.53359
9.68463
9.61821
7.45667
13.4984
7.25019
10.7965
6.67128
6.02803
6.30461
12.2155
7.98241
8.53088
8.96777
9.18463
13.0068
9.38616
6.13453
10.5517
7.66977
10.8996
9.18721
8.9961
11.3501
12.9527
8.00442
4.60608
7.28858
5.19547
10.5805
8.09764
7.7266
11.3343
9.14487
7.68988
7.43075
10.1341
12.3881
10.0423
7.49886
6.61646
8.4469
4.35685
7.86368
11.2044
5.97072
8.40905
9.44856
5.54805
5.65734
8.77767
6.87208
4.74151
10.4195
11.0964
7.59424
8.89031
4.6234
10.9213
11.013
10.297
11.9632
12.7413
10.9958
8.32316
6.90269
10.0751
12.5355
13.2526
6.50936
5.56732
7.78541
5.94553
8.55706
6.96467
8.57004
9.23975
9.28728
4.41315
8.99358
13.7297
11.1898
9.56086
11.6601
10.1287
8.59716
7.40553
6.33768
9.33128
10.9274
10.6779
9.99398
8.88617
8.39526
7.77943
6.54854
8.42037
8.81706
6.16086
4.79053
10.5477
6.51108
4.14111
7.74431
6.97079
9.18094
8.4523
5.55876
4.50562
8.94807
12.825
10.251
7.04598
8.42462
5.08357
5.23869
9.25767
7.05821
10.5166
5.66945
7.13943
9.50964
8.34077
6.59755
9.28128
9.90937
5.08577
9.8293
7.501
9.21338
9.91053
8.45418
10.4243
8.10262
6.776
9.70102
8.76106
9.56815
11.4014
6.63195
5.931
12.0274
11.7771
9.46034
5.11392
9.05917
8.28238
6.63438
7.92344
8.76417
7.17441
8.65684
7.39571
8.10623
5.69164
9.19505
10.942
11.4527
8.91417
7.1076
6.90147
8.79988
8.27539
9.16429
5.31051
7.88268
8.41117
6.56007
6.71343
7.27903
10.9287
12.1362
6.46743
7.40942
9.76023
6.17741
11.2846
11.2046
12.3996
10.4013
10.2586
8.46752
10.452
11.3118
7.05085
12.7728
10.0341
9.88267
7.82363
6.83823
9.37484
7.36503
6.47457
5.37169
7.8166
6.95931
10.4458
9.72182
9.44121
9.32586
7.3422
12.1828
8.26608
10.8437
6.24453
7.8839
6.06857
10.1878
4.65561
9.70847
6.39425
13.294
10.8745
10.749
10.4755
6.11181
7.24618
8.40227
10.9725
7.29577
13.1093
7.77017
8.16265
5.41398
8.80889
5.28627
8.50849
5.47219
8.25244
10.0724
9.91811
8.28836
5.76564
6.05768
7.24174
10.0372
5.1527
7.90114
8.26967
10.2509
11.3051
6.33229
12.2444
13.2326
11.499
8.17161
10.3167
9.15548
9.68129
10.5235
7.21517
10.4433
9.28126
9.59649
11.4663
8.19294
7.11038
7.82381
11.7859
9.19532
10.4208
9.7441
5.8122
12.1041
10.3075
8.34163
6.62
5.83948
6.18544
11.47
6.87452
9.11973
10.0428
10.9047
5.03706
11.2591
5.79244
7.4025
9.8069
11.7825
5.61222
11.1199
7.09295
5.19631
9.29617
7.60479
10.5118
8.67985
9.11231
6.48315
12.1514
8.00222
9.08067
6.57305
8.87747
8.88248
11.1175
5.74195
9.47495
7.59924
7.68817
10.2316
6.48927
9.31363
7.78675
9.68293
7.50963
9.27463
12.214
11.1951
6.20687
6.79779
7.26893
6.33064
8.06098
12.7527
7.97212
8.85819
9.69704
6.66158
9.25647
8.31665
12.0207
6.5664
5.57924
8.45929
9.02899
8.64427
6.96266
6.1093
5.92743
9.71291
7.41453
11.3362
8.26476
8.96797
7.06767
6.38602
11.045
7.06089
7.43798
7.69325
7.18678
11.9296
6.75637
9.84404
10.496
6.45668
7.86271
7.34781
8.11856
10.6459
9.56218
10.3111
6.81317
10.3731
6.39885
5.10805
10.403
10.8054
11.4425
6.00548
6.55166
6.23629
8.73584
11.269
6.81338
8.28166
6.48849
7.93648
7.7206
8.11717
7.85983
11.791
5.73743
11.6119
11.4521
10.1091
8.2358
7.079
7.69054
11.0064
6.9713
5.91637
5.22342
9.93955
9.5407
9.81343
7.89136
9.25616
10.992
7.43448
3.9893
5.20554
6.56371
9.95398
8.24536
7.18903
11.633
12.6251
8.11032
4.8366
9.70168
10.2989
6.82425
12.3744
7.04891
11.4941
10.4528
8.08902
11.8443
9.36508
7.29381
10.0227
9.0683
10.0836
11.0491
11.0657
6.30659
10.0173
12.9266
11.8009
9.34889
7.06685
8.43995
8.69461
5.94216
7.21044
6.52103
10.5524
10.2057
5.76662
11.738
7.35078
9.9793
10.6622
10.2618
10.8228
6.79102
11.8039
5.8059
6.67798
8.79631
10.397
9.47418
7.56235
8.66727
7.45255
11.9487
8.73904
7.93318
11.8306
6.8525
8.06527
9.98841
9.16831
6.35506
9.32066
10.6505
8.70653
6.0388
7.63318
10.4522
9.64173
12.2401
7.32674
11.7349
9.84873
9.214
9.14161
7.14839
9.1035
9.55018
8.66323
7.66221
5.25853
11.8551
13.8377
12.7281
10.1583
9.30977
8.79043
5.69779
10.0957
10.1738
6.75244
7.37143
4.23603
5.57266
10.3335
11.9647
8.48159
6.58535
8.58884
9.60845
5.95649
6.92987
5.90111
7.22672
5.03357
10.4309
11.6195
5.44999
9.30405
12.9036
9.36262
11.5352
7.92691
8.166
9.45659
9.50397
11.611
7.32998
12.3275
12.172
5.82124
8.20999
8.54756
9.09047
12.4776
9.8062
9.76773
10.4911
10.2046
10.8977
10.4884
10.6647
10.8237
7.73233
10.4559
10.9685
9.86516
5.41637
5.82563
8.23291
8.35808
5.4044
10.3921
10.8234
6.19354
7.02939
9.68564
10.4731
10.7097
11.5246
5.16082
10.163
8.05375
11.5559
