17.500000
10.200000
14.800000
26.100000
25.900000
40.000000
20.700000
36.200000
21.500000
25.100000
13.100000
29.200000
20.600000
52.000000
12.300000
14.700000
24.100000
22.200000
26.400000
16.500000
22.900000
7.900000
18.800000
41.100000
23.800000
21.600000
20.500000
16.500000
23.600000
20.000000
16.100000
33.600000
38.400000
47.300000
12.700000
48.200000
22.000000
36.300000
27.000000
34.800000
13.600000
14.300000
51.600000
28.200000
16.900000
62.600000
11.500000
25.300000
38.400000
14.800000
17.700000
31.300000
19.100000
9.900000
27.600000
40.100000
23.700000
14.900000
26.000000
9.200000
21.400000
21.900000
13.700000
13.400000
15.400000
31.500000
15.900000
71.600000
40.000000
36.700000
34.400000
22.800000
24.300000
28.900000
24.200000
20.400000
18.600000
37.700000
50.200000
25.000000
17.800000
19.200000
40.400000
18.900000
25.600000
13.600000
23.500000
37.900000
16.700000
19.300000
44.000000
33.500000
26.500000
20.200000
13.000000
37.700000
62.700000
15.200000
32.400000
28.700000
34.800000
24.800000
16.600000
28.200000
29.400000
25.100000
16.100000
19.400000
18.900000
55.400000
20.700000
14.900000
24.700000
26.200000
26.400000
36.700000
29.800000
14.700000
12.300000
44.500000
21.500000
29.900000
13.200000
31.600000
41.100000
36.500000
63.200000
44.100000
36.100000
21.700000
24.900000
14.300000
27.700000
37.500000
13.500000
33.600000
30.800000
33.900000
23.500000
17.100000
25.300000
17.100000
16.800000
33.000000
36.300000
12.700000
32.500000
32.100000
27.900000
20.100000
62.000000
10.600000
28.000000
33.800000
24.600000
19.700000
22.800000
31.300000
53.900000
48.400000
67.500000
27.500000
26.500000
22.600000
23.400000
21.000000
39.100000
20.700000
27.400000
16.400000
27.100000
19.900000
35.600000
38.800000
24.700000
24.100000
21.500000
27.500000
38.100000
29.600000
37.300000
14.800000
57.500000
25.300000
24.900000
31.100000
41.000000
17.900000
34.900000
47.300000
8.700000
24.300000
15.800000
46.900000
45.400000
23.300000
26.900000
34.200000
33.200000
46.300000
33.700000
25.400000
8.600000
29.300000
48.000000
38.300000
14.900000
10.900000
28.500000
73.000000
28.800000
39.500000
69.100000
19.200000
28.900000
69.500000
25.600000
14.100000
31.400000
31.000000
19.600000
9.800000
23.400000
18.000000
23.500000
15.100000
28.000000
10.900000
34.400000
21.600000
41.300000
70.500000
16.600000
28.600000
31.300000
18.800000
26.000000
22.700000
20.000000
15.600000
46.300000
27.800000
23.800000
15.700000
16.800000
42.900000
71.000000
32.300000
15.200000
26.200000
41.800000
18.200000
31.700000
30.000000
34.900000
45.400000
37.200000
20.100000
22.700000
22.700000
58.100000
20.500000
46.700000
28.600000
57.900000
29.500000
27.900000
30.500000
32.700000
26.700000
26.000000
17.200000
26.600000
30.800000
27.100000
32.800000
15.400000
43.900000
25.800000
37.600000
21.900000
8.900000
43.200000
20.800000
24.800000
16.500000
16.100000
29.500000
54.200000
35.300000
10.000000
15.900000
26.600000
8.200000
11.700000
32.200000
24.400000
19.800000
27.100000
21.600000
14.900000
26.500000
56.700000
16.500000
23.400000
13.800000
35.500000
41.600000
20.700000
24.600000
25.900000
22.400000
30.900000
33.600000
49.800000
27.800000
24.500000
41.900000
57.100000
22.800000
20.900000
29.600000
21.500000
24.800000
19.800000
10.400000
15.400000
20.700000
62.400000
18.700000
57.800000
51.000000
16.500000
36.500000
44.300000
12.500000
15.200000
21.400000
15.800000
39.400000
26.400000
12.600000
19.500000
26.100000
29.400000
12.100000
51.000000
39.200000
27.800000
27.800000
29.900000
36.100000
17.300000
15.700000
21.100000
26.400000
15.500000
53.600000
12.100000
13.100000
14.800000
29.200000
48.700000
55.100000
33.200000
25.200000
27.600000
39.400000
22.700000
57.800000
11.400000
21.600000
21.000000
21.800000
37.900000
24.900000
19.400000
48.300000
12.000000
31.500000
35.000000
42.500000
28.700000
24.200000
26.800000
57.400000
19.400000
14.100000
23.000000
16.600000
37.600000
12.000000
35.000000
33.700000
47.600000
20.800000
34.600000
37.000000
19.600000
28.800000
45.900000
30.100000
18.300000
32.900000
23.100000
18.900000
38.400000
17.100000
27.700000
26.800000
9.000000
23.100000
24.300000
21.600000
11.900000
19.000000
37.200000
12.600000
60.500000
13.900000
15.000000
15.700000
57.200000
19.800000
14.300000
61.000000
54.700000
10.400000
40.400000
19.600000
49.600000
15.600000
10.500000
24.200000
14.200000
37.700000
27.100000
70.800000
47.300000
22.900000
40.700000
53.000000
39.400000
34.200000
37.300000
27.400000
38.000000
21.300000
13.900000
29.400000
20.900000
17.800000
21.200000
38.800000
19.800000
24.100000
12.900000
23.700000
12.000000
32.500000
21.600000
64.800000
46.100000
18.000000
13.600000
36.800000
26.500000
31.400000
37.900000
66.500000
33.000000
20.300000
43.000000
59.800000
40.800000
14.000000
8.900000
16.500000
29.200000
69.700000
18.900000
27.500000
48.200000
23.600000
40.800000
9.700000
52.400000
21.100000
42.800000
25.800000
22.500000
31.600000
44.100000
23.100000
25.500000
25.000000
8.600000
37.000000
38.300000
24.600000
36.500000
19.100000
15.200000
16.400000
39.400000
49.300000
34.900000
15.200000
66.700000
27.700000
15.900000
11.100000
24.800000
16.100000
21.800000
28.500000
60.800000
24.000000
33.800000
43.700000
14.100000
13.200000
34.600000
64.100000
70.200000
24.700000
39.600000
25.700000
36.600000
25.400000
67.700000
42.800000
34.400000
14.100000
13.400000
16.900000
32.900000
13.800000
14.700000
35.200000
31.100000
25.500000
20.500000
46.500000
15.000000
21.400000
26.900000
22.400000
61.000000
36.300000
66.500000
23.200000
22.800000
41.800000
29.300000
21.000000
73.100000
12.000000
51.900000
41.400000
20.100000
37.500000
14.900000
36.900000
16.900000
19.100000
37.600000
22.500000
21.000000
23.200000
27.400000
21.500000
38.900000
27.200000
11.400000
20.400000
41.500000
19.400000
24.400000
20.800000
42.000000
24.000000
27.400000
22.000000
30.400000
31.100000
18.500000
36.300000
28.500000
30.600000
14.100000
25.900000
19.400000
35.600000
22.600000
65.300000
15.800000
30.200000
23.500000
54.300000
13.400000
47.100000
17.400000
15.200000
40.800000
24.200000
24.100000
42.600000
20.300000
20.200000
35.600000
23.900000
17.700000
34.200000
57.300000
45.000000
25.500000
42.100000
26.200000
62.700000
18.600000
44.100000
26.700000
35.300000
29.100000
66.700000
20.100000
21.300000
30.500000
24.600000
29.400000
18.900000
43.100000
13.900000
16.800000
25.700000
21.200000
24.000000
22.400000
60.500000
33.600000
23.800000
29.200000
69.100000
24.600000
44.200000
39.100000
29.900000
24.500000
26.600000
27.200000
64.300000
13.000000
33.900000
35.400000
23.600000
13.700000
18.700000
18.300000
40.400000
49.200000
16.800000
30.100000
29.900000
49.800000
23.500000
14.700000
27.500000
20.000000
50.000000
18.000000
28.100000
29.100000
32.000000
28.100000
29.000000
68.600000
49.500000
17.100000
17.000000
29.700000
38.700000
19.400000
36.300000
44.200000
39.600000
36.900000
21.200000
40.600000
9.400000
35.300000
12.400000
36.800000
19.300000
38.400000
11.800000
10.500000
14.400000
19.100000
19.400000
21.000000
9.000000
28.300000
40.900000
57.500000
14.400000
30.700000
10.700000
16.500000
23.700000
12.100000
32.800000
25.600000
8.800000
44.600000
24.500000
24.100000
21.700000
16.300000
36.000000
22.500000
20.700000
37.400000
29.900000
24.300000
30.900000
32.500000
29.000000
58.900000
21.600000
25.000000
12.600000
19.600000
18.600000
16.300000
19.500000
32.600000
20.200000
55.200000
20.700000
12.500000
16.800000
27.000000
13.200000
33.900000
65.200000
22.900000
20.000000
32.000000
26.100000
45.300000
29.600000
10.700000
33.500000
14.400000
12.800000
14.800000
35.100000
34.400000
21.000000
29.600000
30.400000
37.400000
51.200000
39.300000
6.900000
15.700000
34.300000
29.900000
38.100000
54.000000
20.200000
72.800000
40.600000
25.700000
46.600000
22.500000
21.100000
24.200000
39.200000
53.000000
32.200000
21.300000
16.000000
18.000000
28.700000
14.300000
31.700000
20.700000
31.900000
18.500000
13.200000
9.600000
17.700000
37.500000
26.500000
19.400000
15.800000
24.200000
41.700000
16.700000
35.200000
20.600000
23.200000
29.600000
19.400000
25.600000
35.800000
14.700000
29.500000
53.600000
32.700000
35.700000
50.000000
19.400000
47.900000
25.200000
34.500000
21.600000
20.400000
