0.993100
0.572250
1.907250
1.527800
1.403500
1.119200
1.081000
1.459200
1.178400
1.700300
2.098150
0.716300
1.569100
1.066950
1.315900
1.485650
1.501350
1.038000
1.146450
1.811250
1.287050
1.720050
1.419200
1.514950
1.207250
1.162850
1.584600
1.055350
0.883100
0.776900
1.319000
2.094950
0.794650
0.988150
1.229050
1.829450
0.659200
0.973900
0.966550
1.192250
1.585200
1.687600
1.549250
0.897200
1.640300
1.414500
1.840900
0.855150
1.198900
1.680650
1.465000
1.599650
1.077250
0.727450
1.232300
0.945150
1.459150
1.561600
1.233250
1.511400
1.955600
0.783700
1.315650
2.009650
0.886650
0.795350
1.460400
0.946350
1.428350
1.196400
0.701000
0.898900
1.148700
2.098650
0.630300
1.110300
1.160550
1.816300
1.767200
1.293250
1.642500
0.893050
0.827900
1.599750
1.299750
0.610200
0.857950
1.240000
0.833200
0.570400
1.330850
1.260050
1.133300
1.297700
1.291350
1.358550
1.337450
1.496350
1.247950
1.343450
1.458550
0.918550
1.099150
0.991800
0.909950
1.372900
0.839500
1.353550
1.241900
1.900650
1.930400
1.366700
0.507950
1.285900
1.130900
1.134850
1.418700
1.946650
1.171750
1.244700
1.402700
0.720550
0.618000
0.658250
2.107000
0.823850
2.192800
1.303500
0.812200
0.814200
1.320100
1.531600
2.423050
1.256000
1.142100
1.161550
0.605950
1.886700
1.120050
1.071650
1.178350
1.980550
1.171250
1.487100
1.678000
0.856450
1.473550
1.349800
1.484400
1.117000
1.506250
0.902800
1.386400
0.524750
0.391200
1.413350
0.822200
0.863300
1.049450
1.102750
1.127250
1.439850
2.060500
0.705800
1.029400
0.674250
1.152150
1.507250
0.963750
1.260550
0.876450
0.889150
1.225700
0.779000
1.259450
0.941850
1.688500
1.666950
1.090750
0.806500
1.011350
0.590800
1.319950
1.245650
0.504300
0.808050
1.451250
1.441000
1.339400
1.216550
0.890150
1.817000
2.446500
0.877650
0.789700
1.389800
0.974850
1.475100
1.018400
1.049050
0.851000
1.028450
1.018350
1.795500
1.231450
1.202250
0.669400
0.984300
1.747350
1.046400
1.322100
1.320250
1.919600
1.194650
1.089700
1.349050
1.365400
1.942250
1.392250
1.144300
1.060750
1.213500
1.024000
1.002350
0.659750
1.327050
1.518750
0.877600
1.483200
0.735150
0.807250
0.938800
0.927350
1.065700
1.436100
1.414450
1.070200
1.378250
2.411900
0.964950
1.805600
1.553350
0.865450
1.535800
0.617800
1.596300
0.984000
1.300500
1.154550
1.333150
0.741000
1.978650
1.108500
1.384650
0.955050
1.321550
0.562000
1.521350
1.139650
1.060450
0.851800
1.266250
1.394550
0.615600
1.067050
0.886250
1.173700
1.190750
0.861800
1.044650
1.765650
0.899550
1.198850
1.193300
0.674400
0.986100
2.067900
0.991400
1.127550
1.130850
0.624900
1.373200
1.661000
1.584400
0.438450
1.296050
0.999450
1.343250
1.438550
0.790750
1.348800
1.230200
1.963250
1.645000
1.239450
0.938200
0.915550
1.426600
1.579350
1.200550
1.198350
1.046250
1.044150
1.051050
1.009050
0.847950
1.097250
1.415400
1.669150
1.238400
0.728650
1.551900
0.903000
0.748550
1.738450
1.188600
1.067250
2.100350
0.894450
2.302550
1.586650
0.927250
0.605050
0.985450
0.461200
0.813900
0.601350
0.865850
1.133050
1.577050
1.823450
1.670300
1.088400
1.878950
1.652750
1.341850
1.480200
1.095200
1.344500
0.863550
0.679000
1.055250
0.936850
1.352650
0.785950
1.198250
1.203150
1.310600
0.703100
1.167150
1.138900
1.447700
2.224200
1.962750
1.178850
1.554000
0.768450
0.344800
0.566500
1.660500
2.161750
1.421250
0.564550
1.095850
1.344250
1.371450
1.397250
1.182000
1.156450
1.647000
1.602550
1.996150
0.795200
0.926100
0.874900
1.078100
0.618450
0.471000
1.637350
1.031500
1.348950
0.800000
2.254700
0.570600
1.017750
0.668900
1.331700
0.922000
1.009750
1.400800
1.361400
0.744700
0.762500
1.211650
1.864800
0.811800
0.698950
1.133300
2.463700
1.698650
1.190600
0.928300
1.478200
0.690000
1.341500
1.438750
1.114300
1.308200
0.825500
0.773300
1.541450
0.740250
1.978550
1.167700
0.948950
0.688250
0.720150
0.955500
0.983450
1.072300
0.820050
1.615500
0.933650
1.775800
0.909500
1.522800
1.538200
1.078200
0.934250
1.292700
1.351700
0.737350
1.648900
1.155250
0.638250
0.729100
1.499550
1.723200
1.411850
0.714400
0.998450
1.023150
1.512650
1.038800
1.563900
1.219400
1.217950
1.357300
0.615800
2.105450
0.984700
1.263100
0.853350
0.972550
1.972500
1.824450
0.833150
0.749000
0.846750
2.297950
0.802850
1.791750
1.025100
1.299850
0.554350
0.762150
1.102200
1.536600
2.233300
0.832300
1.520600
1.958500
0.883350
0.396750
1.416150
1.074400
1.187100
2.146250
1.629450
1.736250
2.211650
0.704700
0.617400
1.075050
0.840350
0.734650
0.998400
1.264100
1.183750
1.720350
0.801250
1.646150
0.558300
1.394400
1.014100
1.156150
1.624850
0.636800
1.522550
0.643750
2.027900
1.682500
0.778950
1.136850
1.187000
1.831650
1.342800
1.639450
0.824650
1.683400
1.194200
1.147050
0.776800
1.220400
0.911300
1.860550
1.459250
0.866400
0.682050
0.861100
0.782000
0.930000
0.843850
1.031350
0.834850
0.897800
1.117450
0.730850
1.496550
1.049900
0.745300
1.113350
1.740850
0.906550
0.521800
1.098750
0.943900
0.905300
0.635850
0.592250
0.839500
0.805800
1.094100
1.186150
0.910800
1.058300
1.075000
1.287450
0.642700
1.998250
1.567950
0.826450
1.785450
1.664100
1.160100
2.308150
0.761300
1.002450
1.777150
0.736000
1.352250
1.033150
1.494650
0.591000
1.655700
1.118550
0.796750
1.318700
1.713550
0.749850
1.081800
1.028250
0.819450
0.864950
1.224300
1.501350
1.257850
0.798150
1.232650
0.975250
1.566550
0.904700
1.253050
1.020050
2.162900
2.188500
1.719050
0.758450
0.738900
0.793600
0.997750
1.990700
1.445250
0.967050
1.082300
1.676500
1.097300
0.988250
0.906500
1.434800
0.786300
0.750850
1.316700
0.843900
1.155100
1.727450
1.052300
0.925300
1.969200
1.060250
0.605000
1.768150
0.942650
0.880850
1.467700
1.284400
0.668650
1.625350
0.764500
0.643200
0.919900
0.785600
0.960950
1.022850
1.711500
0.883450
0.988550
1.714950
1.074950
0.663000
1.525400
1.372050
1.144450
1.335150
0.505850
1.500600
0.846050
1.251650
1.350850
0.876400
0.856050
1.868850
0.930950
0.931650
1.946650
1.258600
1.149950
1.247250
1.043900
0.825300
1.028300
1.295350
0.820550
0.793150
0.708500
1.102050
1.089550
0.953450
1.288450
1.970500
1.076500
1.090600
1.022200
0.971750
1.575950
1.076650
0.735500
1.131550
1.688900
0.678900
2.421300
1.282200
0.620600
1.297550
1.228250
1.050550
0.987800
0.812550
0.811450
1.036550
0.762000
0.882250
0.954300
0.766250
1.632200
1.145900
1.321750
1.355800
1.000250
1.063400
1.193350
1.233500
1.563500
1.176000
2.120150
1.811700
1.262900
0.993650
0.623700
1.794700
0.679700
0.765100
0.616300
0.965300
1.435400
1.251750
1.803300
0.678100
1.139300
0.978050
1.367600
1.679900
0.695400
1.738750
0.955350
1.502400
1.029250
0.771650
1.711850
0.746550
0.930200
1.598700
0.830300
0.684250
0.828250
1.268150
1.402300
0.768200
1.659550
0.764800
0.909900
1.038600
1.147300
1.077750
0.878950
0.798550
1.939700
1.395200
2.233400
0.952950
1.598650
1.005500
0.851800
0.892200
1.541800
1.296700
0.787700
1.261350
1.510250
1.421950
0.749050
1.043650
1.107750
0.807600
1.523350
1.064400
1.581200
0.547500
1.980800
1.023150
1.015150
0.947950
0.868050
1.615850
1.591400
0.663900
0.814500
1.369200
1.062600
1.483400
1.082250
0.908950
0.746700
1.177600
1.005850
0.668750
1.862950
1.153700
1.880700
0.798900
2.020900
1.237050
1.114500
1.635700
1.951150
1.702200
1.148450
2.143950
1.262600
1.510900
0.828850
1.347200
1.168100
0.637700
1.275700
1.328650
1.059400
1.184450
1.256350
1.105900
1.304250
1.128150
0.898200
0.607000
0.987800
1.439350
0.884100
1.098950
0.754100
1.320850
0.597350
1.248050
0.945750
0.779400
1.199850
1.855600
0.826950
1.523050
1.783750
0.981000
