62.007124
16.067005
76.704764
73.486592
29.500413
37.379114
46.872768
47.144286
40.329507
69.187643
67.411286
33.397578
52.620940
50.018962
44.182875
65.443372
68.064119
48.995572
19.993698
48.264877
61.662856
36.386872
44.587788
59.291726
52.280039
68.337922
46.590993
24.239659
61.757646
38.368831
38.947446
36.789258
39.457778
33.603520
67.804180
46.238816
31.013672
41.586348
32.956088
52.655921
68.707098
42.235590
76.011086
38.037400
67.788125
71.506624
64.775041
33.300650
37.878006
35.076503
47.131115
53.196067
51.315960
40.673194
56.869297
50.625967
59.894239
56.402358
31.245290
39.248197
57.719159
43.709892
37.108623
59.670583
36.267841
56.059262
56.263103
31.882528
62.516590
54.093785
44.803629
49.563114
23.330509
55.763697
29.560919
42.568619
33.981223
36.095271
40.173062
36.199487
66.913121
35.095761
43.896677
55.323707
46.693809
25.335243
35.167615
26.777094
33.987751
11.516376
59.933858
26.752984
52.589459
60.950472
39.129219
32.533423
64.422740
62.059285
33.089453
56.205747
59.859577
47.958369
19.018214
43.686473
41.785069
33.260821
27.523507
65.718505
57.111077
60.109738
70.941963
49.487434
27.648103
36.874670
59.995126
31.291952
67.593632
40.430783
44.784325
58.849180
69.788346
25.462150
28.322509
33.013873
47.986536
54.467114
61.567922
60.153796
27.506969
23.489070
39.034766
71.630041
61.375583
37.006908
32.719563
50.389232
26.604186
65.580122
38.688610
35.080507
46.418083
65.969168
43.821321
52.602934
72.040917
28.835973
63.049874
26.467792
50.353720
34.564231
17.674805
15.219992
63.321061
21.589067
16.812651
54.883093
29.215565
39.156072
71.563830
31.722911
27.738119
27.739629
40.687871
27.336252
49.271236
24.867712
62.046498
63.560172
53.401266
43.274379
27.786457
42.535332
53.757753
38.994804
54.076493
40.088809
72.142296
67.311955
45.644008
26.180853
47.664817
30.069484
47.380775
60.870015
25.543786
43.576097
57.136572
71.930982
33.091756
62.517182
43.339652
55.266567
31.463508
57.341362
27.265781
39.784797
29.160923
58.761298
53.515621
56.052985
37.041619
62.085973
38.045957
56.097083
38.697368
24.893889
42.058363
72.261897
35.031602
41.630776
74.205381
55.873818
41.131746
45.195256
53.282514
49.776584
56.341756
58.779464
48.032216
55.984674
31.010313
23.821585
48.904836
65.667823
19.419043
33.957526
45.811082
33.797887
54.621100
25.080737
39.254955
24.837972
65.298932
43.845786
59.701539
26.553870
54.864934
33.413651
68.736535
29.557199
60.489429
33.967500
34.462363
43.522875
41.498818
46.327037
41.013320
41.569772
53.185745
49.737525
12.209826
70.951010
57.947938
56.600112
34.021853
48.753311
37.468056
66.020309
61.134772
34.732567
22.886208
30.251255
72.935531
37.106606
50.159194
31.736709
43.416708
61.893879
33.810545
51.576937
70.674804
33.903551
50.490351
33.427512
44.190137
53.628007
27.431989
53.692765
57.686553
61.384227
23.717673
64.236439
36.923815
58.078597
26.844546
51.627662
51.890481
56.486867
58.165308
53.095468
48.378407
61.845505
55.391853
35.600956
60.901332
17.475994
24.247000
47.897392
55.064763
33.422306
65.137492
29.299692
29.873037
55.670874
29.611790
40.642074
28.060210
68.874231
49.337077
32.682828
30.099314
60.755515
30.587666
31.479826
70.828716
53.968556
51.752186
44.763457
51.698481
52.418037
44.355515
31.457615
14.770065
59.617852
21.667535
23.268074
17.820246
38.954430
42.609827
60.435503
64.836525
43.196300
35.197735
56.936106
57.454974
35.658954
61.378399
65.135211
46.152565
24.138768
32.960752
36.208460
42.808585
38.994604
16.869023
58.305579
44.622027
41.230200
21.468613
49.621536
24.803150
43.099967
66.651602
41.352033
67.708819
29.062265
42.334271
24.302362
30.439192
62.323166
64.433220
27.256032
31.233740
64.879585
34.777293
30.456221
61.080610
47.800141
64.452327
39.330506
56.729666
68.037135
28.325701
45.230034
34.531340
44.319540
30.348542
21.341856
35.729940
49.317968
34.741613
45.665420
48.311047
20.352196
49.108571
29.948798
33.563073
25.187867
44.368324
62.940982
42.444923
18.560256
35.053779
59.684500
54.926318
27.601695
26.538183
50.578225
77.429077
68.581630
51.125990
43.509154
67.576736
38.871209
68.557924
65.468418
41.719095
49.273833
35.815460
22.108447
45.812509
14.084743
51.005487
54.014757
35.097529
22.400211
41.948425
25.216193
42.095694
26.737829
50.829580
60.150596
24.797186
74.720588
38.351947
68.069046
59.307416
22.717695
31.557599
40.934892
41.536535
38.208068
53.849483
42.793510
23.174147
33.887309
44.385200
20.262446
29.117127
17.597452
60.036234
39.460673
58.315272
22.022797
62.948877
37.806971
64.186787
53.883228
25.605646
59.728883
43.435877
66.195660
37.467084
35.987103
59.035956
35.347620
34.406257
21.047322
20.737104
70.429494
33.860620
42.905501
52.674402
46.215904
18.105327
28.051951
25.294009
45.343174
61.816913
29.323960
59.973633
32.675030
37.462104
20.402592
47.509231
31.707945
30.111876
55.225626
29.684322
61.607702
76.245488
47.184350
34.055144
50.387902
46.785113
41.329450
44.040873
37.793261
61.924927
66.429087
29.442902
64.846582
39.231205
48.317966
33.998628
41.244643
59.244831
26.077619
59.654781
40.608009
77.502110
49.326335
21.326453
28.706670
63.076718
69.795689
68.458487
54.240455
43.733433
57.755878
27.210810
55.392035
15.994021
72.442639
41.674600
45.958555
51.360132
23.518832
30.582792
21.631870
47.962401
38.066524
30.371364
49.464311
15.524609
26.270725
63.878714
34.035671
60.214968
45.632800
34.414822
29.334494
67.593366
28.119063
17.612046
38.608773
24.691766
46.010611
48.688479
29.625623
38.579307
39.594998
23.912858
39.231115
28.180446
59.057338
40.460612
61.690921
56.890547
66.485680
46.754707
32.462646
45.310060
35.412476
33.046545
65.019382
36.589477
34.171915
63.959515
39.767088
61.316304
37.344689
62.420545
19.033328
78.061715
30.509920
34.666814
57.461195
52.579318
21.622249
57.447945
48.178258
40.293579
23.013308
52.689549
53.046470
49.965477
22.962934
58.632091
42.028243
72.477640
39.257605
36.753333
46.722505
39.026453
61.712612
60.228481
48.083565
28.888718
23.117582
42.236619
67.689323
50.314591
21.331518
30.746566
53.635038
50.146634
39.510106
33.585116
32.158196
38.358141
43.221236
55.966234
57.369863
51.835260
24.909822
60.234853
32.814786
60.670754
41.945365
26.160068
50.098179
44.738774
49.736945
20.861607
20.552896
23.957596
37.249183
33.674659
22.282052
26.946606
25.570474
54.150402
46.349613
45.407595
28.470741
42.247373
53.329746
55.822137
28.432252
39.026868
55.608637
37.640421
51.200265
27.856924
56.965268
32.161913
31.159697
62.393196
41.219877
51.224482
40.908430
25.113686
27.813863
65.077928
39.142452
41.425262
55.854199
44.465736
43.928320
62.820592
37.193111
24.467090
22.751534
45.946303
38.664889
49.323070
42.940460
47.876704
64.923212
62.466751
29.058193
48.010313
31.695662
58.984961
25.731240
32.011685
38.960517
55.998164
33.369447
68.524163
71.540901
32.305293
51.176436
22.920833
47.702519
41.425438
43.218403
46.304692
26.065524
50.955834
39.840372
22.195852
35.923017
69.462681
37.073312
54.855562
52.955969
28.483427
56.358977
63.262333
35.899915
37.442682
56.643256
63.312129
65.323148
53.283839
38.805495
22.943726
66.600843
34.864376
36.990237
33.339271
33.142312
71.843190
22.802430
67.230968
27.424810
26.463801
52.325878
50.571472
59.800337
18.572988
38.481044
48.088666
58.837248
46.620388
53.060039
43.018473
42.027642
24.000323
55.524759
29.809555
25.848469
35.532822
41.350635
56.260639
49.771429
48.220209
40.183570
23.054179
43.473127
55.834595
55.542883
52.759801
29.769868
65.617227
37.618573
67.588919
40.494577
41.343461
41.433303
15.488037
52.093746
48.446669
18.451127
21.650723
26.875745
56.526485
61.802857
25.388226
37.255233
51.215990
24.450926
43.572828
36.321543
24.153535
37.325677
44.748913
54.645021
20.930516
37.393733
40.229495
52.141635
56.872859
34.214629
13.550260
59.596022
43.211726
61.913803
32.126583
49.008887
47.955302
59.157153
30.469930
30.514270
60.452352
73.891524
59.715257
48.510653
63.337229
63.439545
57.629566
73.657928
44.503917
56.737961
65.947019
39.516460
43.192358
56.058313
32.714202
49.926270
37.431316
51.688104
51.081485
27.610384
48.913873
54.407538
58.613152
45.980780
53.617620
37.972759
68.917555
40.785754
44.240829
54.563454
42.817777
49.928444
38.430426
34.696845
32.803288
42.365560
28.625616
28.634179
75.346276
31.199653
32.408181
52.164055
44.372536
30.191287
