0.341762 5.462240 13.121953 1.089224 1.349132 0.027743 0.139878 106.126278
0.250531 5.500682 11.366154 0.929423 1.327014 0.018130 0.128684 72.705943
0.269929 5.945693 10.473916 1.492985 1.354003 0.024999 0.129239 72.078097
0.540302 12.407246 12.486841 1.406215 1.367237 0.018030 0.119618 74.213743
0.279940 5.504503 11.786730 1.475421 1.345812 0.018646 0.107750 78.878633
0.518742 7.920000 13.172594 1.369118 0.831869 0.026658 0.137240 72.047119
0.385139 7.728095 12.254134 1.463436 1.146985 0.027034 0.138614 78.611383
0.266440 6.948540 10.346593 1.402167 1.304461 0.025148 0.134803 73.186261
0.263654 5.613272 12.859390 1.511413 1.291666 0.026337 0.138893 143.121272
0.505702 7.118560 12.945187 1.156276 1.344011 0.025806 0.135304 87.057169
0.255997 6.207592 13.117434 1.488324 1.299902 0.016689 0.137859 79.369686
0.537319 9.750951 11.436770 1.443973 1.382460 0.027800 0.120877 80.014947
0.382244 5.426756 13.171604 1.321863 1.345781 0.014466 0.064784 79.602834
0.498890 11.503205 12.354012 1.493711 1.398248 0.027141 0.125009 116.785551
0.296091 5.900106 12.858850 1.076627 1.378881 0.025091 0.123772 86.467504
0.262012 5.407275 12.132996 1.292168 1.189168 0.022613 0.134197 105.881006
0.536105 6.120153 11.572724 1.448508 1.288192 0.024461 0.129329 87.454703
0.265871 6.380247 12.232428 1.402148 1.323269 0.017587 0.115501 77.656733
0.458597 9.874588 12.083045 1.529560 1.283368 0.027114 0.139116 100.482205
0.545697 6.229729 10.838687 1.529181 1.379232 0.026645 0.115168 93.517880
0.547341 11.738232 12.382362 1.353945 1.321777 0.026947 0.138607 105.055727
0.291104 7.218497 12.498073 1.376543 1.350149 0.025607 0.135302 96.538349
0.537590 7.359043 12.766545 1.403907 1.330383 0.025590 0.129116 108.674678
0.498279 6.932055 11.598941 1.389372 1.355051 0.026139 0.131793 72.985504
0.530856 11.776723 12.824357 1.259603 0.909871 0.027482 0.134418 76.007966
0.539345 12.337471 11.837791 1.411055 1.336205 0.027859 0.084161 117.442747
0.240629 5.497042 9.558048 1.369765 1.190512 0.019345 0.137892 92.229445
0.255462 6.396167 13.177414 1.459910 1.155058 0.019926 0.127818 90.354496
0.250351 5.595415 10.158268 1.531694 1.123321 0.016172 0.135524 85.844101
0.544544 12.001605 10.849980 1.390706 0.894434 0.025430 0.138829 77.996535
0.294611 6.164682 10.829213 1.489765 1.361595 0.018492 0.131574 101.610796
0.558176 6.081861 12.454519 0.840838 1.357223 0.027340 0.124000 73.802056
0.539983 11.425259 10.533416 1.514502 1.259450 0.027316 0.128081 91.560230
0.254275 6.093133 12.952011 1.454272 1.094309 0.023764 0.134139 100.778455
0.494264 5.837610 11.076329 1.501504 1.395579 0.025556 0.131314 84.564211
0.491431 7.220487 12.123604 1.279426 1.140389 0.027730 0.136986 75.440321
0.388047 5.429966 9.801877 1.451787 1.362897 0.023743 0.136246 80.551533
0.558100 5.758901 11.997543 1.522214 1.357731 0.014165 0.076844 75.428862
0.243045 7.375409 12.913952 1.297300 1.312149 0.023722 0.137054 88.928359
0.248702 6.941668 10.806531 1.340284 1.270578 0.020329 0.138287 84.771932
0.488725 9.381724 13.094862 1.531030 1.133134 0.024571 0.125878 74.419604
0.287968 7.364017 12.749985 1.390874 1.213745 0.022065 0.130720 78.884899
0.257574 6.170831 9.769341 1.538559 1.336089 0.016125 0.125778 93.160161
0.301408 7.907116 12.510605 1.491186 1.189115 0.016057 0.130817 72.665668
0.478955 11.100865 12.966642 1.533318 0.881844 0.025202 0.138132 72.547064
0.257512 5.423008 12.742424 1.491376 1.042548 0.022671 0.129560 83.166316
0.371420 5.468098 11.272536 1.526032 1.272921 0.026658 0.119093 85.696135
0.511546 9.590638 12.947702 1.206528 1.236317 0.027348 0.125963 81.767569
0.526875 11.884285 13.060447 1.365899 1.058199 0.025861 0.106496 74.469300
0.265034 5.570772 9.577966 1.490109 1.332588 0.020083 0.113649 74.647822
0.290210 5.427078 12.409943 1.009003 1.391169 0.027388 0.114460 77.272771
0.258350 7.102761 11.687783 1.355325 1.310891 0.026543 0.133630 86.395776
0.261324 5.443596 10.246137 1.374946 1.277048 0.017925 0.131551 94.920694
0.534375 11.710874 11.154545 1.421031 1.399069 0.027848 0.114251 103.068381
0.552330 11.182389 11.697077 1.429737 1.310455 0.027607 0.125008 144.302189
0.412568 11.296178 12.681540 1.505641 1.364955 0.024621 0.137731 84.167461
0.543760 10.471674 10.381110 1.329258 1.278099 0.026924 0.127989 75.700553
0.337507 7.102708 12.986937 1.396035 1.173288 0.026088 0.132627 82.645079
0.494668 12.054918 12.437681 1.331295 1.072545 0.026129 0.134285 82.443764
0.335180 5.998632 12.770663 1.489138 1.027086 0.020570 0.139469 81.612500
0.502949 11.722628 12.081218 1.448283 1.337972 0.023036 0.131790 84.328966
0.554319 10.243002 12.349362 1.376293 1.260238 0.026713 0.061507 75.442616
0.412568 6.563578 13.098033 1.085834 1.367260 0.023299 0.137867 74.966867
0.273322 7.277577 12.944782 1.195374 1.325430 0.026403 0.124768 79.862170
0.541294 12.466937 13.058112 0.828659 0.838883 0.015055 0.130826 73.350319
0.469326 12.461447 12.485229 1.280025 1.386726 0.027329 0.118065 90.356950
0.540571 11.241086 12.654332 1.495573 1.072210 0.026398 0.118874 110.088380
0.549928 11.140009 11.914045 1.449647 1.332435 0.027062 0.061355 87.350941
0.304472 6.997381 10.983179 1.535754 1.350918 0.015920 0.134451 85.797950
0.454322 6.456563 11.172997 1.404564 1.369984 0.026876 0.127240 79.437810
0.527431 12.480893 10.014903 1.409262 1.179099 0.027072 0.117625 75.802851
0.242813 6.390358 11.530608 1.430397 1.205916 0.017162 0.124761 77.014953
0.260426 6.690054 11.954244 1.428299 1.268113 0.013340 0.131719 97.893150
0.550571 9.684252 11.778131 1.413241 1.270029 0.027534 0.115732 89.719774
0.312999 5.599183 11.720041 1.512002 1.107401 0.021313 0.138752 73.482213
0.304645 5.474264 12.700198 1.537653 1.112949 0.012732 0.109185 77.212766
0.484941 6.143191 12.550811 1.329192 1.374316 0.027449 0.123783 91.778094
0.314877 6.752786 12.208588 1.452522 1.331949 0.019747 0.131117 79.846829
0.250287 5.430287 12.024186 1.325924 1.310923 0.020710 0.117849 77.810377
0.337405 6.126035 12.703204 1.144637 1.378512 0.016831 0.134311 85.992282
0.540448 6.219454 12.287480 1.416624 1.077406 0.026583 0.133222 76.610255
0.270854 6.499418 12.061145 0.965048 1.372769 0.018367 0.134147 76.188377
0.475321 6.173204 12.872388 1.417726 1.292124 0.025157 0.120874 87.786625
0.556941 11.020032 8.543119 1.528477 1.225601 0.026256 0.123535 79.598259
0.314209 5.401820 9.234842 1.499509 1.335386 0.024621 0.124746 85.088590
0.499964 6.154663 12.258450 1.532981 1.350381 0.024698 0.131300 93.901944
0.284052 6.245704 11.310430 0.987253 1.317454 0.025472 0.137754 74.501642
0.241218 6.441640 12.741941 1.537800 1.169989 0.025426 0.136998 93.358400
0.469577 6.016083 11.964606 1.340255 1.325833 0.025409 0.132414 78.487992
0.250266 5.823781 11.526125 1.238160 1.222328 0.013474 0.130798 82.056655
0.544703 11.670323 13.135197 1.341912 1.326821 0.019110 0.137630 97.810581
0.525606 11.625455 12.750241 1.427276 1.338673 0.024879 0.115270 99.305113
0.312434 5.620792 12.500474 1.386571 1.357118 0.026694 0.137722 103.657267
0.539536 9.272223 12.932670 1.115059 1.300612 0.027680 0.134941 88.075480
0.269765 6.569515 12.861451 1.446462 1.109243 0.023186 0.133356 86.822307
0.446483 5.548887 12.719784 1.469394 1.384912 0.012300 0.083386 85.014369
0.522404 5.559472 12.309396 1.433784 1.358938 0.026776 0.136239 76.515748
0.547809 10.185818 13.061881 0.679954 1.055716 0.018048 0.138564 73.036548
0.302870 6.980571 12.861748 1.505429 1.328667 0.014876 0.101588 74.636216
0.530804 11.768986 11.616986 1.449725 1.270821 0.026525 0.135828 90.271281
0.374696 6.515316 12.124345 1.319276 1.325971 0.012794 0.137971 81.307816
0.339820 5.894656 11.281443 1.526030 1.393869 0.015801 0.131617 95.569856
0.375241 5.622762 11.345874 1.436854 1.361539 0.027491 0.111142 81.048597
0.535310 7.803238 11.848078 1.306497 1.263287 0.027544 0.135292 75.190137
0.273434 5.628933 11.960372 1.307809 1.241585 0.019182 0.128790 85.524606
0.535087 11.861572 13.076350 1.483535 1.285689 0.017235 0.124691 77.584889
0.251880 6.026565 11.490376 1.461988 1.329189 0.015814 0.136531 118.112535
0.285004 5.402531 12.333268 1.040509 1.332229 0.023039 0.132223 93.106653
0.245613 6.421903 12.798404 1.208363 1.057966 0.021531 0.136715 75.336790
0.249862 5.425921 11.186775 1.457219 1.275252 0.023599 0.128366 113.731444
0.550586 7.398305 12.304955 0.779119 1.233679 0.012068 0.138300 74.537159
0.548565 12.266815 12.288407 1.397963 1.135150 0.027960 0.107845 123.056145
0.554009 6.681030 11.005507 1.154005 1.273047 0.027123 0.139366 72.890587
0.500805 12.594053 13.009245 1.350964 1.166186 0.027882 0.084564 80.849438
0.541826 7.721077 12.969616 1.488515 1.003142 0.027613 0.135175 102.492210
0.294493 5.953084 12.456761 1.417544 1.199926 0.021829 0.135373 86.998443
0.553273 12.233698 13.034758 1.517711 1.210462 0.026771 0.118709 162.649014
0.543432 12.227994 12.888494 1.340262 1.328806 0.021579 0.132003 115.965557
0.329167 6.097075 13.109735 1.261816 1.307339 0.025524 0.138786 81.877254
0.524066 5.794338 13.003049 1.530606 1.166745 0.023639 0.137018 91.722620
0.433367 12.533900 13.152987 1.225338 1.318623 0.026236 0.131053 75.493785
0.536127 9.451513 11.638939 1.341899 1.240435 0.026993 0.138797 90.886086
0.248310 5.480930 12.052320 1.444571 1.158473 0.022274 0.132697 112.377163
0.557044 12.228090 12.886285 0.904768 0.645813 0.014430 0.139223 82.143000
0.256613 7.623519 12.382979 1.506391 1.343435 0.018166 0.131345 90.935265
0.354976 5.826146 11.826877 1.428724 1.118769 0.023739 0.135451 77.929229
0.322642 7.166964 12.818204 1.306068 1.371087 0.019205 0.132192 85.447892
0.377981 7.146506 11.937934 1.446701 1.389900 0.012958 0.138593 84.322127
0.536184 11.828170 12.980210 1.385227 1.285776 0.024584 0.139751 108.233159
0.254412 5.538644 12.487521 1.255559 1.037993 0.018656 0.136476 73.406635
0.530604 11.131697 13.074078 1.236408 1.257963 0.025331 0.117151 75.887993
0.278738 6.089092 10.995807 1.368304 1.397611 0.015898 0.120528 91.641584
0.556820 9.433858 11.980075 1.531033 1.135625 0.024776 0.117291 80.046350
0.267375 5.951687 12.455766 1.345260 1.390434 0.016732 0.100426 77.998773
0.555674 10.451581 11.909144 1.440616 1.367055 0.027646 0.085808 72.764119
0.527495 12.398582 12.917816 1.435904 0.880586 0.027545 0.139073 126.216388
0.277409 6.260396 11.126537 1.395297 1.245802 0.023032 0.130428 83.357459
0.245577 5.635562 13.058796 1.526158 1.337357 0.015854 0.120903 109.604374
0.515326 7.259091 12.805851 1.316201 1.257828 0.012211 0.060599 77.674092
0.551007 7.565774 13.056557 1.360172 1.386598 0.023494 0.124486 87.698976
0.549154 9.384647 11.458004 1.515332 1.273528 0.025689 0.135351 92.312430
0.253525 6.191054 9.812512 1.378093 1.345215 0.013201 0.131095 75.577515
0.518190 11.960696 12.676900 1.411480 1.352768 0.025699 0.139440 78.628783
0.542136 11.556062 12.565394 1.167187 1.260369 0.025562 0.126962 79.781475
0.515232 12.407359 11.465505 1.360886 1.260656 0.027244 0.131932 79.283205
0.522010 12.131849 11.799771 1.491074 1.307400 0.025346 0.129779 131.421512
0.548377 11.269374 13.123498 0.660839 1.228892 0.016159 0.124343 82.146380
0.553868 6.143257 10.475211 1.514016 1.180200 0.027185 0.137766 78.235973
0.556346 10.515736 12.242532 1.485953 1.371060 0.025218 0.130412 139.930758
0.547698 8.942573 13.123033 1.244783 0.882697 0.026823 0.131150 78.438026
0.356505 6.232514 12.338947 1.464521 1.222345 0.024698 0.131656 74.386990
0.394609 6.281194 13.146942 1.514307 1.204567 0.023766 0.125256 83.553925
0.258275 5.836907 10.802861 1.321426 1.302743 0.017229 0.122351 80.925663
0.553969 10.962761 11.809458 1.529046 0.962881 0.024293 0.125012 81.957442
0.271204 7.644264 9.559050 1.533112 1.377755 0.021084 0.131028 77.389600
0.556726 11.659301 11.535610 1.527096 1.353321 0.024665 0.124434 96.708684
0.313918 6.254910 12.098675 1.070601 1.313357 0.018745 0.138120 76.247615
0.306427 6.776552 8.559365 1.528629 1.393953 0.025351 0.139305 72.518142
0.551337 6.247527 12.568961 1.414369 1.176555 0.026311 0.120815 96.086003
0.314075 5.408713 10.250535 1.246851 1.389019 0.026699 0.130066 90.703101
0.390549 5.691418 12.994277 1.195601 1.193885 0.027654 0.135843 85.169784
0.488625 6.527874 12.714403 1.532278 1.395023 0.020662 0.138693 78.771147
0.524713 12.336815 12.713966 1.510842 1.353417 0.017024 0.135265 88.896234
0.264563 6.059400 12.181088 1.394230 1.320684 0.026977 0.134239 75.851517
0.266278 5.640720 13.086329 1.509173 1.273348 0.016587 0.128432 83.667698
0.523136 5.898667 13.013353 0.683103 1.388354 0.016448 0.138944 76.315898
0.542625 12.557023 12.894108 1.250353 1.349611 0.021821 0.126058 96.832916
0.272340 6.320357 9.584030 1.454781 1.254830 0.017739 0.134070 82.677504
0.516897 11.357940 13.045525 1.532567 1.254962 0.025387 0.132491 138.108109
0.277422 5.405596 12.797970 0.939324 1.390826 0.019952 0.134230 72.622204
0.439317 12.023783 10.586719 1.512215 1.380957 0.024899 0.135827 75.937906
0.547112 12.325968 13.158915 1.368548 1.182593 0.026447 0.124778 106.577734
0.314329 5.719780 12.884313 1.533649 1.333624 0.027757 0.133812 106.940822
0.544639 8.958154 11.385793 1.522375 1.198511 0.022847 0.136374 72.085714
0.423362 6.181655 13.103618 1.275391 1.355251 0.026296 0.128222 90.824482
0.471453 7.484885 12.615150 1.500604 1.351466 0.027369 0.113694 78.399043
0.548901 11.571905 12.934950 1.153045 1.092575 0.027704 0.129158 106.426727
0.242919 5.462706 11.769838 1.341582 1.319046 0.016656 0.103184 73.544073
0.510029 6.992843 11.535681 1.290237 1.387155 0.012366 0.064005 76.162989
0.387123 5.908041 12.790220 1.515769 0.972485 0.026922 0.138948 88.552788
0.303604 6.772386 11.346978 1.497388 1.281211 0.016892 0.134458 84.061323
0.285539 5.448586 12.094161 1.440560 1.211180 0.020634 0.123446 93.356578
0.553592 8.262168 13.002551 1.427305 1.391766 0.021806 0.111571 72.406321
0.546886 5.472240 12.919554 0.685258 1.112891 0.013567 0.060913 75.307166
0.543867 11.513792 11.932483 1.504551 1.336260 0.023523 0.132084 96.586386
0.459385 6.594153 12.418618 1.471620 1.393755 0.026131 0.113690 73.578863
0.462418 5.752547 13.152239 1.398791 1.108739 0.024708 0.135529 88.224998
0.554363 5.963579 12.377903 1.342374 1.079308 0.026434 0.129683 73.923592
0.261419 6.478015 12.957247 1.455061 1.291170 0.015512 0.131955 115.377552
0.555556 12.255541 10.811655 1.496629 1.197919 0.027990 0.102975 94.178869
0.525341 10.996331 12.080663 1.411587 0.914975 0.026867 0.138137 79.579902
0.272530 7.227318 11.010387 1.495630 1.371722 0.015379 0.124623 85.879524
0.535840 10.584946 12.746716 1.525736 1.348386 0.026615 0.122705 96.763303
0.558267 8.425226 6.229000 1.479578 1.344084 0.025932 0.137188 76.253970
0.551572 11.379689 13.091165 0.753416 1.242359 0.015381 0.126904 80.191397
0.551880 6.408489 12.572045 1.467175 1.356107 0.024132 0.123879 99.794314
0.250103 5.623377 10.993268 1.455671 1.258093 0.023126 0.135518 117.003327
0.315663 6.144380 12.267944 1.393471 1.295858 0.027914 0.139582 107.896898
0.375218 5.844600 13.176768 1.536761 1.336453 0.013279 0.137976 87.959747
0.243378 5.565945 9.873954 1.091337 1.187411 0.024837 0.138581 72.309363
0.516482 12.177229 12.791740 1.408834 1.205239 0.023754 0.119692 74.611327
0.340394 6.604477 11.814731 1.418474 1.358532 0.027417 0.138689 87.231032
0.537986 12.195857 12.403416 1.483842 1.060250 0.025831 0.115446 96.010812
0.377973 6.460100 11.493217 1.259722 1.381890 0.014940 0.138967 77.607421
0.330196 8.018669 12.243195 1.532073 1.229722 0.022975 0.136395 81.122150
0.294430 5.656717 10.865014 1.216038 1.249718 0.018091 0.132882 72.272892
0.298542 7.620594 11.389280 1.406154 1.348702 0.023055 0.127025 74.013992
0.388695 6.423732 12.648900 1.345206 1.351489 0.016745 0.129927 78.606290
0.485706 5.669676 13.013811 1.103195 1.282584 0.027085 0.133953 76.270594
0.504537 6.047926 11.420932 1.512073 1.321874 0.020802 0.128378 73.121395
0.517116 9.973020 11.582746 1.513831 1.263431 0.025932 0.134799 95.125050
0.242162 5.415782 11.712459 1.076767 1.251710 0.013818 0.137413 79.555800
0.538463 12.594330 12.264794 1.420078 1.388405 0.013709 0.132648 73.112053
0.527328 9.864175 12.698299 1.372244 1.334374 0.027776 0.079096 82.132251
0.504696 11.404595 12.712194 1.538866 1.392357 0.027117 0.089113 146.307775
0.410060 8.033412 13.037902 1.515035 1.206042 0.027687 0.123282 75.995069
0.529657 5.656277 13.038257 1.404766 1.194263 0.027117 0.114615 87.872467
0.537440 9.511467 11.928846 1.406968 1.227893 0.025854 0.122138 83.651578
0.299141 6.036495 11.870917 1.241813 1.111149 0.012338 0.138975 72.857064
0.255784 8.130366 10.419498 1.494913 1.388318 0.014940 0.126653 73.035116
0.512731 12.458759 11.990796 1.491912 1.055030 0.024447 0.136907 91.943028
0.492402 8.193330 11.517808 1.332061 1.398014 0.026109 0.127392 76.292415
0.261664 7.283543 10.998770 1.462849 1.373175 0.012327 0.134855 76.259639
0.517954 10.125637 12.852960 1.331710 1.281269 0.027994 0.098361 72.470056
0.259049 7.154911 11.046156 1.432030 1.343120 0.020119 0.138991 92.417771
0.264794 5.855433 9.656933 1.535016 1.315385 0.021728 0.126680 94.904355
0.315687 6.502484 8.756353 1.516599 1.325870 0.015307 0.137249 80.181497
0.275811 5.575848 12.937790 1.419496 1.003875 0.023123 0.129892 88.818118
0.275371 7.972616 13.116720 1.331493 1.294802 0.025171 0.138739 74.896202
0.507099 12.361585 12.975174 1.439728 1.344267 0.026108 0.070923 102.456688
0.369034 5.683890 10.412937 1.501612 1.394928 0.013956 0.138999 74.658587
0.559399 10.851575 12.956328 1.373886 1.396694 0.024187 0.136688 99.795766
0.548625 5.531312 11.406270 1.274420 1.212678 0.027146 0.113653 72.487585
0.535838 12.421338 11.959483 1.457751 0.681073 0.026448 0.133560 72.512443
0.294350 6.415585 13.044757 1.252416 1.324923 0.027441 0.133729 79.458969
0.326339 5.888293 10.995008 1.522434 1.345406 0.015547 0.130135 78.263698
0.330371 6.894132 12.230540 1.515703 1.219443 0.027129 0.136583 91.601602
0.275130 6.597606 12.437555 1.512206 1.318040 0.021941 0.105194 76.763394
0.519646 11.590840 12.643951 1.521069 0.915461 0.027754 0.128538 96.256389
0.538586 10.952597 10.965284 1.304498 1.259981 0.027450 0.128330 86.026894
0.251202 5.546943 6.472886 1.144916 1.349229 0.026030 0.137752 75.292587
0.532558 5.844571 12.433627 1.487223 1.386344 0.021806 0.127548 90.215683
0.557469 12.577296 11.918885 1.519634 1.023150 0.027165 0.124927 75.141436
0.252988 6.157377 7.547113 1.476516 1.390642 0.018914 0.136819 95.521447
0.324361 5.490634 12.698608 0.955926 1.389996 0.026628 0.127918 73.399151
0.464056 7.513503 11.822811 1.467991 1.357929 0.027707 0.132886 79.636252
0.549085 6.268380 12.282134 1.308180 1.310502 0.016061 0.064141 72.878319
0.525128 11.452532 12.671116 0.977438 1.329225 0.027137 0.135990 77.569475
0.249691 6.972999 8.388558 1.511797 1.348637 0.022236 0.134240 73.949129
0.247450 5.645946 12.534227 1.406710 0.994763 0.013838 0.130994 85.423013
0.355554 6.363315 12.414921 1.513653 1.351771 0.023110 0.137714 76.464626
0.280099 5.573330 10.101492 1.445351 1.218259 0.025458 0.139625 82.093992
0.438096 7.355025 12.368369 1.313458 1.392084 0.026469 0.129837 78.749301
0.534074 10.263109 11.467305 1.535881 1.395709 0.021875 0.120673 74.271168
0.553077 5.846523 13.163384 1.054830 1.263507 0.027974 0.121542 74.840167
0.244888 5.773123 11.629819 1.466503 1.274830 0.027939 0.126829 116.296442
0.254143 6.815727 12.904738 1.361746 1.326047 0.019300 0.139358 78.391725
0.328209 5.656564 12.497517 1.374500 1.201391 0.021065 0.127712 73.625325
0.241007 6.473645 12.880530 1.247028 1.387236 0.014595 0.104322 78.856854
0.503721 10.170637 12.961114 1.504930 1.166455 0.023552 0.134064 89.535359
0.460419 5.552635 12.682198 1.518633 0.962093 0.014061 0.065200 80.817551
0.547791 11.602334 11.835121 1.439538 0.965770 0.025411 0.131508 91.912387
0.296006 6.599007 10.938820 1.498138 1.348234 0.021635 0.125012 86.289047
0.241952 5.918571 9.135851 1.470985 1.314374 0.016574 0.139617 82.388541
0.491269 9.353384 11.922837 1.302374 1.388567 0.026132 0.137240 73.880230
0.519901 9.557052 11.703868 1.525817 1.395716 0.027843 0.136481 120.389395
0.306725 5.928867 13.153156 1.382281 1.146090 0.012846 0.071024 72.988492
0.537780 10.104210 13.170274 1.264922 1.389775 0.027685 0.128089 95.826365
0.270606 5.544932 11.909712 1.163662 1.243749 0.026458 0.135424 96.299782
0.287104 5.777159 12.361962 1.358505 1.307057 0.012334 0.137797 88.154076
0.526171 12.138753 13.068018 1.321225 1.340402 0.027904 0.131940 95.863056
0.281991 6.746301 12.911576 1.295388 1.182646 0.019741 0.138232 86.118279
0.558383 12.561169 13.161279 1.355555 1.332251 0.020676 0.130869 117.348059
0.548088 5.758174 11.216398 1.427340 1.373266 0.024364 0.137898 102.732509
0.240528 6.632254 12.195551 1.519924 1.038697 0.022774 0.136114 96.767178
0.269130 5.407943 9.911018 1.396327 1.362867 0.026190 0.114492 74.753849
0.515483 12.276152 13.034648 1.495421 0.938759 0.027063 0.125210 74.544002
0.537547 11.309630 11.922104 1.354250 1.332349 0.027243 0.136109 135.342206
0.551590 7.028159 10.478540 1.369729 1.167598 0.027963 0.124655 76.162997
0.351888 5.404569 11.644754 1.470173 1.104669 0.024027 0.135404 81.361130
0.538381 9.848901 12.425807 1.487108 1.014709 0.025571 0.124567 79.246033
0.496540 12.557624 12.206952 1.445426 1.215322 0.026643 0.124587 102.087491
0.307694 5.459213 12.916507 1.383132 1.350586 0.021785 0.137079 104.672641
0.332990 5.667696 10.901963 1.457988 1.226531 0.026135 0.133998 93.241297
0.532966 10.050593 12.725488 1.520945 1.280277 0.022290 0.125435 81.067583
0.536709 9.868155 11.254696 1.539071 1.324711 0.023463 0.123223 75.710196
0.396722 6.175249 11.748331 1.433415 1.322725 0.013253 0.060969 75.324160
0.517373 5.892966 12.210848 1.497708 1.021320 0.027718 0.138082 76.607045
0.534591 10.249680 12.529313 1.207755 1.336351 0.025862 0.118637 73.439487
0.448716 11.998363 12.759132 1.471962 1.341908 0.025596 0.138208 86.723593
0.335363 7.098323 12.677458 1.381921 1.293403 0.016767 0.137784 74.890160
0.297960 6.108210 12.913353 1.363967 1.317315 0.023872 0.132215 88.613807
0.454670 5.455339 12.721087 1.522429 1.275137 0.027548 0.112948 91.411304
0.535222 12.408372 11.115413 1.026386 1.393859 0.026060 0.139622 89.143245
0.528870 10.642074 13.038301 1.159118 1.374911 0.023901 0.134265 81.051830
0.481009 6.137538 12.509701 1.523232 1.333107 0.012943 0.068057 73.462851
0.550565 12.458328 12.810325 1.138034 1.364128 0.026465 0.081896 162.894038
0.282095 5.951805 13.070747 1.223863 1.342494 0.018598 0.126799 75.478169
0.426351 7.034138 12.325162 1.481547 1.324957 0.027617 0.135050 85.089980
0.304065 7.190782 12.127752 1.340443 1.315636 0.021998 0.131184 79.405942
0.325887 5.665662 11.215477 1.483606 1.240740 0.023546 0.134642 88.703904
0.277376 7.075668 13.174741 1.513543 1.263447 0.026044 0.127996 94.666450
0.403971 5.708388 12.944201 1.471522 1.370261 0.018216 0.133700 98.288594
0.538891 11.824853 12.630355 1.307530 1.210061 0.026829 0.110244 80.075772
0.258179 5.562233 13.156803 1.333951 1.029908 0.026677 0.128896 81.461668
0.327082 6.305683 11.986909 1.323093 1.383276 0.016178 0.136782 94.524553
0.535228 9.844978 12.312066 1.451842 1.152322 0.027252 0.100806 73.740944
0.499269 12.054200 11.205598 1.487434 1.300486 0.027286 0.131845 118.872068
0.532578 10.127762 12.952222 1.404404 0.854522 0.026820 0.129854 80.935159
0.552405 12.030994 12.468618 1.275995 1.245017 0.027919 0.121875 151.124976
0.542266 7.397666 12.586411 1.522251 1.365799 0.023214 0.136400 80.924219
0.533406 5.409261 11.594728 1.507485 1.334532 0.024976 0.128635 97.000191
0.252900 7.062406 10.382605 1.381866 1.377510 0.025800 0.134455 81.393744
0.396798 5.817839 12.531560 1.509164 1.397096 0.017106 0.129339 96.634852
0.469900 11.984788 12.354624 1.337164 1.249840 0.027019 0.131218 88.587786
0.469450 7.109046 11.838043 1.452974 1.397384 0.024642 0.136851 80.650621
0.268043 5.835015 11.248771 1.294094 1.351768 0.027311 0.118935 92.546850
0.503445 6.481829 12.443968 1.343460 1.170494 0.027932 0.134715 99.406727
0.555790 12.459536 12.578320 1.430430 1.307931 0.023504 0.131132 97.273104
0.319430 7.196774 9.878256 1.418940 1.324315 0.018671 0.139227 73.908258
0.551997 11.228697 12.631949 1.377619 1.048458 0.027677 0.131687 78.694662
0.466430 9.801672 13.081372 1.513286 1.383827 0.027939 0.065213 84.869099
0.283577 6.885576 12.837561 1.496042 1.349249 0.014894 0.128134 95.123299
0.245437 9.275785 11.006918 1.502961 1.241503 0.012027 0.138817 75.422312
0.526059 11.411911 12.674586 1.406976 0.989352 0.026593 0.138448 93.965384
0.479551 5.929124 12.731056 1.423917 1.312437 0.012873 0.074811 82.809170
0.552024 5.643717 12.825966 1.442379 1.172404 0.027630 0.118019 103.955614
0.559148 11.363968 8.967620 1.463957 1.128953 0.026213 0.135684 79.655113
0.558350 5.697542 12.868029 1.534006 1.311832 0.023335 0.135530 86.375283
0.281768 5.508208 10.815940 1.526938 1.366738 0.016739 0.139951 94.538794
0.248066 5.928452 7.669514 1.273859 1.367975 0.016977 0.138578 80.044680
0.499164 11.422698 11.604293 1.504720 1.321475 0.024843 0.132565 79.617012
0.242490 6.914246 13.083963 1.313936 1.224248 0.014618 0.118062 75.230822
0.526578 5.598966 13.084620 1.537277 1.077286 0.024808 0.129294 94.896716
0.545600 12.293186 11.973392 1.464907 1.388186 0.027930 0.118245 101.677705
0.263766 7.230874 12.364186 1.260221 1.308404 0.024119 0.129484 84.704239
0.293802 5.623677 12.553632 1.477550 1.264595 0.015711 0.123193 104.896429
0.556699 12.142512 11.506078 1.305471 1.065146 0.027400 0.109590 76.901758
0.271553 5.488385 11.363590 1.468551 1.302465 0.019261 0.101084 78.369534
0.337409 5.527709 8.880221 1.487328 1.321700 0.019477 0.131848 73.955150
0.522949 12.270248 10.935692 1.424716 0.866366 0.025559 0.137500 72.576098
0.245898 6.723056 13.084616 1.320610 1.170055 0.020579 0.124945 82.760425
0.547316 9.765910 13.042112 1.535569 1.372376 0.027116 0.076561 98.699895
0.295529 6.861870 11.119123 1.462459 1.374920 0.018142 0.122591 79.865838
0.418305 8.446743 12.911515 1.529884 1.179855 0.026393 0.136253 87.840283
0.263565 6.091168 11.709999 1.531305 1.353087 0.018244 0.131012 116.072681
0.556207 11.226564 12.567623 0.682626 1.195866 0.016469 0.139225 76.465427
0.299586 6.053634 9.259370 1.273814 1.380466 0.016643 0.134050 78.039100
0.431452 6.883005 12.899245 1.530307 1.376224 0.027674 0.118319 73.779050
0.556245 9.647323 12.276287 1.481160 0.995677 0.025560 0.128629 84.620866
0.466441 7.480023 12.667350 1.529519 1.386584 0.020841 0.138454 72.593280
0.528743 11.830751 11.712062 1.535697 1.163108 0.024537 0.138050 98.782564
0.516097 12.508282 11.282877 1.528498 1.361710 0.027629 0.134080 135.995732
0.520204 6.715649 12.916256 1.531619 1.121773 0.026312 0.133099 80.252379
0.557286 11.519087 13.064136 1.200667 0.928997 0.012788 0.139938 73.003688
0.506463 11.321534 12.079044 1.439179 1.369996 0.024799 0.131178 101.961833
0.393007 6.156533 11.203198 1.485696 1.368858 0.022480 0.125269 76.828297
0.481230 6.458582 11.988559 1.433330 1.372798 0.024637 0.139803 88.613169
0.441788 6.967742 12.537408 1.450336 1.262157 0.024824 0.136589 86.121011
0.545148 12.114600 13.147916 1.202217 1.210315 0.026679 0.073180 100.811294
0.531174 10.978659 12.280341 1.406071 1.273748 0.026922 0.135267 91.869934
0.480101 6.009554 12.902408 1.409677 1.277149 0.018297 0.132091 72.343303
0.445572 6.430494 12.600256 1.361235 1.381177 0.024242 0.134171 86.126819
0.552784 6.400979 12.410228 1.471961 1.372421 0.023762 0.109969 77.413204
0.284935 9.107107 10.377093 1.424468 1.392974 0.027933 0.136495 73.984483
0.261000 5.671880 11.124724 1.129834 1.309615 0.013231 0.122080 74.095284
0.249326 5.551175 12.930497 1.307365 1.340956 0.020280 0.075257 72.253873
0.439217 8.341474 11.333074 1.402025 1.354435 0.027085 0.131025 74.936797
0.530244 11.421437 12.364917 1.520082 1.199226 0.027830 0.064789 79.307561
0.517270 11.196658 12.512954 1.450720 1.353286 0.027896 0.099837 74.196986
0.503734 7.236205 12.164667 1.470843 1.396995 0.027505 0.131125 100.756541
0.249230 7.820536 11.474001 1.500069 1.239293 0.027018 0.136293 77.500371
0.282659 6.823955 10.223068 1.536241 1.286329 0.027681 0.138617 95.814825
0.311837 5.541004 10.989765 1.228875 1.360732 0.012354 0.123109 78.920251
0.323752 7.136147 13.102594 1.482178 1.210833 0.021534 0.123876 74.959315
0.554135 12.370988 11.349728 1.476565 1.124495 0.026159 0.102518 80.937735
0.499261 8.928672 12.324423 1.495353 1.247482 0.026706 0.131915 72.703799
0.505176 11.789467 12.870636 1.482864 1.023439 0.026578 0.126479 89.206125
0.310652 9.172996 13.085717 1.415360 1.313712 0.025428 0.136740 80.156368
0.275763 5.654622 7.630229 1.450788 1.378276 0.025568 0.134903 88.040237
0.551474 12.300784 12.701140 1.384333 1.336879 0.023421 0.066144 162.958211
0.257996 8.635310 11.368068 1.531317 1.253173 0.020706 0.136801 74.904173
0.525226 6.436994 12.481417 1.538959 0.834568 0.012866 0.071699 77.046557
0.540335 5.403022 13.147827 1.195686 1.349357 0.026542 0.139697 100.685209
0.550891 8.722433 12.729460 1.278657 1.241762 0.025071 0.123973 77.517872
0.483270 10.790066 11.224849 1.438702 1.305618 0.027778 0.133432 94.281336
0.251674 5.412721 13.152916 1.237595 1.339704 0.019585 0.135513 85.616591
0.246275 5.844578 12.388444 1.120182 1.237066 0.025327 0.127664 88.761008
0.511751 7.057007 12.298221 1.481811 1.218803 0.022625 0.133761 80.482476
0.252047 6.135413 10.528833 1.414043 1.341146 0.021592 0.111711 74.604198
0.519977 6.861448 12.068225 1.341255 1.366392 0.022967 0.127482 73.609524
0.541412 10.772617 12.569439 1.403067 1.246137 0.025603 0.128131 103.668044
0.502022 7.646335 13.169951 1.483795 1.379815 0.021669 0.126084 84.527855
0.556682 12.591201 11.674416 1.522667 1.391316 0.024451 0.072955 131.932354
0.538928 5.830811 12.093827 1.520036 0.796661 0.012295 0.060889 78.316066
0.354815 6.828805 11.823105 1.482929 1.387204 0.021467 0.139847 84.267022
0.454748 12.418501 11.639836 1.537595 1.220396 0.027566 0.139605 82.786657
0.355074 5.906584 11.579632 1.107781 1.340452 0.025531 0.133583 76.054723
0.546618 10.996915 13.148408 1.523429 1.347519 0.023415 0.122156 94.348677
0.489238 12.394623 10.488296 1.536452 1.390280 0.025800 0.136774 125.499636
0.541061 10.975759 12.852465 1.429051 1.044653 0.024150 0.134659 89.054280
0.515850 5.463550 11.688266 1.483296 1.038998 0.013522 0.062658 75.136396
0.538553 5.723615 12.362445 1.508976 1.244420 0.013580 0.061799 78.126456
0.314148 6.278156 12.503728 1.051980 1.335414 0.025332 0.139419 77.679799
0.244786 5.694534 12.813558 1.384439 1.093061 0.020337 0.136189 74.546962
0.266728 5.571550 12.537234 1.514333 1.255082 0.012030 0.070602 77.134842
0.527874 8.890976 12.467754 1.507313 1.376510 0.027295 0.072632 79.151955
0.269663 7.701864 12.071566 1.528937 1.096012 0.017552 0.137296 80.943451
0.524321 11.982115 10.978739 1.434023 1.384376 0.027112 0.127242 90.559287
0.445053 7.042903 11.234650 1.448473 1.340647 0.023755 0.137611 76.804561
0.266520 5.577119 11.146816 1.459786 1.366570 0.023191 0.122528 87.250299
0.362269 5.650644 11.330081 1.313043 1.293083 0.022348 0.136371 74.517230
0.323325 5.672418 8.831709 1.429190 1.327683 0.016896 0.138597 78.358875
0.256791 8.045711 12.305082 1.453715 1.395027 0.025128 0.134001 103.029602
0.497757 11.410424 12.600502 1.291322 1.250862 0.026160 0.136047 92.396421
0.526069 12.383503 10.345785 1.501059 1.069798 0.024649 0.139220 88.001354
0.307715 6.237861 12.568966 1.235284 1.163907 0.021371 0.131211 72.559634
0.423635 10.345235 11.752205 1.487731 1.361564 0.026994 0.131149 76.278946
0.306568 6.595445 12.692907 1.350773 1.358654 0.018987 0.131288 99.122577
0.246761 5.886579 12.532651 1.304160 1.237588 0.021437 0.129377 95.161538
0.494266 11.452055 13.043709 1.510542 1.277534 0.026932 0.134652 87.633769
0.523632 12.368959 11.172422 1.269707 1.258503 0.027910 0.137912 83.638013
0.555628 11.597097 11.942972 1.402277 1.297929 0.027785 0.112984 152.098861
0.325728 5.505861 12.602907 1.356534 1.286464 0.021285 0.122505 83.451925
0.558071 6.005718 12.256604 1.496144 1.202529 0.014185 0.082880 74.365925
0.530601 8.647032 10.261270 1.272042 1.303985 0.027909 0.139940 84.762298
0.513997 10.452141 13.010616 1.512461 1.317044 0.026990 0.072239 76.505737
0.542036 11.691122 10.262116 1.392402 1.357661 0.027323 0.134074 79.142721
0.250793 5.884362 12.783214 0.984777 1.293290 0.024621 0.139300 97.811659
0.505915 12.509852 11.318020 1.460568 1.313631 0.025449 0.139062 130.457177
0.538763 10.519210 12.850231 1.465003 1.238142 0.024348 0.120659 101.593701
0.547275 11.735255 12.800833 1.420479 1.172408 0.026085 0.091320 80.220333
0.505759 6.717150 12.853720 1.163503 1.388114 0.027005 0.135583 72.790624
0.557819 11.679985 12.614333 1.334149 1.350131 0.020235 0.132233 92.897186
0.257617 6.536751 12.288087 1.382690 1.379386 0.020168 0.129965 81.003880
0.448450 5.668518 12.891988 1.156954 1.240218 0.024046 0.137678 75.279023
0.537904 11.168244 13.046897 1.198352 1.056385 0.027404 0.116871 79.183489
0.253149 6.007945 11.064113 1.395589 1.330474 0.022247 0.136242 115.328420
0.510071 6.527878 11.497950 1.284716 1.360045 0.026222 0.132978 82.490450
0.556707 11.570469 8.422007 1.524529 1.335237 0.027850 0.135191 116.478015
0.557676 11.087561 13.149296 1.475975 1.298078 0.026264 0.082407 73.323490
0.245269 6.787842 12.922993 0.961656 1.381279 0.014261 0.127364 72.356561
0.309797 5.723896 13.139856 1.534229 1.399176 0.024337 0.121874 112.571739
0.454203 5.455383 11.111975 1.268802 1.290650 0.023264 0.139935 72.856613
0.525962 11.420387 13.165306 1.342498 1.354024 0.026967 0.062038 151.722614
0.240417 6.451928 12.543364 1.410522 1.246210 0.019983 0.116163 74.787785
0.281970 5.806918 12.152062 1.432157 1.210433 0.019159 0.139940 112.769282
0.266464 5.855672 12.735978 1.401889 1.206519 0.016131 0.136837 96.980070
0.372072 6.073418 12.845397 1.519758 1.398603 0.024383 0.131343 112.114310
0.416457 5.633679 12.524412 1.520635 1.121837 0.025651 0.138113 96.477832
0.555701 10.818295 12.009303 0.671029 1.039973 0.012487 0.132526 85.714908
0.555370 12.473923 13.031370 1.447143 1.150882 0.025728 0.136953 99.555550
0.545301 10.822744 12.812239 1.231471 1.362486 0.026821 0.063146 75.803529
0.559251 10.588497 11.267681 1.469997 1.118351 0.025987 0.125593 74.649748
0.470372 6.095740 12.613640 1.526435 1.263770 0.014530 0.138560 82.977251
0.494984 12.270027 11.866715 1.529662 1.394059 0.021427 0.114496 73.455657
0.268271 5.582506 10.754082 1.448826 1.148181 0.018683 0.136259 86.771588
0.362093 5.579085 12.290265 1.493279 1.330276 0.027529 0.123318 109.864658
0.432760 6.126936 13.085547 1.412422 1.399103 0.018767 0.137391 96.348177
0.388240 5.457531 10.728682 1.445601 1.314405 0.020022 0.138923 75.223952
0.269755 5.550614 11.770291 1.510493 1.358177 0.026922 0.105179 80.559397
0.292629 5.644254 9.646609 1.405205 1.333961 0.012112 0.139111 101.712953
0.377597 5.610826 12.837592 1.230621 1.225135 0.021873 0.136975 80.065218
0.249269 6.336932 12.285887 1.472256 0.917727 0.018855 0.139724 77.350234
0.299094 5.470276 13.032962 1.006086 1.357724 0.014977 0.121784 81.220676
0.388229 6.590728 12.495333 1.518884 1.392553 0.020873 0.138341 84.721392
0.523619 10.757523 12.415829 1.392857 0.874878 0.026850 0.128849 73.642649
0.334205 7.323161 11.336557 1.528516 1.389226 0.017244 0.129360 73.114184
0.310070 7.636430 13.164184 1.476558 1.263350 0.021329 0.130224 86.336941
0.506037 10.235361 12.823916 1.398723 1.335927 0.025495 0.131324 103.116483
0.242635 7.064455 12.997999 1.247201 1.392383 0.021239 0.137805 87.502943
0.552477 12.209610 12.374348 1.423979 1.301401 0.022991 0.136042 83.233718
0.248029 6.590949 11.024957 1.528062 1.376372 0.012519 0.135251 108.132903
0.523814 12.245762 12.455432 0.674315 0.783962 0.014160 0.133422 75.190931
0.522944 12.145517 12.542421 1.486108 1.328979 0.014234 0.132494 77.508074
0.353327 7.481596 11.696575 1.268976 1.389857 0.024492 0.139392 76.985949
0.283967 6.210047 12.517404 1.531007 1.237854 0.022568 0.107277 74.904955
0.496691 12.313278 12.710307 1.049289 1.262255 0.027419 0.136183 80.038182
0.244817 5.803827 8.436512 1.532427 1.344088 0.019785 0.120793 82.709862
0.247189 8.048099 12.511493 1.472029 1.086564 0.014004 0.132069 74.542182
0.558204 6.939784 12.962797 1.536859 1.341905 0.024232 0.124762 88.634581
0.537886 6.017147 12.644547 1.316921 1.330456 0.017342 0.137812 73.920307
0.550937 11.484578 13.099410 1.356182 1.397001 0.027896 0.090925 155.935536
0.439106 7.474481 12.948808 1.355229 1.244492 0.027438 0.134254 88.965207
0.256775 6.774002 9.874957 1.502889 1.277715 0.016901 0.132932 79.261654
0.539874 11.649453 12.997418 1.170574 1.126671 0.027049 0.114758 79.721179
0.457860 10.216310 13.116014 1.526627 1.176745 0.027384 0.119611 88.928751
0.557417 5.936715 11.816268 1.316701 1.244557 0.021671 0.139505 72.955855
0.323471 7.829915 12.887556 1.394105 1.346121 0.023972 0.134430 84.841384
0.360452 5.410262 12.785159 1.448446 1.321311 0.017873 0.099157 75.427987
0.520963 12.293896 11.596671 1.450806 1.396606 0.025550 0.120584 75.146126
0.279364 6.678356 11.589278 1.523725 1.188202 0.012845 0.138372 94.535030
0.284331 5.913653 11.009442 0.924970 1.372583 0.019543 0.138432 80.783939
0.541262 12.055823 13.172788 1.472898 1.198652 0.025182 0.100662 120.559933
0.244730 6.741762 11.946568 1.489662 1.345049 0.022662 0.139483 93.033671
0.529098 7.778889 13.110401 1.445982 1.218116 0.027110 0.138108 118.554426
0.282228 6.635728 12.842959 1.446382 1.338122 0.017627 0.103854 75.257401
0.479946 9.192429 12.048049 1.469036 1.277634 0.026165 0.138737 89.721342
0.555553 11.591468 11.983605 1.272714 1.390056 0.027430 0.070726 97.803956
0.321139 7.802571 11.207214 1.443001 1.259233 0.027666 0.138991 72.742379
0.555262 12.574423 12.211901 1.490543 1.286425 0.022857 0.128964 96.780396
0.249552 6.317989 12.379100 1.462284 1.246141 0.019584 0.125184 96.004634
0.466423 5.765763 12.206623 1.460795 1.341375 0.020233 0.138523 92.480515
0.260670 5.979335 13.125036 1.350189 1.387234 0.017148 0.135042 82.434064
0.514840 6.744079 12.178115 1.297048 1.363155 0.013126 0.064821 78.499205
0.538615 11.267822 10.843507 1.335844 1.358369 0.027087 0.137719 105.567751
0.290264 6.431778 10.841327 1.473243 1.362829 0.020727 0.136407 101.531009
0.498482 11.512459 11.655770 1.427227 1.268655 0.027633 0.135085 98.188955
0.493160 8.142294 11.637216 1.444738 1.300208 0.027193 0.135559 88.003540
0.360568 5.679085 12.691810 1.344455 1.233581 0.018860 0.135260 74.167362
0.337962 5.431297 8.098330 1.493919 1.335543 0.025990 0.138122 85.728313
0.540967 9.861808 12.011372 0.741732 0.624977 0.012539 0.135230 73.119038
0.553002 5.480811 12.558031 1.356370 1.281193 0.027755 0.087478 87.112891
0.314780 6.446690 10.989281 1.451525 1.395191 0.013178 0.126442 85.594667
0.283030 7.222427 12.214122 1.431199 1.209411 0.019285 0.137307 85.646557
0.291814 7.134042 12.745679 1.348373 1.203545 0.015464 0.139902 88.206694
0.549811 8.132230 11.700342 1.319819 1.350553 0.025126 0.131054 75.750750
0.485600 8.706090 13.174204 1.524822 0.649659 0.027335 0.138496 74.651892
0.386019 6.147857 11.960373 1.140449 1.279191 0.026116 0.137963 74.665573
0.535708 11.478570 11.511712 1.426228 1.255902 0.023711 0.129248 82.251226
0.241262 5.675674 11.613719 1.505612 0.827751 0.027547 0.136304 75.480012
0.243248 6.042037 7.348929 1.507217 1.288680 0.013876 0.134199 73.933753
0.268317 6.581350 13.181664 1.280415 1.321368 0.026757 0.133892 88.459375
0.286197 5.611006 12.948919 1.381945 1.377339 0.025703 0.137986 89.793891
0.265577 5.963924 8.969706 1.399008 1.363514 0.016311 0.138495 93.214387
0.288450 5.854284 12.593406 1.534839 1.162969 0.020967 0.132992 93.937311
0.380170 5.598160 9.994831 1.487235 1.366029 0.018661 0.139842 83.912868
0.533657 11.050328 11.666285 1.391552 0.829795 0.026930 0.134600 75.793171
0.539008 5.683474 13.156590 1.490340 1.264074 0.027623 0.133833 103.765320
0.513772 12.446620 13.071361 1.176072 1.392185 0.025184 0.113199 80.553983
0.489270 10.046813 11.773593 1.350566 1.203362 0.026981 0.135790 79.025187
0.540288 12.231129 11.867886 1.444028 1.222548 0.027048 0.113634 110.967505
0.290338 5.818619 9.691542 1.401542 1.250986 0.017120 0.133502 78.406366
0.547871 9.437437 13.130107 1.482768 1.303136 0.027541 0.095209 98.317597
0.558670 5.949129 12.732008 1.457815 1.337701 0.025706 0.138396 109.791435
0.527701 7.857644 12.324805 1.394654 1.068496 0.027064 0.139608 72.053299
0.506362 10.059449 12.983948 1.484031 1.287425 0.027430 0.090672 83.826869
0.314537 6.792335 12.254890 1.537953 1.299229 0.012878 0.127547 76.125408
0.502193 11.740671 12.572723 1.474629 1.363215 0.027694 0.077904 97.673568
0.278946 6.060180 12.485778 1.439461 0.995966 0.026068 0.125852 72.865562
0.548403 12.525420 12.879299 1.113501 1.310382 0.023845 0.129660 105.744215
0.503159 6.578792 13.045884 1.301185 1.321226 0.027372 0.130574 102.665313
0.539634 7.705982 11.918708 1.394754 1.365773 0.025211 0.139915 101.370768
0.535868 10.368517 8.390568 1.526177 1.334538 0.027499 0.132085 94.741637
0.288903 5.803452 11.752703 1.020991 1.377453 0.025055 0.131830 74.618869
0.266802 5.960769 11.613379 1.473823 1.343588 0.027629 0.135151 103.688801
0.404122 5.960205 12.885300 1.495133 1.324835 0.014621 0.115245 78.789237
0.410494 5.710679 12.888318 1.486343 1.230149 0.012197 0.065235 74.552388
0.339201 5.643083 10.142842 1.295413 1.385579 0.021434 0.125563 74.592619
0.394588 6.058252 12.979066 1.533476 1.270504 0.023982 0.134924 81.909981
0.257851 8.466531 12.377877 1.444472 1.336368 0.025736 0.130646 82.697513
0.557970 7.678319 10.580754 1.495824 1.160700 0.027801 0.125308 74.525278
0.502212 11.351029 12.211027 1.530428 1.395750 0.023646 0.130142 94.719359
0.429719 12.542082 12.406005 1.423906 1.264601 0.025467 0.128646 72.328606
0.484045 5.994718 13.118322 1.467680 0.969543 0.026937 0.122047 73.070751
0.311417 6.141568 12.846754 1.049036 1.392217 0.012985 0.133138 80.629440
0.541514 7.866118 11.425200 1.514301 1.354436 0.024229 0.134687 97.247471
0.412295 6.026608 12.875156 1.375736 1.189175 0.027195 0.132734 91.368594
0.544287 11.149599 12.039532 1.487242 0.927830 0.025483 0.137387 94.297616
0.552289 12.474993 12.995136 0.873699 1.201705 0.012409 0.137762 103.515554
0.256288 6.460507 12.377665 1.162646 1.339994 0.022235 0.134059 97.844944
0.271574 6.732840 12.767929 1.451222 1.346793 0.012955 0.138196 100.862014
0.479231 5.918706 12.450211 1.393178 1.359564 0.025558 0.130650 86.734641
0.552841 12.377729 12.451201 1.392263 1.341938 0.023911 0.137718 107.542846
0.303123 5.678424 11.838818 1.468406 1.328312 0.015937 0.122799 84.542918
0.252935 5.442663 11.982370 0.803766 1.365894 0.017051 0.133201 85.581177
0.519812 9.660374 11.631762 1.538452 1.066191 0.027663 0.108539 74.581794
0.545319 12.055621 13.029203 1.363545 1.241239 0.024515 0.085701 80.780884
0.463468 8.061979 12.330481 1.343113 1.317952 0.027805 0.139926 78.943747
0.529625 12.160730 10.233821 1.339289 1.297281 0.027524 0.137145 74.252915
0.547068 8.810817 12.887954 1.335203 1.266806 0.026693 0.094499 76.502523
0.545855 10.693906 12.987465 1.423442 1.322102 0.024505 0.093425 77.746992
0.471975 5.869720 12.083111 1.483721 1.157731 0.012870 0.065919 82.362523
0.447030 6.940181 12.927719 1.514713 1.289419 0.023848 0.130897 79.543331
0.299529 5.776826 11.210742 1.398852 1.359939 0.019948 0.125752 87.628437
0.470320 8.297636 13.096705 1.518130 1.358042 0.025117 0.106925 77.548735
0.279642 6.027332 11.448964 1.251502 1.304010 0.016975 0.124485 76.491779
0.269332 6.317937 12.015383 1.071499 1.274396 0.027411 0.135607 74.753585
0.351625 6.191885 11.881126 1.144132 1.352467 0.014011 0.138998 74.139983
0.367254 6.951353 13.052707 1.490223 1.333956 0.012678 0.066138 73.033207
0.245682 6.113231 12.837555 1.344717 1.274284 0.013570 0.118725 85.946930
0.266893 6.386070 10.411760 1.303564 1.166127 0.023859 0.137182 76.682737
0.277047 6.501339 11.524604 1.382990 1.305390 0.026892 0.136238 87.554740
0.269921 5.766723 13.022628 1.524321 1.162726 0.019154 0.112931 82.368128
0.269944 6.031508 11.323786 1.491680 1.168185 0.022527 0.135286 77.377168
0.482431 11.919691 11.865270 1.506987 0.964757 0.027403 0.132881 81.512246
0.452435 5.551583 12.691411 1.403510 1.342164 0.012546 0.127968 72.216129
0.535712 6.581800 11.454619 1.381353 1.256105 0.024502 0.131595 75.561980
0.295094 6.632703 10.310113 1.522516 1.191135 0.014791 0.135931 77.093330
0.531066 12.439184 11.127151 1.273321 1.235390 0.027559 0.136180 105.529086
0.551388 12.284324 11.785894 1.486606 1.221951 0.022874 0.130110 112.005755
0.548542 12.261803 11.530469 1.499744 1.349300 0.013932 0.126020 76.299131
0.349483 5.586567 13.012297 1.466476 1.282344 0.021177 0.108937 72.572697
0.241418 5.795354 10.645319 1.370516 1.342872 0.022714 0.135362 82.775685
0.294648 6.179469 10.974044 1.464222 1.349294 0.012859 0.129840 87.255432
0.549160 10.497094 11.606415 1.533660 1.141430 0.026943 0.131884 104.203523
0.524294 11.942133 12.216439 1.310861 1.343057 0.023948 0.128331 72.861581
0.550583 12.269890 10.330793 1.432139 1.307828 0.023864 0.132544 82.993513
0.273656 7.570389 12.286939 1.261024 1.311161 0.020503 0.137772 73.083324
0.249760 6.304179 10.929263 1.468746 1.279809 0.018974 0.120512 85.416849
0.263028 7.042138 12.711381 1.491485 1.043317 0.026875 0.124956 78.850319
0.242907 6.527868 13.136074 1.436361 1.073367 0.026912 0.129864 78.837726
0.528132 11.996410 12.413109 1.165629 1.350097 0.026998 0.061468 140.189545
0.248619 5.629600 9.774230 1.442659 1.329612 0.015506 0.135146 105.387764
0.514863 9.184872 13.013322 1.502687 1.162167 0.026437 0.118575 73.777155
0.274213 5.590276 10.970156 0.939738 1.396910 0.026073 0.137727 90.942519
0.270224 7.113397 11.939091 1.273821 1.386700 0.024228 0.131166 76.754710
0.256024 7.223327 12.011908 1.538709 1.270488 0.013715 0.124509 73.981566
0.252241 5.456586 11.935838 1.504502 1.177204 0.025232 0.111737 89.460229
0.442510 5.694360 11.567912 1.495205 1.398749 0.025117 0.128945 75.454651
0.497589 11.801406 10.914511 1.472914 1.332356 0.025734 0.125435 79.846686
0.491349 5.569208 13.038950 1.451019 1.057383 0.012221 0.073253 77.323576
0.492832 10.787402 10.053472 1.465212 1.356520 0.026006 0.135274 81.637876
0.515285 9.139990 11.353270 1.512848 1.377769 0.023060 0.127801 72.933995
0.297396 6.139017 8.043832 1.536008 1.290854 0.019346 0.132122 76.216617
0.245517 8.444129 12.121377 1.338020 1.369006 0.027306 0.137333 72.853184
0.552512 12.483390 12.799633 1.165448 1.399367 0.026629 0.111154 135.448334
0.558259 10.610403 11.708400 1.509119 1.271035 0.026893 0.108932 112.731053
0.546025 11.217958 12.824281 1.333917 1.376635 0.026563 0.101453 99.054984
0.245427 6.694672 9.285431 1.460201 1.330051 0.013077 0.125605 82.660668
0.359255 5.658377 11.736326 1.224365 1.375356 0.026291 0.127855 78.565713
0.271133 7.096723 12.795489 1.353149 1.396260 0.018479 0.112461 79.129465
0.546742 10.488630 11.463374 1.410046 1.029997 0.027472 0.138414 91.892403
0.466542 11.667157 12.868891 1.230751 1.399212 0.025742 0.134693 91.486181
0.538061 11.025946 10.729584 1.344964 1.383898 0.026682 0.131213 76.699687
0.252244 5.776097 12.981008 1.288729 1.376680 0.025797 0.090402 77.308843
0.304993 5.873735 13.104747 1.272522 1.072946 0.021774 0.129599 73.049919
0.541206 12.145356 12.970018 1.355874 1.029558 0.027785 0.138203 87.092966
0.559404 6.195006 11.773389 1.455382 0.941010 0.027920 0.120104 85.228285
0.263249 5.470104 10.300614 1.134818 1.385205 0.013461 0.124344 84.985682
0.559106 12.593886 10.751203 1.329697 1.342796 0.023602 0.139065 93.853742
0.517125 8.173480 12.597633 1.531144 0.722936 0.027619 0.135065 84.381721
0.549523 5.774196 12.142511 1.509042 1.133116 0.025920 0.138457 109.105035
0.554879 7.964058 12.352987 1.335169 1.398445 0.027651 0.111970 90.877820
0.456507 11.223337 12.834068 1.403953 1.318414 0.025775 0.133890 92.544685
0.531352 12.493671 12.957284 1.340416 1.393543 0.024411 0.097145 153.732070
0.499115 5.948753 12.974160 1.182707 1.048470 0.025464 0.139637 75.756063
0.546557 12.010398 12.848112 1.436137 1.146949 0.023415 0.132356 79.865141
0.315794 6.252546 12.403891 1.509845 1.256394 0.027017 0.113111 74.945532
0.538844 5.857293 12.279830 1.530954 0.868241 0.012242 0.062599 74.574471
0.547170 11.639085 11.209787 1.351626 1.399119 0.026258 0.136202 140.290976
0.247344 6.864589 12.114922 1.095475 1.330809 0.016169 0.124667 73.831711
0.291024 5.479477 9.970982 1.406022 1.330521 0.012868 0.134604 72.881928
0.547063 7.633787 11.821896 1.333184 1.221727 0.027095 0.119992 77.569283
0.554954 6.561874 13.110063 1.369997 1.130108 0.025435 0.127967 86.440640
0.555363 10.280346 12.886810 1.374766 1.343044 0.012348 0.138904 77.223516
0.401658 6.524746 12.336989 1.504327 1.281849 0.027830 0.137121 87.254351
0.275466 9.553770 12.402873 1.465391 1.380142 0.024740 0.137417 78.350226
0.427001 6.498818 12.503765 1.410729 1.340568 0.022728 0.124241 73.546641
0.287681 6.024483 11.689202 1.188952 1.304572 0.027196 0.127939 72.414024
0.315910 7.723292 12.748209 1.313883 1.309195 0.014440 0.135834 78.246465
0.285331 9.148714 12.423835 1.528997 1.389593 0.027284 0.134380 87.946868
0.267338 7.394480 11.740459 1.525611 1.018495 0.017634 0.139522 73.670016
0.501863 11.660650 12.599455 1.483026 1.262995 0.027722 0.093257 94.817491
0.295735 6.903719 12.899151 1.286385 1.311202 0.018854 0.138733 96.326919
0.240668 6.861215 9.569164 1.487695 1.159266 0.021703 0.136881 73.133435
0.241971 5.541309 12.033926 1.274146 1.253380 0.021485 0.132953 76.193910
0.552188 8.993524 11.940415 1.521581 1.393870 0.027119 0.119173 130.618946
0.550955 10.693183 12.378052 1.192553 1.249139 0.027280 0.111051 74.160345
0.432463 5.717017 12.723467 1.398450 1.312531 0.022335 0.127213 73.485058
0.552118 10.270614 13.005214 1.076618 1.123584 0.027148 0.132817 87.182866
0.248381 5.955562 6.364021 1.500553 1.304901 0.017962 0.132127 72.208009
0.249476 6.376355 7.773892 1.434285 1.356754 0.018986 0.127714 78.052139
0.543522 11.646287 13.084291 1.534508 1.332032 0.024684 0.085423 137.394620
0.481920 8.893442 12.229224 1.376967 1.354855 0.026730 0.130594 75.767307
0.496707 12.285625 12.921558 1.386252 1.371697 0.026879 0.103408 142.574506
0.489851 11.271765 12.411465 1.475502 1.339963 0.026404 0.112719 88.987524
0.497309 8.024083 12.225422 1.241574 1.395031 0.027560 0.131440 76.643341
0.253839 5.692636 11.049666 1.235553 1.231597 0.026335 0.120494 78.211908
0.267382 6.012670 12.396522 1.474030 1.309743 0.016060 0.132331 112.342196
0.292675 5.710573 11.552003 1.322276 1.221669 0.025998 0.132687 78.100358
0.341390 7.221397 11.155534 1.512687 1.366947 0.022720 0.133627 86.991862
0.339316 6.694921 11.218120 1.363310 1.396518 0.018090 0.139617 74.923727
0.493651 8.684512 11.910048 1.489024 1.371898 0.026879 0.139953 72.069276
0.247599 5.546640 8.812914 1.473165 1.289679 0.018617 0.139546 73.405317
0.281982 6.459043 8.621345 1.528061 1.358245 0.012052 0.129745 81.906483
0.281589 5.414920 10.487983 1.205301 1.282409 0.026575 0.123622 74.182213
0.275363 6.266061 12.194822 1.497761 1.368703 0.017806 0.138151 74.934089
0.430625 8.148848 12.174994 1.534209 1.293429 0.025397 0.128750 74.629107
0.503145 8.971212 12.640529 1.393781 1.295050 0.026945 0.116085 84.226416
0.539774 7.439667 12.981671 1.520640 1.088171 0.026839 0.114217 72.365128
0.514192 6.450118 12.854135 1.477192 1.240729 0.026087 0.132794 80.928812
0.504206 10.429536 12.788169 1.369130 1.186191 0.025549 0.126026 77.263056
0.539654 7.276820 11.729533 1.411045 1.247941 0.025061 0.138131 78.587884
0.556590 11.815559 12.958630 1.382317 1.094274 0.026939 0.131697 123.440292
0.551909 7.523107 13.069654 1.352717 1.288356 0.019585 0.132860 72.446741
0.334145 6.349478 13.086777 1.445497 1.317662 0.016010 0.133474 76.651127
0.520332 5.673618 11.559777 1.504855 1.297155 0.017219 0.136008 73.631408
0.549535 12.306204 11.744796 1.479785 1.326926 0.023441 0.127434 130.840817
0.546117 11.889088 12.258654 0.682481 0.671975 0.013987 0.126968 73.818956
0.246941 5.926124 12.187294 1.133817 1.183596 0.023016 0.136225 74.103857
0.544366 12.090551 12.858902 1.510097 1.346343 0.020640 0.122039 89.410249
0.445956 5.714311 12.474631 1.412472 1.189522 0.022414 0.132196 77.574036
0.556164 8.987950 13.160892 1.531560 1.288357 0.026071 0.075149 81.448222
0.524657 11.435044 12.882217 1.033229 1.303776 0.027122 0.120998 81.559141
0.425797 6.050937 12.926905 1.530161 1.294388 0.025659 0.111212 86.495149
0.549165 11.962387 8.258325 1.532959 1.358450 0.026711 0.134495 123.991909
0.443343 5.738453 11.609804 1.521671 1.321075 0.020968 0.130443 82.956860
0.249145 6.362349 11.725647 1.351251 1.369083 0.027995 0.129640 112.754936
0.558825 12.052293 12.238658 1.127475 1.276963 0.027129 0.128845 118.345317
0.307291 7.314454 12.821483 1.367629 1.334586 0.015156 0.135689 77.408503
0.510066 6.757688 12.999579 1.515633 1.172982 0.021108 0.133106 76.744596
0.530790 10.309215 12.890110 1.505467 1.047042 0.027161 0.108658 86.865571
0.274384 5.761241 8.509148 1.526142 1.353931 0.012727 0.137718 88.264769
0.473232 10.187048 12.577139 1.288341 1.342508 0.026169 0.131446 78.241802
0.557520 11.956027 12.238885 1.406893 1.244782 0.021376 0.132888 81.147446
0.322940 7.709229 12.282108 1.463552 1.350092 0.018193 0.135623 73.746290
0.553964 11.255186 12.879970 1.273933 1.022436 0.027732 0.139843 116.181081
0.245796 6.893000 12.713686 1.334535 1.067214 0.019805 0.130035 76.783722
0.477976 6.105338 12.980775 1.530526 0.872333 0.014966 0.061179 78.076771
0.280866 6.158210 12.437665 1.394127 1.377664 0.018173 0.139273 116.705219
0.250924 7.150731 10.854148 1.425403 1.093381 0.025888 0.134829 74.144834
0.524099 10.872619 12.492935 1.219214 1.389344 0.027794 0.123098 101.980769
0.556309 5.855149 13.074648 1.366286 1.396442 0.024008 0.134607 103.205355
0.274140 7.796057 12.043147 1.356784 1.382984 0.017264 0.137293 92.939601
0.253122 6.490143 12.351857 1.537051 1.164083 0.020533 0.124510 76.326277
0.554317 10.867732 12.734813 1.296207 1.045613 0.026351 0.120438 82.753845
0.526814 12.200939 9.852587 1.460501 0.925004 0.027795 0.134375 82.235990
0.372683 5.800839 12.055043 1.472265 1.285494 0.025337 0.115693 79.428123
0.305409 6.275470 12.571339 1.404080 1.266788 0.014384 0.136916 97.603920
0.277203 6.391523 11.988433 1.490108 1.180640 0.012444 0.125325 75.880901
0.546878 11.366326 12.046891 1.381034 1.334770 0.027408 0.075694 78.070577
0.472357 6.410575 11.474841 1.528887 1.259846 0.026416 0.130940 87.148039
0.509662 12.428832 12.675495 1.485565 1.361741 0.024117 0.133869 140.446222
0.546575 10.167212 12.743755 1.480932 1.348952 0.025080 0.089941 86.996774
0.520377 9.782057 12.633572 1.395214 1.372461 0.021488 0.129427 75.337376
0.267525 5.586674 12.514519 1.394160 1.311984 0.014216 0.123883 89.395956
0.521872 12.581750 11.865977 1.453045 1.214586 0.026396 0.126170 83.329802
0.385898 8.109129 13.006378 1.512802 1.345059 0.025029 0.134075 80.383167
0.380513 6.201392 12.047201 1.531426 1.396345 0.026357 0.139330 107.990445
0.470269 11.049525 11.579634 1.475384 1.318198 0.024730 0.137644 76.700088
0.490486 11.027702 13.097638 1.497599 1.386444 0.024633 0.138271 122.867617
0.281816 6.998240 12.552909 1.341658 1.383860 0.017508 0.132253 88.098579
0.303649 6.451888 12.001190 1.386487 1.315501 0.013347 0.137591 97.909707
0.527388 8.307579 12.930274 1.505425 1.321848 0.025878 0.099797 79.728928
0.559596 12.310414 13.142859 1.472908 0.975466 0.027774 0.130545 138.127144
0.475844 12.051176 13.097144 1.448172 1.082998 0.027286 0.116849 75.500561
0.454659 9.742801 12.986914 1.535972 1.373580 0.027079 0.105636 83.098201
0.259365 7.120865 11.341664 1.221976 1.387416 0.020461 0.127483 75.804811
0.505527 5.657605 11.796129 1.228950 1.256334 0.025745 0.132895 76.666884
0.548198 5.912852 9.688296 1.524397 1.140016 0.026750 0.134531 73.762188
0.546647 12.178452 12.647806 1.216126 1.286006 0.027649 0.086359 160.975136
0.558211 11.973188 12.480545 1.402026 0.780981 0.027775 0.137599 99.490790
0.347381 6.556600 12.670044 1.494630 1.334765 0.023873 0.138834 110.400958
0.488823 11.362560 13.152986 0.670151 0.874676 0.012583 0.139254 78.113376
0.545347 12.489327 12.879706 1.414545 1.332679 0.025638 0.080756 137.841024
0.270148 5.862351 10.357310 1.248859 1.356645 0.019139 0.131730 91.929932
0.500959 9.718986 12.935195 1.531145 1.197505 0.026190 0.117545 82.599732
0.519738 7.633373 12.530248 1.507313 1.190638 0.026752 0.119513 81.063425
0.384370 6.553509 12.654548 1.478734 1.223317 0.022398 0.135039 81.141927
0.504977 12.046660 13.112132 1.097412 1.068186 0.027489 0.131549 76.914134
0.243050 6.205884 12.300276 1.222254 1.144567 0.026109 0.133085 84.904793
0.542153 10.093676 11.430985 0.686046 1.297083 0.013022 0.134675 72.658842
0.529302 7.622477 12.913280 1.478824 1.289742 0.022732 0.131113 82.062674
0.545857 11.535656 12.986055 1.296607 1.363504 0.027483 0.121142 123.924654
0.335273 5.898907 12.380308 1.248408 1.259448 0.021442 0.134686 84.027116
0.377138 5.561720 12.131064 1.525208 1.367337 0.021000 0.137052 82.824595
0.555191 6.687259 11.749782 1.503859 1.301209 0.025690 0.130410 109.715096
0.243510 8.567933 11.950841 1.538331 1.391961 0.017796 0.131895 77.269992
0.303538 5.535523 12.824033 1.455350 1.148047 0.025308 0.134798 85.894959
0.478392 12.454161 12.663082 1.491685 1.227655 0.025521 0.133232 112.341214
0.361710 5.701470 10.933582 1.437760 1.150110 0.022861 0.136357 73.203020
0.493359 11.467457 13.161023 1.529565 1.156092 0.027250 0.121968 102.308281
0.527117 11.249899 12.316320 1.357740 1.141628 0.026355 0.134719 98.353961
0.518582 12.584748 12.786490 1.041305 1.361262 0.026399 0.123667 96.364264
0.519002 11.434387 12.368517 1.499967 0.874243 0.026124 0.121976 73.282923
0.517503 12.470513 12.820703 1.040605 1.355610 0.026400 0.070055 144.072591
0.559420 5.907895 13.125374 0.967754 1.233065 0.026690 0.135484 72.802892
0.534600 10.777611 12.560995 1.414849 1.373444 0.027184 0.095346 95.781684
0.328484 6.526520 10.762599 1.466543 1.310204 0.013585 0.137876 72.037493
0.522011 9.193395 12.706812 1.246824 1.373796 0.026495 0.111128 74.822463
0.246051 5.438233 13.033425 1.466024 0.875746 0.025107 0.120584 75.858018
0.498631 6.317505 13.024728 1.464029 1.122167 0.026245 0.125829 90.704015
0.258054 5.590509 12.375924 1.198865 1.360476 0.026243 0.126238 89.263495
0.539741 11.839831 11.842795 1.454812 1.306509 0.027673 0.128501 153.309793
0.552678 9.185338 11.046622 1.461271 1.191470 0.027593 0.137398 77.524284
0.306205 5.466563 9.371176 1.408269 1.392012 0.014995 0.135183 91.069325
0.242813 6.470766 12.573407 1.175114 1.266767 0.012919 0.138134 85.460684
0.553254 5.739381 12.239176 1.325004 0.621232 0.013154 0.060297 80.924640
0.535021 10.167785 12.353548 1.461804 1.053802 0.027745 0.120431 80.105379
0.456093 6.273579 13.147524 1.530626 1.340471 0.012060 0.063653 75.602365
0.531996 11.793681 11.557693 1.445390 1.368110 0.013099 0.135462 72.044249
0.541603 5.795487 13.172828 1.476084 1.342033 0.014449 0.067051 90.292976
0.537604 12.082234 13.037190 1.523852 1.109078 0.012334 0.136922 72.039592
0.271917 6.940206 12.712619 1.500677 1.331475 0.016397 0.125186 100.908975
0.242981 5.462822 11.634223 1.444278 0.973495 0.015351 0.126025 80.499588
0.265636 5.407496 10.957855 1.105779 1.376592 0.013335 0.129807 89.339652
0.243037 6.068878 12.435901 0.879389 1.345182 0.020870 0.137036 91.358164
0.518564 12.522389 11.583120 1.507889 1.376130 0.027192 0.117544 97.646833
0.326364 6.162364 10.991914 1.461489 1.282755 0.025292 0.135437 86.999816
0.285204 5.853314 9.655068 1.496155 1.365027 0.025788 0.139010 92.791322
0.341954 5.919963 11.886812 1.403742 1.396495 0.022188 0.135844 83.399194
0.538283 5.706397 12.882632 1.456802 1.331430 0.025234 0.105956 90.877507
0.530796 7.413138 13.121998 1.478668 1.117186 0.027709 0.110787 80.130372
0.393835 7.991177 12.550114 1.473426 1.393878 0.026315 0.126655 78.492944
0.300926 6.413468 11.511975 1.399725 1.262138 0.027010 0.133693 89.282241
0.492430 10.473635 12.713730 1.424316 1.382665 0.025716 0.133971 86.816322
0.384152 6.161976 11.454480 1.419674 1.393277 0.012723 0.136516 83.552615
0.498863 7.066391 13.164566 1.381359 1.126403 0.027136 0.120745 82.712402
0.544847 11.224180 12.834368 1.430434 1.139388 0.025988 0.130927 124.930240
