485.390410 372.799930 23.195860 18.400000 41.300000 27.900000 78.400000 11.385460 37.300000 0.741682 -0.443704
493.260080 376.594770 23.651886 22.000000 49.700000 36.700000 57.700000 16.333570 45.900000 0.959810 -0.554946
512.546640 387.162930 24.462888 22.200000 40.200000 38.700000 65.100000 13.836190 41.400000 0.927536 -0.556255
601.126110 383.907680 36.135251 20.500000 52.000000 34.400000 59.300000 18.830400 45.900000 1.206243 -0.915037
458.749130 373.668070 18.546315 25.600000 41.900000 39.100000 59.500000 14.519280 46.000000 0.802378 -0.494208
478.901730 378.976920 20.865410 22.500000 40.700000 35.000000 67.900000 11.679900 41.500000 0.747772 -0.433423
478.901730 378.976920 20.865410 22.500000 40.700000 35.000000 67.900000 11.679900 41.500000 0.747772 -0.433423
526.292730 384.114490 27.015049 20.100000 42.400000 42.400000 61.300000 20.755760 39.300000 1.498724 -0.807064
485.382670 374.711270 22.800855 23.600000 49.800000 36.400000 56.400000 14.178480 47.300000 0.764878 -0.474377
596.779190 388.845750 34.842609 19.900000 51.600000 36.500000 58.200000 19.631940 45.000000 1.356950 -0.751113
493.587830 378.943880 23.226657 24.000000 55.500000 34.100000 52.700000 11.937850 51.400000 0.560856 -0.393111
526.568360 382.945740 27.275209 19.600000 41.000000 36.800000 68.800000 13.591820 39.000000 0.903926 -0.557113
510.644610 376.839500 26.203177 19.000000 43.300000 38.400000 65.400000 19.521720 37.900000 1.954246 -0.717866
544.209160 377.126030 30.702006 21.200000 46.400000 36.600000 62.000000 19.286060 43.000000 1.258949 -0.736128
474.857250 365.259830 23.080077 23.900000 39.300000 34.400000 68.400000 17.048640 42.900000 1.048231 -0.665674
500.737130 370.536070 26.001878 19.000000 39.600000 34.600000 72.800000 16.916850 36.600000 1.775013 -0.662296
635.120480 401.799260 36.736529 16.500000 58.600000 42.500000 48.800000 20.039180 42.500000 1.487266 -0.897805
571.684230 372.161380 34.900884 19.300000 47.800000 30.800000 68.100000 16.363310 42.100000 1.137509 -0.648135
423.723000 373.461130 11.861964 21.400000 35.800000 30.900000 77.900000 8.987050 37.100000 0.538244 -0.330877
453.645890 379.729890 16.293766 24.100000 37.500000 36.500000 68.000000 10.919560 41.600000 0.630300 -0.410709
510.252880 369.791760 27.527747 17.400000 46.200000 30.500000 72.000000 15.423150 37.300000 1.056890 -0.547997
586.604350 401.498740 31.555444 20.100000 58.000000 41.800000 46.500000 16.463400 47.500000 1.058025 -0.551353
512.882330 357.704710 30.255989 18.500000 44.100000 32.700000 70.700000 16.434250 37.700000 1.820879 -0.604280
