0.464400 10.132000 6.951900 1.310600 1.295200 0.026754 0.082992 131.650000
0.519070 12.045000 5.699900 0.988040 0.855170 0.022926 0.099481 151.710000
0.333400 9.594000 8.861800 1.422600 1.243600 0.025602 0.119870 119.480000
0.441220 6.591300 11.816000 1.121300 0.786180 0.017266 0.114760 151.290000
0.330650 10.342000 7.548900 1.123400 0.789920 0.018034 0.083358 133.520000
0.341990 8.653000 8.577700 0.764570 1.297000 0.025778 0.063808 151.550000
0.275370 11.870000 5.793400 1.517600 0.654090 0.017761 0.087316 79.664000
0.301460 5.744500 11.137000 0.920730 1.215100 0.025330 0.089740 90.657000
0.359490 9.437100 6.212100 0.689950 1.232600 0.026718 0.114500 85.742000
0.428270 6.113600 10.866000 1.036700 1.376100 0.022172 0.138370 84.352000
0.544080 5.943000 11.127000 1.437800 0.934340 0.023193 0.088422 101.460000
0.498910 7.474800 5.779000 0.763100 1.110600 0.024956 0.115240 106.150000
0.538070 5.816800 12.394000 1.379500 1.071300 0.013783 0.122390 165.490000
0.419570 12.191000 10.381000 0.827470 0.703220 0.014255 0.065566 153.410000
0.478160 8.736000 12.150000 0.908070 1.122800 0.023541 0.064467 128.000000
0.311420 7.258200 6.809800 0.965120 0.971730 0.022271 0.075777 92.268000
0.494410 11.295000 8.128300 1.290100 1.250400 0.018010 0.129570 97.793000
0.252770 10.187000 12.385000 1.274300 1.105800 0.016503 0.092024 118.640000
0.252190 12.447000 8.711900 0.715050 1.242000 0.025161 0.077462 77.737000
0.506750 8.955600 8.669300 1.017400 0.964330 0.018445 0.131980 109.030000
0.362910 8.093700 9.021500 0.841310 1.277100 0.022372 0.065065 92.460000
0.383740 5.419700 10.279000 1.149800 1.337200 0.019886 0.139760 104.860000
0.484340 11.163000 12.551000 1.478700 0.733090 0.022645 0.091650 107.700000
0.348720 9.302600 7.163200 1.271700 1.227400 0.013910 0.093845 124.890000
0.473040 7.782100 6.057400 1.252200 0.943030 0.027196 0.104330 144.750000
0.325350 7.694200 8.234000 0.792970 1.291400 0.013311 0.083429 80.790000
0.542740 5.452100 10.851000 0.733850 0.972580 0.022551 0.139980 91.232000
0.430140 9.674400 6.665500 1.060800 0.926090 0.018880 0.099632 90.097000
0.464930 11.066000 6.199900 0.913070 1.183400 0.027938 0.130690 86.983000
0.437450 11.129000 11.039000 1.234000 1.030300 0.012860 0.133160 89.911000
0.431460 11.002000 11.232000 1.313700 1.158600 0.016821 0.069751 88.634000
0.552540 10.702000 9.570000 0.999690 1.008100 0.014818 0.062236 110.120000
0.388390 10.626000 11.353000 0.933710 1.223200 0.014600 0.132140 89.868000
0.555620 11.650000 10.466000 1.132600 0.694180 0.015791 0.121190 82.800000
0.457000 9.969500 6.783100 1.118300 1.347600 0.022319 0.069404 128.230000
0.537980 6.996200 12.806000 0.993020 0.773800 0.018773 0.125410 91.322000
0.361140 9.551400 9.724200 0.931680 0.983650 0.015635 0.124160 113.080000
0.550050 10.540000 9.230400 1.147500 1.236300 0.015420 0.063266 79.047000
0.346520 8.986800 7.153300 1.485900 1.338200 0.021160 0.069531 155.960000
0.558400 11.822000 9.379400 1.217500 1.187700 0.026202 0.096112 166.540000
0.379170 8.216200 11.524000 1.114400 0.888010 0.025918 0.084703 157.460000
0.504280 6.424700 7.619100 1.497900 1.025500 0.027073 0.111610 138.110000
0.292980 6.735500 6.742000 1.436500 1.395000 0.023348 0.126130 117.960000
0.250500 5.458300 8.132500 1.139800 0.936900 0.020604 0.070651 122.030000
0.266480 12.111000 10.832000 1.326300 0.982180 0.021707 0.089936 123.280000
0.280320 11.144000 10.692000 1.051500 1.149300 0.026518 0.106250 167.970000
0.330360 11.782000 12.767000 1.180000 1.365000 0.016341 0.085589 77.868000
0.341390 6.723200 9.013700 1.081700 1.267100 0.020810 0.104040 157.870000
0.342980 10.602000 7.648600 1.020900 1.352400 0.027757 0.064528 86.486000
0.279390 8.578800 7.821500 0.975360 0.615010 0.022470 0.118570 166.590000
0.453300 6.236800 10.928000 0.789080 1.262900 0.026828 0.071983 75.376000
0.345030 10.782000 6.600200 0.773750 0.755950 0.019512 0.123210 78.433000
0.375310 10.471000 5.855100 0.966410 0.865660 0.021359 0.078008 160.130000
0.500450 6.510300 10.206000 1.489100 1.328200 0.017094 0.065357 134.060000
0.429790 8.930300 7.757300 1.262800 1.134600 0.022587 0.083914 161.290000
0.250320 10.884000 5.988200 1.263300 1.362800 0.021786 0.125610 135.740000
0.279930 7.304100 8.627300 1.124400 0.691000 0.017186 0.114260 87.304000
0.365540 11.845000 12.196000 1.162700 1.323500 0.018654 0.069242 110.710000
0.366280 10.617000 6.836000 0.688270 1.205700 0.018484 0.093618 100.430000
0.323750 6.451500 13.164000 1.160900 0.661750 0.017638 0.119590 82.596000
0.328390 10.164000 6.872400 1.499200 1.318300 0.025702 0.070770 95.218000
0.390880 11.203000 11.491000 1.184500 0.760510 0.023855 0.096851 75.123000
0.547320 9.684500 12.709000 1.247300 1.036700 0.016588 0.078678 105.180000
0.260370 11.544000 7.970100 0.800060 0.821760 0.027606 0.062063 138.670000
0.427750 9.024800 7.958600 1.164700 0.927620 0.024115 0.064751 83.503000
0.417690 9.895400 6.186800 0.689230 0.628800 0.018501 0.122640 73.423000
0.471440 10.075000 10.704000 1.195500 1.066800 0.013393 0.088055 140.440000
0.275880 7.330300 8.460900 1.114200 1.087300 0.020117 0.120480 94.948000
0.549380 5.785600 6.140300 1.394900 1.156400 0.023777 0.126040 158.020000
0.443860 12.500000 11.288000 1.189700 0.717570 0.017704 0.075484 138.430000
0.368510 7.623700 12.763000 1.480200 0.889870 0.018707 0.136370 146.370000
0.247330 6.254900 6.251200 1.080800 0.609190 0.022714 0.075190 77.024000
0.277340 5.672200 6.900000 1.499500 1.015500 0.017413 0.116540 144.990000
0.245360 10.336000 10.336000 0.843430 0.942300 0.021486 0.064628 118.750000
0.475250 8.719400 12.597000 0.763660 1.288400 0.019623 0.065149 131.230000
0.326520 6.348500 6.302400 1.296500 0.978030 0.024453 0.132770 84.007000
0.386140 7.467500 7.702100 0.753650 1.112100 0.026846 0.135240 159.100000
0.281010 9.574200 12.220000 0.937100 0.779140 0.021317 0.094291 114.450000
0.378000 9.076500 9.632300 1.159700 0.916690 0.017911 0.090617 118.110000
0.375140 6.398100 13.108000 1.510600 1.315400 0.019424 0.069671 162.840000
0.290400 6.541400 8.071100 0.791930 0.883580 0.013123 0.081195 76.528000
0.399870 7.658700 5.662600 0.702790 1.120300 0.023418 0.100940 109.100000
0.440750 9.206200 12.862000 1.108600 1.301200 0.027894 0.081530 91.478000
0.289750 10.580000 6.486100 1.075800 1.160700 0.020056 0.126520 115.380000
0.401770 6.410000 8.600500 0.873840 0.633240 0.027481 0.075005 133.870000
0.376520 11.611000 7.093900 0.829500 0.781450 0.020692 0.101730 72.029000
0.284690 10.958000 12.278000 0.757000 0.826140 0.024366 0.067096 92.371000
0.392300 8.413400 12.262000 1.243600 0.642390 0.012157 0.106130 82.171000
0.300330 6.903300 12.588000 1.213100 0.611570 0.015029 0.083667 118.530000
0.384260 7.672700 10.836000 1.118800 1.361400 0.024630 0.060626 156.440000
0.288380 11.084000 7.442800 0.962840 0.823810 0.023793 0.110730 84.908000
0.329720 12.412000 11.101000 0.836370 0.709330 0.015867 0.089822 153.510000
0.375870 11.893000 13.182000 1.209000 1.313600 0.016602 0.119920 152.920000
0.521610 7.410300 10.955000 1.293400 0.899540 0.020882 0.070110 90.905000
0.535680 7.357900 9.915300 1.298200 0.735530 0.015937 0.085939 112.110000
0.556090 9.146000 12.801000 1.452600 1.220100 0.025093 0.091811 160.960000
0.274650 10.423000 7.490600 0.806800 1.144500 0.023921 0.124660 139.290000
0.294550 11.363000 13.048000 1.108800 1.038300 0.020507 0.088871 115.890000
0.315990 7.325700 7.927200 0.780230 1.204600 0.024357 0.120990 108.860000
0.242330 9.365600 8.278100 1.453500 1.363200 0.013985 0.097564 89.199000
0.349570 8.078500 8.723800 0.869460 1.275700 0.025008 0.074553 107.950000
0.452880 7.513400 11.004000 1.358300 0.884210 0.027399 0.097301 152.430000
0.362130 8.829500 11.361000 0.976550 0.825590 0.017726 0.063719 128.370000
0.294070 12.389000 12.514000 1.187800 1.126900 0.012475 0.063398 96.826000
0.251660 10.755000 11.228000 1.110500 1.298200 0.012963 0.121100 160.740000
0.479360 10.557000 7.169500 1.401200 1.269900 0.025073 0.078303 80.306000
0.318250 7.589900 8.689200 1.238500 0.798290 0.026693 0.067617 146.590000
0.345770 9.854400 10.562000 1.246200 0.892330 0.014658 0.072524 142.010000
0.553440 9.525200 10.551000 0.883210 1.165100 0.018044 0.072717 116.520000
0.529410 6.189100 12.630000 1.394600 0.762350 0.018682 0.067103 164.220000
0.535100 8.065800 12.478000 0.918490 1.023500 0.019145 0.115800 79.789000
0.483540 5.654100 6.471900 0.955870 1.001600 0.013920 0.077864 100.860000
0.258110 7.844400 7.629500 0.721720 0.736370 0.014711 0.096290 131.070000
0.401380 9.643700 12.496000 1.281500 1.037000 0.019286 0.076599 148.840000
0.343590 8.445000 11.640000 1.442500 1.046800 0.016780 0.133320 112.040000
0.317180 8.541700 8.412600 0.928010 1.386700 0.018432 0.073395 131.870000
0.351810 9.500500 10.222000 1.392500 1.098100 0.018284 0.113070 119.770000
0.483830 8.952400 13.016000 0.761080 0.680380 0.018839 0.121330 141.490000
0.397270 11.390000 11.927000 1.404800 1.121100 0.016560 0.090222 156.300000
0.327130 12.184000 12.825000 1.372300 1.041800 0.023304 0.103560 143.040000
0.354320 6.676800 7.451600 0.756790 0.955100 0.024071 0.135720 84.490000
0.248880 11.480000 9.125400 1.470200 0.891140 0.019777 0.107150 160.640000
0.260880 9.354400 5.677000 0.776450 0.695550 0.012550 0.112450 154.560000
0.241680 8.487500 9.499000 0.758500 1.246000 0.014675 0.087012 110.390000
0.510340 8.147100 12.539000 0.940990 1.255600 0.016629 0.073709 111.070000
0.482620 7.975500 7.079800 1.331900 0.998730 0.016051 0.121570 115.290000
0.433570 6.367500 7.192500 0.925830 1.091400 0.020062 0.133650 101.030000
0.432270 9.510300 6.325600 1.258500 1.355900 0.020088 0.114350 141.620000
0.262070 10.156000 8.398400 0.879760 0.979340 0.026383 0.082401 162.700000
0.279170 9.246600 8.000000 0.978440 0.869100 0.020521 0.125390 150.220000
0.504840 9.863700 6.673900 1.140800 0.705700 0.020780 0.108800 75.302000
0.498590 7.276600 12.247000 0.727310 1.276900 0.025934 0.086431 160.530000
0.307360 11.275000 10.999000 1.361100 0.675690 0.024021 0.062196 108.540000
0.403050 10.658000 10.917000 1.522800 0.716560 0.014495 0.073975 91.939000
0.380380 11.268000 7.722400 1.429400 1.062500 0.014166 0.104540 84.778000
0.350730 6.324200 7.030100 0.826010 0.629130 0.023140 0.108450 93.641000
0.317370 10.263000 10.648000 1.467600 1.367000 0.024412 0.133590 101.280000
0.446330 8.767500 10.242000 1.072200 1.145600 0.018267 0.129170 106.930000
0.304000 9.595500 7.290400 1.496600 1.285400 0.017661 0.122770 151.920000
0.296760 9.884500 6.972700 1.244800 1.321000 0.014192 0.116280 150.970000
0.310150 6.329000 13.173000 1.471100 0.743450 0.025343 0.135540 98.928000
0.477750 7.448800 7.257100 0.987050 1.188300 0.027948 0.076354 114.830000
0.270520 7.455400 8.162000 0.851660 1.176600 0.021740 0.090722 74.409000
0.270520 7.455400 8.162000 0.851660 1.176600 0.021740 0.090722 74.409000
0.293470 8.818300 11.899000 1.116300 1.078100 0.026909 0.073499 166.830000
0.272240 7.662600 9.179600 0.771730 0.990150 0.021522 0.110300 167.770000
0.395020 9.995900 7.674800 1.176800 0.774630 0.017815 0.071803 110.460000
0.379560 6.758200 10.548000 0.817820 0.793270 0.025743 0.085263 166.400000
0.536430 5.712100 10.159000 1.424700 0.833270 0.018545 0.131060 115.560000
0.298250 8.363400 12.815000 1.397900 0.854670 0.013409 0.060901 79.261000
0.374410 6.306300 9.460200 0.675760 1.117200 0.025794 0.082808 147.740000
0.475120 5.733300 10.596000 1.294400 0.740790 0.025576 0.103230 85.342000
0.403290 7.214500 6.764900 1.041800 0.882250 0.018102 0.085859 125.520000
0.497470 8.867700 7.388900 1.340200 0.864080 0.014778 0.099995 125.720000
0.400350 12.233000 8.439200 1.127400 0.805190 0.025689 0.102670 167.500000
0.558360 5.514000 7.107200 1.083900 1.336100 0.019682 0.117850 144.080000
0.521470 10.370000 11.188000 1.527100 0.636930 0.016238 0.104210 112.720000
0.300960 10.533000 11.703000 0.870960 1.200000 0.019170 0.127760 163.800000
0.264230 12.337000 10.493000 1.330600 1.216800 0.019969 0.118980 94.010000
0.437760 12.554000 7.355600 0.887020 1.279300 0.022147 0.081226 140.300000
0.255170 7.488800 8.366700 0.919530 0.909380 0.014997 0.098357 78.198000
0.319500 10.147000 12.462000 1.219200 1.230600 0.012453 0.060853 74.837000
0.273530 11.036000 10.003000 0.838410 0.817230 0.024560 0.123660 104.330000
0.449740 9.777800 11.198000 0.986490 1.324600 0.020472 0.105140 88.481000
0.345450 7.003100 6.276500 0.696420 1.306300 0.022118 0.131740 155.010000
0.406010 10.006000 11.869000 0.938040 1.155000 0.023960 0.078941 167.110000
0.357550 6.001000 10.180000 1.390900 1.286700 0.013655 0.112100 125.170000
0.297540 12.202000 11.049000 1.250900 0.728640 0.020156 0.111240 147.200000
0.268290 9.028000 12.322000 1.369500 0.938810 0.027025 0.096562 127.210000
0.543200 5.863500 7.983900 1.375900 1.034000 0.018080 0.118370 92.988000
0.338130 5.882300 12.578000 0.892120 1.233800 0.027463 0.129060 147.900000
0.526540 11.931000 13.043000 1.207300 1.214500 0.024642 0.096612 132.170000
0.538550 6.825700 9.929500 1.234200 1.330700 0.027808 0.084596 145.860000
0.451780 8.884100 10.040000 1.253700 1.300900 0.016306 0.078739 161.560000
0.370700 6.059900 10.891000 1.212000 1.082500 0.020627 0.092266 120.130000
0.264600 11.626000 11.593000 1.309900 0.676410 0.017834 0.094996 142.280000
0.522660 9.713500 10.924000 1.240200 0.915490 0.018586 0.101140 81.916000
0.324930 10.419000 9.618800 1.077800 1.067300 0.021181 0.107020 144.230000
0.281360 8.359500 11.329000 0.748040 0.991270 0.019195 0.108960 78.655000
0.470020 8.894100 8.258000 1.059700 1.264100 0.014935 0.115130 92.589000
0.263620 6.503400 11.405000 0.867320 0.853150 0.026595 0.117680 87.828000
0.387610 9.064500 8.457800 1.403300 0.784010 0.014037 0.064856 155.510000
0.441960 7.565100 6.850400 0.818740 1.260600 0.021286 0.085754 130.200000
0.359870 11.277000 12.469000 0.968270 1.349400 0.017563 0.116360 153.070000
0.452290 8.940200 11.410000 1.351200 1.051400 0.017037 0.072803 73.967000
0.273610 11.749000 7.746800 0.969600 0.931900 0.017178 0.119050 127.160000
0.525700 6.125600 8.030600 1.352800 0.608940 0.014758 0.134210 100.300000
0.487620 11.498000 6.363100 1.078900 1.350600 0.017438 0.113700 96.924000
0.332190 10.017000 11.023000 1.027400 1.014300 0.015067 0.078479 122.420000
0.541100 12.013000 5.993700 1.168600 1.137400 0.022485 0.111150 135.290000
0.396660 11.998000 13.060000 0.672820 0.871090 0.024770 0.102260 95.372000
0.309590 7.973800 12.732000 1.412200 1.032600 0.012408 0.128580 133.030000
0.436260 9.461700 10.464000 1.376600 0.754130 0.026379 0.064161 149.640000
0.460910 6.867000 6.129100 1.014500 1.373200 0.023803 0.061794 144.670000
0.462980 10.246000 8.964300 1.335300 0.699810 0.015112 0.098802 121.630000
0.255340 8.576300 7.225600 0.946110 1.120000 0.025945 0.076684 124.300000
0.253720 7.133000 10.512000 0.862470 0.935490 0.012294 0.083128 120.070000
0.523740 7.824100 7.801200 1.210900 0.652920 0.020648 0.097906 111.620000
0.289360 6.720500 6.955600 1.134100 1.012700 0.022979 0.114500 110.190000
0.451550 7.647200 12.787000 1.481100 1.118600 0.020039 0.133010 149.030000
0.366480 5.598000 11.421000 0.680220 1.360500 0.021163 0.067561 94.093000
0.313250 7.581600 13.130000 0.701130 0.672260 0.022861 0.091718 123.180000
0.434640 7.544800 6.073100 0.709590 0.800050 0.026018 0.080037 110.850000
0.320240 11.426000 10.349000 0.994660 1.010500 0.019707 0.090586 145.710000
0.491830 11.319000 9.854300 0.799300 1.102400 0.015009 0.107400 112.880000
0.477400 10.971000 7.609600 1.044700 0.992760 0.018923 0.116800 163.250000
0.469940 8.247400 8.920300 1.032600 1.396600 0.023236 0.109770 96.375000
0.413990 12.283000 8.102600 0.855340 1.002700 0.023702 0.106570 101.530000
0.524230 6.899300 9.112600 1.325500 1.099800 0.015198 0.129470 152.340000
0.436440 8.802600 8.844900 1.056000 0.893720 0.022742 0.135360 90.810000
0.495020 8.460100 10.578000 0.750620 1.008000 0.016979 0.066215 139.770000
0.405700 12.161000 13.139000 1.457700 1.326100 0.019258 0.091313 147.970000
0.548220 9.929500 5.944300 1.143700 0.670580 0.025468 0.110110 94.377000
0.269430 11.660000 10.071000 0.994350 1.261100 0.026031 0.085402 135.540000
0.555190 8.287500 10.402000 1.171900 1.348600 0.024873 0.139440 128.400000
0.451050 5.763100 8.604700 0.974220 0.811900 0.020927 0.080980 138.190000
0.321840 10.917000 9.544500 1.086100 0.783210 0.025662 0.139290 140.070000
0.459750 12.297000 11.808000 0.884540 1.240100 0.022530 0.117990 76.019000
0.342440 9.047900 9.554600 1.192500 0.666850 0.020198 0.095449 121.750000
0.314950 8.138400 10.680000 1.256000 0.940540 0.023269 0.085690 159.310000
0.276460 12.478000 8.615500 1.153200 1.381700 0.026991 0.093921 163.390000
0.418800 11.033000 11.945000 1.091500 1.080400 0.025118 0.134850 105.240000
0.545810 11.056000 10.774000 1.458600 0.885450 0.019937 0.088936 112.360000
0.376200 7.720100 7.505600 1.171100 1.224700 0.015274 0.069188 145.080000
0.444140 6.019600 6.517000 0.796140 0.681920 0.026724 0.085036 86.202000
0.420760 10.842000 12.336000 0.912580 1.238800 0.016799 0.102870 145.300000
0.295370 5.830000 12.927000 1.462300 1.372100 0.015909 0.136990 146.740000
0.427470 5.795600 8.152600 1.053300 1.138800 0.019329 0.117140 154.360000
0.390270 12.080000 9.587700 1.444500 0.737120 0.021101 0.108290 113.240000
0.531960 6.034500 7.950200 1.536100 0.859900 0.017053 0.117540 129.590000
0.287260 10.588000 12.950000 1.165200 1.009400 0.016910 0.131440 94.224000
0.433600 8.800500 6.080000 1.223500 0.769680 0.013888 0.086303 131.340000
0.512560 7.724700 7.046500 0.895250 0.980070 0.025728 0.122030 95.589000
0.495430 10.173000 12.008000 1.261000 1.175500 0.013548 0.112110 114.930000
0.486210 8.979700 8.035800 0.997530 0.847360 0.020790 0.066897 150.820000
0.533360 9.054200 6.587200 1.235300 1.314100 0.015328 0.093730 123.940000
0.409210 10.251000 8.231200 1.472800 0.776920 0.021240 0.137040 142.120000
0.284010 8.848800 5.723700 0.929540 1.320600 0.013744 0.127980 159.860000
0.271110 8.519100 10.141000 0.904520 1.132800 0.014887 0.068128 92.040000
0.364420 10.190000 6.419500 1.280700 0.886690 0.018311 0.114180 74.987000
0.486490 7.499100 6.339300 1.098300 1.359200 0.024082 0.080162 97.288000
0.523500 8.052900 9.777700 0.695570 1.329500 0.016197 0.075623 138.600000
0.511350 9.725800 12.217000 1.161900 0.957140 0.025884 0.137400 147.430000
0.472390 9.679200 12.041000 1.469500 1.272400 0.016664 0.083037 98.329000
0.360660 11.045000 9.400900 0.719670 1.068400 0.016259 0.066761 75.663000
0.444690 12.126000 13.007000 0.989220 0.767210 0.014558 0.106360 118.040000
0.414430 7.283800 8.556100 1.239500 0.917790 0.012036 0.093422 147.560000
0.335550 10.691000 6.357900 1.411000 1.174500 0.023604 0.115870 155.660000
0.274390 5.800300 6.887000 1.138200 0.841500 0.015511 0.136420 97.644000
0.365910 5.892000 9.271100 0.734930 1.253000 0.020123 0.134430 108.100000
0.544590 6.285500 10.857000 1.086800 1.299100 0.023673 0.135060 147.620000
0.424010 12.145000 9.162300 1.493200 0.856140 0.026625 0.075818 83.537000
0.556610 11.559000 7.706300 1.012000 1.241200 0.020489 0.093357 102.260000
0.425080 8.513200 10.524000 0.754740 0.903560 0.019522 0.109160 149.180000
0.252830 5.856300 10.884000 1.367500 0.956590 0.018961 0.078105 103.720000
0.463610 7.094800 10.298000 1.103000 0.683960 0.024274 0.110660 128.780000
0.290480 11.675000 5.890300 0.712680 0.913110 0.017842 0.061667 162.490000
0.474010 9.936200 7.866900 0.777330 1.378500 0.015090 0.063673 164.380000
0.468650 6.837100 7.398800 0.671600 0.988850 0.016002 0.112350 99.600000
0.387540 8.479700 9.002600 1.286200 1.083600 0.017589 0.125820 81.748000
0.364140 9.790200 5.742400 1.503500 1.092300 0.026485 0.108190 118.800000
0.446940 8.419900 6.859200 1.269300 0.679570 0.014096 0.088262 139.130000
0.350370 6.406500 8.587800 0.739440 0.911420 0.021395 0.073289 101.950000
0.346220 8.190200 9.056300 1.300300 0.808820 0.025539 0.139310 95.125000
0.484410 6.266000 8.570300 1.215800 1.077800 0.026336 0.099015 129.100000
0.306600 10.049000 7.777500 0.767730 0.946140 0.024475 0.101410 134.940000
0.332420 9.191500 8.650900 1.097500 1.050900 0.021669 0.132230 101.770000
0.249690 5.591000 8.318400 1.202600 0.937850 0.016061 0.132420 114.600000
0.532230 11.671000 7.939400 1.070600 1.128900 0.017509 0.121290 133.650000
0.306220 11.072000 9.031400 0.812090 1.195900 0.024437 0.088365 110.020000
0.256230 8.179900 8.714700 1.337500 0.750110 0.012673 0.127320 138.840000
0.328830 7.862300 11.664000 0.702970 1.073700 0.023581 0.077908 77.924000
0.503540 8.662900 9.285500 0.924400 1.162700 0.027586 0.072394 138.960000
0.507660 6.854500 8.818500 1.046200 1.308200 0.023430 0.127450 150.600000
0.256990 10.312000 7.219300 0.741010 1.229800 0.012525 0.096335 126.240000
0.278060 11.436000 5.685800 1.326700 0.953500 0.017007 0.079219 124.620000
0.291210 11.920000 11.694000 1.492600 0.812320 0.014698 0.087264 156.160000
0.518570 6.154500 10.803000 0.725630 0.622840 0.016327 0.061368 133.140000
0.322820 7.271200 9.409500 1.506000 1.290800 0.012205 0.127010 146.190000
0.423390 7.378300 9.720300 1.415000 1.086300 0.022290 0.083549 96.680000
0.321270 6.077000 7.181900 1.111600 1.252100 0.017297 0.073544 116.950000
0.453810 9.215400 9.518400 1.360700 0.759330 0.014965 0.072959 167.260000
0.291890 10.236000 12.707000 0.953260 1.124000 0.025808 0.122910 161.650000
0.333040 10.823000 9.779100 0.941740 1.100800 0.018623 0.072045 140.820000
0.404220 7.103500 7.692000 1.515700 0.612400 0.016384 0.088579 136.180000
0.454780 6.657300 12.134000 1.279000 1.074800 0.012834 0.065229 72.872000
0.261540 7.398000 7.833300 0.910670 0.752240 0.013171 0.137650 93.105000
0.491250 8.967700 11.147000 1.484400 1.194200 0.019912 0.116830 159.700000
0.448940 10.461000 8.054500 1.334300 0.648660 0.024936 0.066047 132.590000
0.527550 7.774200 11.574000 0.782730 0.724260 0.023908 0.113420 123.040000
0.331750 7.182000 10.309000 1.225900 0.986010 0.015691 0.091991 109.430000
0.438280 5.679300 11.887000 1.139000 1.131300 0.027666 0.136050 103.270000
0.442650 7.387500 12.748000 0.729920 0.799950 0.018092 0.133970 82.857000
0.389470 5.805700 9.306800 1.177100 1.394400 0.015477 0.129730 159.720000
0.488110 9.003900 11.240000 0.736190 1.274200 0.020367 0.098769 116.270000
0.522080 8.779900 12.346000 0.834620 1.389500 0.013446 0.135910 158.080000
0.333860 10.654000 10.793000 0.731440 0.792850 0.016687 0.139000 157.080000
0.407640 7.531300 9.694200 0.917170 0.664150 0.023728 0.102410 87.699000
0.336780 11.575000 6.453200 1.356400 1.096000 0.015564 0.067317 166.760000
0.351580 10.137000 10.711000 1.073100 1.130800 0.018732 0.120520 124.720000
0.246180 8.723600 10.617000 0.700520 0.607790 0.013278 0.139520 135.650000
0.474670 10.303000 9.104800 0.984760 0.932790 0.015385 0.123430 112.490000
0.249500 5.477200 11.520000 1.095900 1.265500 0.016130 0.113700 150.520000
0.501910 8.600300 12.636000 0.679450 1.169200 0.027289 0.121910 83.923000
0.265840 11.793000 10.123000 0.772570 0.690370 0.014410 0.079903 135.470000
0.430990 9.580800 5.751800 1.022300 0.876070 0.012998 0.134540 158.250000
0.539870 11.231000 6.936000 0.706860 0.702390 0.012794 0.137440 104.650000
0.442180 10.724000 6.450900 1.008100 0.796270 0.013233 0.124050 89.529000
0.435370 11.458000 8.471000 1.385100 0.630590 0.022129 0.129690 141.850000
0.472520 11.969000 8.498400 1.082600 1.393300 0.024155 0.105960 143.980000
0.440200 11.116000 12.377000 0.900360 0.965090 0.012718 0.118770 102.550000
0.428410 9.385300 7.318500 1.099400 1.307700 0.012573 0.123550 111.120000
0.490140 12.508000 6.020400 1.366600 1.088600 0.016299 0.103990 125.290000
0.303400 8.320700 9.347400 1.049500 1.095000 0.019643 0.136520 81.170000
0.516270 10.038000 11.873000 1.136300 0.619840 0.017383 0.061998 98.827000
0.327400 7.076000 10.689000 1.417500 0.662430 0.014911 0.123330 102.220000
0.295910 6.802100 8.292900 1.024100 1.181500 0.026097 0.130090 150.240000
0.511740 12.349000 9.866000 0.784910 0.689060 0.020984 0.077620 79.555000
0.248640 11.985000 5.927700 1.519700 0.824100 0.023173 0.107550 143.250000
0.353020 12.453000 6.231100 1.066200 0.768140 0.017205 0.092605 154.690000
0.265220 11.571000 11.600000 1.358500 0.673380 0.015428 0.116030 165.050000
0.319990 6.044200 12.033000 0.666970 0.879950 0.027162 0.086077 147.070000
0.244390 9.397600 9.901000 1.279400 0.984920 0.017364 0.063183 120.640000
0.445920 12.424000 5.874700 0.787880 0.626440 0.023488 0.066193 158.690000
0.418030 8.563800 10.261000 0.831950 0.665860 0.016363 0.060361 108.750000
0.356970 7.541700 6.033000 0.982960 1.319400 0.025278 0.071004 97.130000
0.488620 8.335100 6.714700 0.888030 0.834220 0.016120 0.119660 160.080000
0.371090 6.157200 12.417000 1.531200 1.064400 0.023534 0.125910 131.930000
0.348820 10.711000 6.429400 0.859540 0.791730 0.019097 0.062766 116.310000
0.347750 7.710500 6.569600 1.477500 0.966710 0.021894 0.061156 109.700000
0.349630 7.597500 10.633000 0.891170 0.742490 0.012165 0.081094 100.520000
0.380460 7.115400 9.738300 1.179200 0.638980 0.027348 0.130400 101.150000
0.464520 8.879300 9.208800 1.447400 1.211200 0.023013 0.107230 166.140000
0.494000 8.592200 9.326900 0.721080 0.787150 0.021570 0.100450 125.490000
0.281660 8.919500 9.925100 1.034600 1.139400 0.012939 0.071635 81.080000
0.458630 11.330000 6.548200 1.379300 0.837890 0.022325 0.097472 162.300000
0.268780 10.516000 9.511200 1.248400 1.146200 0.024019 0.086539 121.030000
0.519690 5.434300 8.098300 0.895440 1.259500 0.012120 0.067764 90.435000
0.528660 7.620500 11.972000 1.273500 0.658290 0.025822 0.111400 165.650000
0.312890 5.726800 9.742600 1.475400 0.671610 0.015948 0.109880 87.559000
0.344400 7.957300 8.347000 1.412700 0.687510 0.022438 0.135600 110.520000
0.396870 7.071600 9.653000 0.923300 1.206200 0.016168 0.088163 106.560000
0.428890 5.773100 7.658500 1.276500 0.739530 0.017312 0.094070 99.284000
0.517300 6.748800 9.069800 1.185200 1.322700 0.026113 0.089505 108.720000
0.361380 9.122400 7.364800 1.525800 0.967290 0.026447 0.074908 114.640000
0.282510 11.835000 11.631000 0.991920 1.208700 0.023244 0.102740 127.010000
0.552240 7.867500 12.649000 1.070200 0.868820 0.021740 0.066905 98.564000
0.511050 12.569000 7.517000 1.490500 1.305000 0.014143 0.133470 95.747000
0.463380 7.083700 10.057000 0.794370 1.377500 0.014477 0.087140 158.980000
0.420910 9.872700 9.839800 0.902190 0.810030 0.025639 0.082342 139.990000
0.442830 9.373300 9.446300 1.054500 1.390700 0.014219 0.103690 114.220000
0.308470 7.014300 9.577600 0.744420 1.182500 0.017064 0.061293 148.400000
0.294840 6.790300 9.824800 0.718820 1.005500 0.013012 0.138570 105.670000
0.545510 8.906800 11.097000 0.816090 0.827370 0.015317 0.066356 124.390000
0.537320 8.439100 6.499900 1.408600 0.973610 0.014108 0.072232 72.223000
0.481070 7.366000 6.165900 1.218000 0.944780 0.024163 0.111990 94.544000
0.481070 7.366000 6.165900 1.218000 0.944780 0.024163 0.111990 94.544000
0.473800 12.170000 8.661300 0.814600 0.831590 0.017249 0.100200 100.750000
0.485260 6.192300 10.586000 1.407700 1.029300 0.020672 0.062308 73.859000
0.516970 11.914000 11.685000 0.911860 0.910170 0.020427 0.126390 113.760000
0.457440 8.114800 9.077300 1.525500 1.035500 0.013697 0.079590 98.064000
0.312050 10.026000 11.373000 1.495300 1.256500 0.020826 0.127210 84.648000
0.546430 8.186500 6.226400 1.125600 1.171400 0.022076 0.126940 86.761000
0.495740 11.943000 11.210000 1.120800 1.003800 0.022816 0.125060 119.960000
0.426300 5.411200 12.837000 1.270100 1.091000 0.026880 0.093039 166.280000
0.356640 10.409000 11.318000 1.040300 1.357900 0.012915 0.082285 142.870000
0.557540 6.175300 7.089900 1.504300 0.660630 0.017447 0.096047 122.280000
0.376860 6.136600 12.842000 1.516000 0.894480 0.014376 0.108100 106.890000
0.305780 6.258000 8.766600 0.857860 1.024800 0.015993 0.139880 149.620000
0.352700 11.023000 7.264100 0.990000 0.734760 0.017992 0.118110 101.720000
0.435720 7.699500 13.114000 1.315600 1.212500 0.013062 0.116400 132.780000
0.534300 6.299400 7.347000 1.437100 1.200900 0.017146 0.115070 141.290000
0.339570 5.666600 11.997000 1.027200 0.785660 0.024676 0.123030 160.840000
0.355130 12.408000 8.333800 1.287400 1.129000 0.012659 0.066635 85.991000
0.482330 10.109000 12.982000 1.473200 0.989110 0.020971 0.126610 141.810000
0.338580 6.489900 6.086500 1.382900 1.289000 0.019740 0.080785 140.210000
0.372840 11.508000 10.433000 0.797780 1.048000 0.017929 0.101640 137.080000
0.302390 8.015600 6.779800 1.317000 1.094600 0.017759 0.069978 135.130000
0.267360 7.050100 11.448000 0.877430 0.870290 0.012058 0.073128 128.720000
0.417130 10.325000 8.212000 1.457000 1.184800 0.027513 0.107920 93.768000
0.386770 8.331200 12.050000 0.726510 1.270600 0.026678 0.128770 98.432000
0.422340 8.641200 12.977000 0.884300 0.843220 0.014008 0.127660 91.750000
0.372350 12.053000 8.784300 1.201900 1.345600 0.016959 0.106060 96.599000
0.467290 6.529900 12.070000 0.728810 0.977770 0.017334 0.139160 134.450000
0.251070 12.261000 10.905000 1.424400 1.258400 0.022355 0.074393 104.140000
0.354540 10.223000 10.103000 0.750020 0.835940 0.021580 0.096424 143.870000
0.287620 9.804400 10.759000 1.137300 1.055400 0.025421 0.111570 113.870000
0.271260 8.393800 8.404000 1.465600 1.070000 0.025497 0.124370 137.260000
0.554610 11.592000 12.743000 1.396600 1.140800 0.024700 0.123720 103.600000
0.476190 10.603000 9.813000 1.075500 1.076800 0.020384 0.075227 80.563000
0.470710 5.720400 9.993900 1.151500 1.191300 0.019594 0.065842 126.850000
0.240880 10.494000 7.375900 1.037800 0.845220 0.013244 0.100130 98.233000
0.268800 6.946900 10.255000 1.513400 0.745630 0.015854 0.108680 114.100000
0.290940 5.504900 12.656000 0.751460 0.669340 0.012377 0.087498 96.267000
0.299810 6.958400 9.153900 1.229300 0.828760 0.020459 0.099564 137.890000
0.540730 6.713100 11.733000 1.248900 1.397600 0.017967 0.077124 119.600000
0.361690 6.275500 12.559000 1.528100 1.063000 0.023654 0.131880 97.906000
0.438470 8.740100 7.740000 0.779880 0.923380 0.024398 0.094771 128.540000
0.417270 5.980900 6.113200 1.003800 1.170700 0.012946 0.068301 87.914000
0.425830 9.972100 7.117600 0.682450 1.334300 0.019860 0.077717 91.144000
0.523040 7.156600 7.011500 0.663940 1.225000 0.022738 0.091571 81.490000
0.407470 9.623400 11.202000 1.537400 1.382900 0.024508 0.073830 79.127000
0.508560 12.401000 7.901700 1.237200 1.166900 0.021088 0.064304 73.755000
0.434020 10.974000 7.796700 1.225200 0.758660 0.022836 0.119230 164.010000
0.411680 11.451000 7.963800 0.845360 0.806700 0.015595 0.120320 74.049000
0.421990 7.849500 7.249600 1.488000 1.142900 0.021203 0.108300 116.860000
0.371300 12.330000 12.307000 1.455300 1.358200 0.014825 0.073604 149.360000
0.494060 6.315300 11.849000 0.838150 1.341500 0.024237 0.113860 73.046000
0.494060 6.315300 11.849000 0.838150 1.341500 0.024237 0.113860 73.046000
0.494060 6.315300 11.849000 0.838150 1.341500 0.024237 0.113860 73.046000
0.285890 10.799000 10.539000 1.409600 0.947220 0.012694 0.087579 134.330000
0.528830 5.400900 10.816000 1.420400 1.089600 0.026225 0.074439 78.814000
0.387080 7.576700 11.557000 0.733470 0.857440 0.024567 0.133240 122.640000
0.347020 9.116500 6.049400 0.704590 0.925040 0.017530 0.100340 142.380000
0.272830 6.770400 7.519900 0.716190 0.748600 0.012812 0.111010 152.780000
0.465830 9.469900 6.113900 1.214800 1.103300 0.022948 0.138100 152.600000
0.283970 8.387400 5.966400 1.265900 1.004500 0.014797 0.105540 74.374000
0.487490 9.288200 5.758200 1.443800 1.193900 0.016091 0.075318 148.230000
0.337810 8.792800 5.709900 1.505000 0.631480 0.012872 0.091298 128.890000
0.460090 6.953600 12.204000 1.094200 1.040900 0.022797 0.077386 109.550000
0.414970 10.672000 9.948400 0.823230 1.034800 0.019212 0.106680 155.870000
0.331050 11.704000 6.006400 1.232200 0.993650 0.014074 0.069089 126.070000
0.454970 7.995300 10.636000 0.908930 0.987480 0.015974 0.113340 155.310000
0.524950 5.689000 5.733300 0.921930 1.281700 0.024252 0.139660 125.030000
0.358730 9.704900 10.968000 1.431800 0.994470 0.016572 0.074056 125.850000
0.452790 5.541900 12.272000 0.692640 1.385600 0.027799 0.133860 156.110000
0.516490 9.794000 12.684000 1.073900 1.222700 0.026642 0.062637 129.800000
0.276910 9.845400 11.677000 1.486300 1.186000 0.012632 0.104750 94.772000
0.318430 9.742000 9.219300 1.010100 1.239500 0.023748 0.134360 123.650000
0.533610 9.016800 10.477000 1.432500 0.610980 0.026137 0.062967 93.449000
0.251250 9.268000 11.544000 1.101000 1.311300 0.015644 0.136230 107.800000
0.466440 6.968300 11.586000 1.435000 1.013400 0.022630 0.079805 136.510000
0.335130 9.835400 5.885100 0.981930 1.383800 0.024216 0.074291 131.430000
0.529640 6.631700 7.572500 1.018800 1.059400 0.013712 0.123140 80.487000
0.513270 5.838100 7.765100 0.705590 1.370400 0.025302 0.110920 82.490000
0.450260 6.915600 8.050000 0.896550 0.621500 0.026144 0.118210 80.709000
0.339990 11.990000 11.764000 1.329100 0.858470 0.013731 0.101040 124.090000
0.383450 7.906000 12.670000 0.983420 0.646750 0.017957 0.131570 129.240000
0.520690 11.879000 11.915000 1.079400 1.167900 0.023564 0.074770 156.730000
0.420270 7.923100 10.739000 0.810030 0.778480 0.018468 0.109500 151.570000
0.480560 10.296000 11.859000 0.971260 1.235900 0.026460 0.134140 107.600000
0.271630 11.346000 8.216200 0.998580 0.644900 0.027717 0.084239 107.400000
0.489560 9.427000 5.696200 1.346500 0.726710 0.023473 0.076219 164.040000
0.286970 10.389000 8.384300 0.860240 0.795010 0.015372 0.122510 97.338000
0.398340 8.697800 7.125600 0.872190 0.890860 0.025240 0.119720 155.250000
0.416100 9.228100 6.499300 1.006100 1.016100 0.012598 0.084352 164.800000
0.500100 10.929000 7.812900 1.315300 0.849900 0.014231 0.109210 140.540000
0.282180 8.751300 9.890500 0.972580 0.804980 0.025021 0.098971 142.510000
0.392410 6.660100 6.700400 1.365900 0.816630 0.015614 0.080672 97.498000
0.520150 9.637000 8.288500 1.188500 0.862800 0.027246 0.081304 105.430000
0.259430 5.961700 7.574700 0.926700 0.613900 0.018667 0.060746 85.608000
0.384860 10.226000 12.917000 1.000800 0.722310 0.017475 0.097051 165.230000
0.241230 9.605200 6.197500 0.699010 1.155100 0.012515 0.098141 157.150000
0.367090 11.722000 6.620400 0.932030 0.645580 0.027134 0.074670 153.950000
0.479840 7.834000 9.143700 1.430900 1.332200 0.019035 0.079601 165.730000
0.309070 10.404000 11.752000 0.954240 0.616410 0.016446 0.113300 132.950000
0.396380 9.217900 12.289000 0.713830 1.335300 0.026286 0.068654 154.130000
0.412560 6.560800 12.088000 1.425700 1.344700 0.019072 0.095866 134.540000
0.280610 6.585600 10.990000 0.979190 0.877070 0.018336 0.070039 145.520000
0.551170 5.906000 7.585700 0.694390 1.094000 0.021773 0.064218 157.370000
0.526910 10.323000 6.380900 1.502300 0.624900 0.026247 0.095383 133.980000
0.508220 7.684600 5.922400 1.090900 0.922120 0.020570 0.103840 127.880000
0.507080 12.138000 11.112000 1.374500 0.744530 0.019111 0.106450 73.533000
0.446550 6.095800 9.474900 0.848530 1.351600 0.012745 0.077541 142.930000
0.461340 12.374000 8.178500 1.501000 1.189500 0.016647 0.102570 126.690000
0.502710 11.352000 9.600700 1.474500 0.902640 0.015677 0.091452 163.510000
0.418980 7.763200 11.437000 0.668350 0.881840 0.016810 0.108600 163.640000
0.508980 11.100000 9.674700 0.707560 1.043500 0.023028 0.134020 117.220000
0.543550 8.841100 9.043600 1.303700 0.640300 0.027203 0.130870 127.560000
0.296370 10.271000 7.067000 0.802450 1.283100 0.021540 0.131280 111.840000
0.473310 7.181800 9.897400 1.344000 0.650610 0.018855 0.070257 126.250000
0.535420 10.352000 8.199400 1.133600 0.632540 0.014634 0.060157 94.887000
0.306960 11.777000 5.939100 0.934470 1.221900 0.019280 0.103470 98.667000
0.548890 5.895400 12.486000 0.766400 1.249400 0.024285 0.136190 126.540000
0.365190 8.638100 6.647300 1.214300 1.104600 0.016730 0.103330 140.720000
0.397830 6.218100 8.076900 1.182400 0.819730 0.021015 0.103730 166.050000
0.269800 8.106100 6.412400 1.173800 0.813290 0.019942 0.137860 115.500000
0.258940 9.094700 12.855000 1.182500 1.364900 0.024135 0.060280 140.960000
0.382070 10.522000 6.989100 0.809360 0.701100 0.014306 0.083276 161.510000
0.308280 8.524400 12.401000 0.680910 1.084100 0.017686 0.095957 157.240000
0.509870 9.160600 11.058000 1.002500 0.963880 0.014290 0.120670 144.510000
0.496120 12.363000 13.155000 0.971980 0.802800 0.012724 0.086260 86.312000
0.297010 5.551000 7.530100 1.196500 1.058200 0.016899 0.128110 149.100000
0.557820 8.502200 7.922100 1.128600 1.278900 0.012356 0.074891 72.292000
0.302400 7.808200 11.462000 0.878850 0.933230 0.024322 0.095006 102.360000
0.326190 9.446100 7.784000 0.661820 1.028600 0.013107 0.063507 126.400000
0.312580 6.699200 9.981300 1.222800 1.173500 0.022241 0.126240 107.340000
0.266140 9.342100 11.644000 1.380900 1.031500 0.019394 0.086983 106.260000
0.310580 8.613200 12.886000 1.241000 1.180800 0.017874 0.109410 116.690000
0.531180 12.210000 9.194100 1.146900 1.054400 0.020215 0.118620 154.920000
0.385590 10.846000 11.775000 1.064200 1.192800 0.027968 0.126790 75.954000
0.277970 12.306000 7.409100 0.977700 0.797750 0.013779 0.072452 73.565000
0.490910 11.901000 11.480000 1.511600 0.920530 0.021641 0.064009 88.837000
0.505850 10.989000 9.084800 1.186500 1.044900 0.020738 0.096972 152.050000
0.559390 12.153000 6.257200 0.967480 0.919470 0.015496 0.123990 89.340000
0.526270 11.636000 8.015100 0.693360 0.777690 0.024597 0.117450 87.166000
0.509590 10.117000 10.065000 1.369000 1.207600 0.026263 0.130930 102.770000
0.369700 9.539500 8.362500 0.778200 1.136800 0.022219 0.081760 156.560000
0.476590 8.063500 10.197000 1.154000 0.887540 0.026801 0.100670 113.470000
0.403770 5.848700 11.116000 1.416100 1.114000 0.026798 0.115350 111.850000
0.503860 12.092000 8.969300 0.889050 1.282700 0.012017 0.064925 135.890000
0.368920 7.556200 11.073000 0.660580 1.380200 0.015299 0.068249 120.560000
0.353470 7.143300 11.470000 1.156900 0.822780 0.026197 0.107460 123.600000
0.444870 6.575400 12.354000 1.029200 1.019200 0.025189 0.137700 159.150000
0.492890 10.743000 8.645200 1.038800 0.941620 0.020907 0.094390 152.690000
0.276020 11.961000 8.533900 1.197000 0.838890 0.020879 0.068080 158.520000
0.270020 10.935000 10.295000 1.101900 0.996180 0.018385 0.067260 96.146000
0.324160 10.361000 10.010000 0.708980 1.387700 0.012274 0.102030 77.432000
0.334790 6.384300 11.943000 1.231300 0.860140 0.023080 0.074194 103.810000
0.316270 5.611400 11.975000 1.339100 1.209300 0.013851 0.115950 129.850000
0.240770 7.888100 9.192000 1.398700 1.052200 0.027141 0.135460 153.230000
0.471970 5.935000 8.510700 1.414300 0.770950 0.026569 0.124930 136.220000
0.512930 10.379000 5.834500 1.020600 0.732200 0.021474 0.127140 161.940000
0.512090 10.816000 6.631600 1.399800 0.782750 0.014501 0.100790 104.630000
0.557110 7.226300 12.717000 1.509300 1.085100 0.019732 0.062414 100.190000
0.498200 11.332000 8.550400 0.850680 1.217400 0.024915 0.092192 165.380000
0.257290 12.521000 7.725600 0.723380 0.895320 0.013476 0.077227 96.036000
0.374080 8.217100 12.893000 0.951770 0.639300 0.019564 0.136690 155.630000
0.412320 10.081000 6.879100 0.942810 0.747570 0.024606 0.099237 98.000000
0.536390 11.713000 7.306300 1.520600 0.693940 0.025121 0.125190 148.120000
0.303860 9.128600 12.616000 1.275800 1.228200 0.027545 0.104920 84.474000
0.514120 6.052700 6.989900 1.345600 1.056300 0.027699 0.110450 144.420000
0.459430 8.762900 8.897200 0.897790 1.072400 0.018863 0.088615 115.150000
0.388590 8.044300 9.363100 0.781070 0.725590 0.013282 0.112810 90.274000
0.499940 6.521700 9.690900 1.208800 1.340300 0.022691 0.139020 133.340000
0.443380 9.768400 10.023000 1.539200 0.867770 0.025215 0.126450 103.970000
0.515360 6.692200 11.801000 1.307100 1.060800 0.021122 0.088740 161.270000
0.440970 6.778200 8.114500 1.299100 0.918260 0.026611 0.134970 78.008000
0.539480 9.544000 11.895000 1.057600 1.248500 0.026894 0.109100 153.300000
0.524730 9.242800 12.444000 0.890290 0.684180 0.026559 0.111720 163.730000
0.344230 5.625100 6.442000 0.821290 0.912040 0.013045 0.130720 129.650000
0.483150 11.739000 8.247200 0.745350 0.906410 0.013025 0.135130 81.675000
0.469370 7.021800 7.844300 0.980110 1.039700 0.013632 0.060518 122.820000
0.449480 10.946000 6.294400 0.820540 0.614830 0.015891 0.117770 151.150000
0.410090 8.031700 6.756000 1.192400 1.053300 0.014331 0.084624 88.719000
0.267940 6.840700 12.444000 1.332600 0.757830 0.015142 0.109950 104.510000
0.240240 7.201700 6.270400 1.322800 0.874540 0.025157 0.075925 76.768000
0.383100 8.691700 7.558500 1.199600 1.177500 0.016875 0.118460 75.010000
0.402610 6.481800 6.843100 0.824990 0.861780 0.024803 0.081967 77.123000
0.394430 9.486300 9.964200 0.949010 0.962680 0.023380 0.130370 99.934000
0.272420 6.010200 11.509000 1.043200 0.863780 0.020015 0.103050 141.040000
0.371760 8.625100 12.157000 1.533700 0.714450 0.012245 0.120080 89.512000
0.394030 11.844000 6.694600 0.822160 1.045500 0.024891 0.120770 86.093000
0.244490 10.437000 13.030000 1.152100 1.231300 0.025455 0.066529 121.270000
0.456230 12.344000 8.089400 0.833520 0.663240 0.014579 0.094158 88.349000
0.335840 6.599400 9.241900 0.775250 1.065800 0.025587 0.071473 132.690000
0.379990 12.062000 9.417900 0.674620 0.829240 0.019543 0.076028 115.940000
0.343910 11.112000 7.061000 0.796540 1.190900 0.019445 0.124600 137.360000
0.421470 5.992500 10.601000 0.769410 1.022300 0.027770 0.073065 99.181000
0.432790 11.218000 11.339000 1.355000 1.367200 0.014737 0.082094 127.530000
0.457870 11.974000 8.888400 1.122800 0.618430 0.027304 0.092553 75.722000
0.395480 11.592000 8.492800 1.005400 1.135800 0.019317 0.093229 137.820000
0.554310 11.937000 7.886100 0.826280 0.954030 0.021956 0.116990 111.440000
0.415670 7.752600 11.566000 1.030700 1.257800 0.015344 0.127590 145.680000
0.531480 9.735400 12.530000 0.738670 0.997750 0.016740 0.136890 87.055000
0.377950 10.454000 10.361000 1.382700 1.148000 0.025296 0.132010 156.640000
0.391830 6.341600 7.132900 1.264300 0.905170 0.018185 0.070949 118.960000
0.358240 9.138600 9.478800 1.318900 1.149000 0.017894 0.120170 137.540000
0.348060 8.170200 12.181000 0.957850 0.643770 0.018373 0.097233 113.990000
0.544930 6.145500 12.229000 0.741560 1.246600 0.023076 0.071376 92.808000
0.467070 8.270100 9.168200 0.849460 1.186400 0.021025 0.089029 102.050000
0.409950 6.087600 8.770900 1.001500 0.719190 0.020229 0.121850 83.743000
0.347540 12.315000 9.338000 1.181000 1.101100 0.026938 0.128280 141.460000
0.492480 11.535000 11.744000 0.950050 0.851810 0.025849 0.101920 149.860000
0.439370 9.329100 10.778000 1.190900 1.273200 0.024000 0.063069 164.630000
0.263200 8.125700 7.469600 1.106900 1.116100 0.023955 0.106710 136.350000
0.481610 11.528000 9.259000 1.401600 1.151000 0.019836 0.110500 72.640000
0.401080 6.635400 7.600000 1.328800 0.678400 0.012185 0.104630 80.950000
0.448380 8.084500 10.940000 1.465000 1.152900 0.027041 0.094410 115.760000
0.372460 12.435000 11.917000 1.089000 1.026700 0.022918 0.113180 155.050000
0.297800 7.732700 6.347800 1.041300 1.168600 0.020407 0.131310 88.251000
0.248250 6.680700 8.850600 1.142100 0.803510 0.023633 0.121400 83.783000
0.423890 10.986000 12.177000 1.371600 0.749830 0.027914 0.095259 107.190000
0.341180 12.103000 10.374000 1.427400 0.730940 0.018567 0.121770 158.330000
0.497820 10.905000 6.291000 1.256200 0.718310 0.020941 0.129330 77.595000
0.398690 12.595000 12.409000 1.198700 0.700020 0.013508 0.128930 111.250000
0.300440 7.818100 12.868000 0.793220 0.641710 0.023155 0.069302 147.280000
0.373330 11.770000 10.975000 1.363400 0.727390 0.015246 0.129970 153.670000
0.543690 8.295200 5.904100 0.804210 0.653980 0.024727 0.071236 164.410000
0.518280 10.835000 7.415200 1.167900 0.605130 0.026974 0.134620 105.940000
0.447530 12.458000 5.811200 0.959840 1.316700 0.021871 0.128880 95.875000
0.478650 9.316700 7.477300 0.807980 1.303200 0.017795 0.089437 108.160000
0.422450 8.708400 10.145000 1.323500 1.111300 0.024840 0.112910 150.940000
0.450620 8.129000 9.535300 0.995990 0.904070 0.021698 0.124470 102.890000
0.378630 9.813000 6.925900 0.662820 1.219500 0.022603 0.132310 83.155000
0.542340 5.915200 6.908900 1.347900 0.763120 0.025407 0.099120 165.950000
0.517610 11.885000 8.174900 1.048600 0.836230 0.021901 0.094562 114.270000
0.245100 5.520700 11.770000 1.433600 1.305600 0.020262 0.138280 78.279000
0.486960 11.604000 9.421300 1.519000 0.848070 0.019135 0.122500 74.571000
0.465480 9.457900 10.185000 1.404300 1.374600 0.021603 0.078219 132.450000
0.429370 10.024000 10.413000 1.406200 1.123800 0.013197 0.068452 91.632000
0.455320 11.552000 10.656000 1.452000 0.907840 0.021073 0.075539 116.090000
0.254660 10.878000 8.791800 0.737120 1.049000 0.015739 0.078845 118.440000
0.499270 10.802000 10.169000 1.483400 0.896730 0.016999 0.101330 162.190000
0.489090 9.166500 12.016000 1.065700 1.125700 0.027011 0.125510 133.770000
0.370080 5.557700 12.507000 1.062900 1.143500 0.015762 0.118080 133.280000
0.548490 7.422700 10.751000 1.013900 1.196400 0.022500 0.092985 73.249000
0.324410 6.937400 11.661000 0.846160 0.625260 0.027656 0.084458 167.710000
0.355730 12.590000 10.049000 0.905720 1.244700 0.017601 0.093523 123.450000
0.286740 9.763800 6.734100 1.130300 1.178300 0.027995 0.125770 117.330000
0.369230 9.038000 5.771300 1.145000 0.949040 0.019858 0.106960 146.060000
0.278710 7.802200 8.188200 1.476800 0.951770 0.022183 0.128470 76.603000
0.316420 7.342800 8.735900 1.254000 1.247300 0.019489 0.090868 86.528000
0.445360 11.370000 8.632500 0.828600 0.685120 0.027436 0.061052 117.710000
0.448410 7.899500 8.517600 0.686410 1.251700 0.012761 0.128600 97.032000
0.412950 6.925800 6.157500 0.906560 0.692910 0.015548 0.098606 122.400000
0.426960 5.928100 8.302500 0.858630 0.637810 0.019618 0.094893 83.215000
0.267130 6.103100 6.917300 0.903740 0.674170 0.026301 0.115410 76.208000
0.258540 7.237600 6.635700 1.085200 1.172800 0.026438 0.066402 143.480000
0.261940 5.587200 7.857600 1.490800 1.266000 0.019781 0.133750 99.443000
0.322580 6.606200 7.880300 1.463400 0.602240 0.021935 0.090016 111.550000
0.525250 6.167100 9.831700 1.271000 0.668400 0.027734 0.111860 157.720000
0.342310 9.747900 8.746600 1.103700 1.159200 0.017232 0.065956 110.970000
0.458860 8.604400 6.545800 0.882070 0.948010 0.019354 0.112500 125.940000
0.381970 5.870800 10.096000 0.935300 1.392200 0.025652 0.084819 163.160000
0.299020 11.376000 6.657900 1.459900 0.729050 0.024825 0.130250 136.000000
0.313960 11.185000 11.307000 1.342200 1.210700 0.021053 0.086699 149.400000
0.507510 7.231100 9.608500 1.292200 1.043000 0.022988 0.104470 72.388000
0.551240 7.610800 12.900000 0.945840 0.627520 0.018985 0.076709 122.570000
0.555520 11.251000 5.912000 0.944630 0.985200 0.024996 0.120810 76.162000
0.246690 8.313900 7.541300 1.524100 1.312700 0.022083 0.065792 83.369000
0.317710 12.117000 13.068000 1.035600 0.655400 0.022224 0.129210 130.010000
0.501060 6.475600 6.563500 1.230100 1.048600 0.027373 0.107690 84.205000
0.242870 10.495000 11.959000 0.711440 0.788930 0.018126 0.086106 156.940000
0.283500 11.441000 6.818700 0.747080 1.280000 0.022770 0.114000 135.090000
0.385770 6.430300 8.535600 0.752570 0.606650 0.023831 0.137240 89.056000
0.319140 5.444600 12.242000 0.915520 0.840980 0.021637 0.060041 154.510000
0.469190 12.023000 8.879200 1.466800 0.765820 0.021280 0.090415 130.380000
0.400490 12.074000 12.098000 0.876400 0.677060 0.027534 0.097696 109.560000
0.558820 12.560000 11.349000 1.389500 0.751920 0.018408 0.078512 137.030000
0.480080 6.646100 13.098000 1.221600 1.271800 0.015833 0.107840 159.410000
0.431720 7.878000 10.271000 0.847330 0.807310 0.015802 0.098023 160.320000
0.460490 8.003400 8.828400 0.958500 0.707890 0.012882 0.079465 103.030000
0.377260 12.515000 9.973600 1.117400 0.958560 0.012093 0.095540 93.599000
0.363750 7.936400 8.428300 0.880680 1.391100 0.026948 0.070464 138.350000
0.322110 8.826100 5.820300 0.853530 1.292700 0.014053 0.091086 108.250000
0.454070 5.574000 6.103600 1.283000 1.226100 0.018144 0.108780 132.110000
0.262750 10.700000 9.260600 1.531100 0.930090 0.026780 0.137900 164.900000
0.413270 5.652000 8.977400 1.242700 0.878320 0.027575 0.076809 113.020000
0.402390 5.564500 7.482700 1.156000 0.814770 0.018219 0.100000 154.050000
0.384770 12.582000 9.759500 1.355800 0.866340 0.027864 0.086725 113.590000
0.321010 12.533000 10.445000 0.677630 0.756910 0.023200 0.093150 144.320000
0.265160 8.677000 6.012700 0.783510 1.203300 0.015520 0.076989 127.370000
0.506360 9.956800 11.382000 0.964620 0.844380 0.027116 0.128080 143.560000
0.481290 10.509000 10.452000 1.267300 1.237700 0.013588 0.105100 123.790000
0.477050 5.494500 9.802500 1.377400 0.772780 0.024693 0.079061 145.430000
0.275190 9.920300 8.802400 0.686090 0.815660 0.012611 0.113500 77.385000
0.485840 5.481000 9.643500 0.893650 0.651660 0.013805 0.082184 103.190000
0.466040 9.950000 8.921100 1.148500 0.623730 0.023516 0.138630 137.450000
0.551750 11.235000 6.719100 1.319500 1.107600 0.019678 0.069817 119.330000
0.256700 8.347200 9.941600 0.743000 1.331100 0.015223 0.112640 138.910000
0.501480 7.123600 13.081000 1.266200 1.164600 0.027335 0.116160 82.382000
0.314010 9.484600 12.024000 0.919930 0.771820 0.012235 0.097161 102.690000
0.368100 10.734000 6.389000 1.529300 1.325700 0.026532 0.070338 117.420000
0.373750 7.440700 7.369500 1.131400 1.234200 0.016487 0.065674 158.790000
0.247720 6.206000 7.239500 1.461600 1.399400 0.020304 0.131650 141.140000
0.408460 8.306200 7.995400 1.386500 0.731760 0.027453 0.115670 142.770000
0.340130 8.236200 8.993700 1.007200 0.939440 0.018360 0.067875 77.235000
0.532770 10.054000 7.912700 0.867950 1.333200 0.012392 0.121620 81.449000
0.425380 10.444000 8.809200 1.173600 1.302600 0.023102 0.081873 148.740000
0.475880 10.279000 5.660300 1.538700 0.969610 0.023332 0.100570 85.124000
0.338950 7.173000 7.321700 1.441100 1.371600 0.021416 0.114820 129.250000
0.505260 9.410700 10.086000 0.947260 0.696670 0.022001 0.061408 88.174000
0.404500 9.337100 10.668000 0.684890 0.981350 0.015051 0.087992 74.273000
0.253380 9.908500 10.963000 1.364900 0.901250 0.019405 0.116670 106.330000
0.360110 9.420800 8.677200 0.914510 1.075200 0.020548 0.112250 146.960000
0.336270 11.207000 9.232600 1.337600 1.133700 0.021441 0.119170 75.511000
0.367280 7.938500 8.755500 0.677430 1.006100 0.020323 0.102910 119.730000
0.304980 10.204000 12.364000 1.341600 1.079000 0.019374 0.089649 105.750000
0.329340 8.375400 8.144300 1.361800 0.697870 0.026415 0.065499 74.652000
0.409180 11.404000 10.426000 1.387600 1.201900 0.012125 0.114950 136.620000
0.367980 10.570000 9.431100 1.507200 0.832540 0.013674 0.099344 121.160000
0.292640 11.015000 11.161000 0.864980 0.603940 0.025556 0.062545 87.362000
0.327810 7.044500 7.214200 0.899010 0.961710 0.012496 0.068563 143.700000
0.461790 10.630000 13.148000 1.320100 0.801490 0.025976 0.080240 136.850000
0.424520 8.273400 8.446300 1.250300 1.384700 0.014439 0.132890 166.970000
0.415560 11.813000 10.736000 0.697750 1.202500 0.013344 0.062872 84.981000
0.395700 6.888700 6.534300 1.535100 0.842890 0.018533 0.068876 88.046000
0.304750 11.175000 5.975600 0.840040 0.872240 0.026042 0.138440 127.730000
0.245850 9.185100 12.569000 0.684040 0.766490 0.016524 0.097741 104.920000
0.284920 11.141000 7.001000 1.127900 0.659980 0.022448 0.061806 109.310000
0.540140 6.360200 7.429300 0.801190 1.027400 0.021331 0.070536 164.730000
0.493590 5.639000 12.320000 0.961080 0.928720 0.020292 0.115590 90.492000
0.433030 9.656600 10.517000 1.532900 0.657080 0.016148 0.130530 130.820000
0.456440 6.545300 12.965000 0.768620 0.698240 0.022572 0.132610 112.260000
0.314510 11.473000 5.867100 0.816590 0.708250 0.016411 0.079190 130.160000
0.337490 12.035000 5.841000 0.691840 0.830140 0.023377 0.109400 150.010000
0.519340 7.313400 7.296300 0.669500 1.127700 0.014862 0.072640 109.860000
0.435010 11.858000 6.376800 0.862300 0.713340 0.013565 0.068737 130.680000
0.479000 6.025100 7.650900 1.301900 1.327200 0.018813 0.080393 113.340000
0.303170 11.515000 6.467800 1.092400 1.354900 0.014534 0.103200 119.050000
0.534440 9.986000 9.751900 1.389100 0.647620 0.020161 0.071798 158.540000
0.514630 5.949900 10.609000 1.045400 0.875840 0.022409 0.091187 99.756000
0.426800 9.252600 12.429000 0.929270 0.721700 0.013486 0.092342 105.090000
0.439700 6.070700 12.527000 1.157900 0.711340 0.023051 0.098409 153.740000
0.289020 10.551000 7.328900 1.446100 1.375600 0.026165 0.099798 161.120000
0.353980 8.430700 11.615000 1.277600 1.254600 0.026070 0.068996 120.730000
0.455830 12.379000 11.280000 0.874640 0.600760 0.027632 0.077045 145.980000
0.438970 6.761700 8.873500 1.175800 1.369300 0.013836 0.087857 73.095000
0.393350 11.305000 8.312300 0.810990 0.873430 0.017111 0.137100 88.996000
0.541520 9.912100 8.910900 1.344700 1.081100 0.027272 0.117390 76.817000
0.406400 11.493000 6.528000 1.058900 0.975670 0.018908 0.089103 118.300000
0.288520 9.873300 7.849500 1.052400 1.213300 0.019998 0.124730 80.024000
0.315320 6.435000 11.271000 0.731570 0.780990 0.022033 0.107780 83.033000
0.411390 6.466300 11.721000 1.062400 0.794580 0.016278 0.084096 108.450000
0.257890 6.225200 8.946500 0.806300 1.310700 0.017552 0.104180 146.770000
0.490710 6.563400 9.487100 0.855910 0.945550 0.025867 0.127820 131.030000
0.243600 12.250000 12.084000 0.759880 1.294000 0.021845 0.136770 148.660000
0.254080 7.398500 10.812000 1.439800 1.163900 0.025980 0.098225 121.330000
0.414040 8.995800 9.318800 1.455400 0.738580 0.018953 0.083800 116.460000
0.515820 8.863700 11.264000 1.440400 0.656770 0.013879 0.090149 137.750000
0.242700 9.284000 9.878600 1.055600 0.688450 0.020348 0.110850 142.630000
0.352000 11.691000 8.696600 0.961610 0.723270 0.024750 0.095649 90.187000
0.513900 10.925000 7.043100 1.048100 0.617980 0.018240 0.097843 139.460000
0.419990 7.348300 11.179000 1.418400 1.179400 0.016436 0.118850 144.860000
0.436860 11.090000 11.014000 1.514200 1.018300 0.014587 0.095764 130.720000
0.559760 6.243200 8.478200 0.831160 0.604750 0.022844 0.090912 89.683000
0.263150 5.968700 12.993000 1.288800 0.704540 0.019007 0.102320 162.450000
0.496640 7.480700 9.293900 0.863640 1.342900 0.016220 0.134710 91.840000
0.311940 9.082100 6.604900 1.449400 1.298000 0.014347 0.120300 154.230000
0.510650 10.859000 9.450900 1.205700 1.379700 0.020855 0.117070 139.830000
0.430690 11.244000 11.986000 1.522000 1.198000 0.027099 0.105810 120.870000
0.381520 10.479000 12.692000 1.023600 1.309100 0.020713 0.117240 125.130000
0.399510 7.912100 11.068000 1.227900 1.061200 0.012428 0.124900 80.247000
0.355320 7.298600 9.132300 0.885730 0.712990 0.024059 0.096744 115.050000
0.447950 10.864000 9.523900 1.257500 0.634180 0.021806 0.063443 126.750000
0.391500 6.870500 7.632800 1.200400 1.069600 0.013539 0.076430 94.656000
0.547870 9.104500 13.027000 1.146100 0.775460 0.023446 0.071132 101.300000
0.410670 6.987300 11.713000 0.835400 0.924990 0.015743 0.125230 120.470000
0.301690 11.414000 7.273400 0.745840 1.114700 0.022675 0.101590 85.506000
0.320510 10.098000 12.662000 0.724780 0.809100 0.024488 0.080485 103.480000
0.546300 9.518700 11.170000 1.227100 0.995250 0.016922 0.087713 134.230000
0.404960 7.638200 10.022000 1.428800 0.999790 0.015703 0.105670 148.530000
0.351080 8.254800 9.385300 1.089800 1.356300 0.016461 0.092723 82.052000
0.471180 5.617600 6.826500 1.305400 0.764890 0.018252 0.132560 106.520000
0.259670 11.688000 8.345100 1.112900 0.968480 0.025505 0.084142 72.776000
0.527750 9.660100 11.299000 1.017900 0.960310 0.027836 0.101290 130.450000
0.389860 7.197100 9.312200 1.158800 1.106100 0.014387 0.122110 152.270000
0.549690 12.537000 6.316600 0.950700 1.057100 0.013080 0.126900 122.880000
0.286390 8.019400 6.236600 1.494700 0.601020 0.018603 0.067934 78.876000
0.382620 11.190000 10.134000 0.770070 0.897940 0.026359 0.082729 76.421000
0.541750 8.475500 5.791900 0.900950 0.820730 0.016700 0.082559 72.580000
0.282970 10.070000 9.042900 0.939780 0.976730 0.019479 0.137510 134.770000
0.550650 7.030300 10.231000 1.205300 0.974270 0.013953 0.138730 150.390000
0.521080 12.248000 10.218000 0.717360 1.157900 0.021964 0.080500 143.380000
0.310970 11.159000 9.097200 0.956010 1.398200 0.013965 0.122860 95.893000
0.530210 5.703600 11.822000 1.203500 0.908220 0.017498 0.106840 139.580000
0.309730 7.986100 9.662800 1.033200 1.020000 0.027404 0.109610 92.658000
0.408080 5.757400 6.402800 1.349600 0.682240 0.024181 0.094683 167.320000
0.423170 5.464100 12.935000 0.789810 0.839430 0.015175 0.105740 106.770000
0.502180 12.217000 6.752200 0.670030 0.706480 0.023696 0.081673 162.940000
0.305470 8.538800 6.967700 1.296900 0.850320 0.012339 0.063911 85.230000
0.462350 8.158800 10.723000 1.482600 0.761010 0.013154 0.067496 134.730000
0.285430 9.178700 6.147900 1.068700 1.153400 0.024962 0.079735 81.245000
0.462780 7.742000 9.368200 0.938980 1.368400 0.027842 0.100810 105.490000
0.504450 7.793600 12.168000 0.673860 0.746260 0.025043 0.122220 131.550000
0.405520 6.816700 10.502000 1.009300 1.263300 0.022059 0.085322 79.830000
0.553660 6.883900 6.686300 1.166200 0.818060 0.023890 0.089253 121.460000
0.502920 7.058900 11.257000 1.307900 1.388500 0.025400 0.085174 107.120000
0.307920 10.754000 6.582000 1.303000 1.317600 0.020596 0.098518 117.840000
0.467970 9.693100 6.179500 1.321700 1.108900 0.021431 0.076116 124.500000
0.363410 8.398000 12.061000 1.259600 0.970690 0.025223 0.083863 128.090000
0.340600 10.107000 7.206300 1.067500 0.914310 0.024789 0.092834 104.220000
0.299300 12.471000 5.954300 0.786770 1.161500 0.013210 0.060480 129.440000
0.393050 11.756000 9.665200 1.421700 0.710380 0.024526 0.132990 149.970000
0.260490 7.518000 9.593700 0.786460 1.268200 0.021372 0.135840 99.996000
0.410960 7.951300 9.711300 0.842290 0.635850 0.018178 0.061549 78.561000
0.492030 11.641000 12.912000 1.448100 0.852380 0.018780 0.128370 120.320000
0.255830 11.402000 13.085000 1.384400 0.952260 0.012305 0.119370 103.380000
0.336880 12.273000 10.878000 1.508800 1.218700 0.023878 0.114060 136.760000
0.334220 11.733000 12.109000 0.761980 0.741120 0.017127 0.129810 162.070000
0.325750 8.451400 11.393000 1.392900 1.346900 0.013363 0.099825 165.340000
0.497000 12.488000 10.329000 1.169400 0.929080 0.021228 0.114660 167.540000
0.528320 10.895000 9.850800 1.106400 1.116000 0.020752 0.105410 112.650000
0.546930 5.526400 11.611000 1.095300 0.753680 0.016032 0.092463 139.370000
0.393870 10.674000 7.024000 1.284000 0.921970 0.024309 0.101900 99.580000
0.458370 11.800000 5.829000 0.866200 1.097600 0.019810 0.081455 99.042000
0.484970 6.380500 11.788000 1.295500 1.294800 0.016852 0.070850 159.560000
0.538910 7.250300 12.953000 1.011300 1.000800 0.021510 0.079399 85.918000
0.243590 8.674300 8.932600 0.665090 1.353000 0.014140 0.071531 93.311000
0.358980 9.612000 8.379400 1.354000 1.017500 0.019048 0.086837 82.237000
0.362600 6.619300 6.046500 0.844170 0.720340 0.015122 0.112710 157.660000
0.514800 7.433600 6.796400 0.803100 1.198700 0.013427 0.110080 90.988000
0.416500 6.810300 10.323000 0.665830 0.898490 0.019229 0.138160 122.130000
0.532820 9.827200 7.677900 1.311900 1.141100 0.014949 0.131150 119.220000
0.536820 9.395500 12.117000 1.104800 0.880350 0.014841 0.124280 95.485000
0.530470 8.200600 12.779000 1.193600 0.649620 0.017643 0.123850 132.310000
0.390770 10.789000 8.950800 0.813220 0.715570 0.013605 0.072189 124.050000
0.328440 8.226300 12.611000 1.290500 0.950960 0.013333 0.130160 80.145000
0.357750 12.027000 11.087000 0.714420 0.900520 0.027240 0.105300 93.162000
0.298590 11.298000 8.267500 1.350500 0.790060 0.022896 0.087629 151.430000
0.323370 12.225000 8.019000 1.419400 0.959620 0.020244 0.119450 117.040000
0.381180 9.272900 11.495000 1.015600 1.284600 0.025374 0.082698 117.520000
0.331510 7.151900 11.534000 1.220100 1.110000 0.014273 0.111480 79.401000
0.399080 10.765000 10.370000 1.336400 1.339300 0.014450 0.080818 163.000000
0.553000 8.554700 7.146200 1.313300 1.150100 0.023288 0.138800 106.070000
0.406980 8.911400 9.796100 1.305700 1.343700 0.021832 0.105370 93.852000
0.292390 6.460000 11.428000 1.450800 0.620980 0.017349 0.104870 86.758000
0.388870 6.981000 7.440500 1.285800 1.021900 0.022392 0.089388 160.440000
0.489950 9.308000 11.838000 1.025400 0.686390 0.021981 0.090396 151.910000
