0.279003 10.523303 12.885172 1.553525 0.978203 0.028430 0.065453 141.976524
0.453077 4.809963 11.805589 1.678904 0.917984 0.024034 0.112155 95.750236
0.502571 9.567364 7.298167 0.844210 0.764852 0.025224 0.072897 121.336432
0.357177 6.894928 7.162659 1.379452 1.060378 0.031012 0.154783 126.733241
0.505401 7.961111 14.328933 0.857784 0.966471 0.014687 0.055767 137.436105
0.526386 4.891719 14.646456 0.958158 0.863601 0.017057 0.112307 105.795251
0.485995 11.009280 14.193527 0.755502 0.879658 0.018450 0.055761 129.571616
0.480457 6.715856 13.696138 1.446492 0.657588 0.015507 0.158461 91.910492
0.436502 7.618283 5.949414 1.456735 1.029079 0.020837 0.099148 112.813680
0.336097 4.730046 6.617243 1.109572 1.079039 0.015608 0.083537 121.965938
0.589085 8.740444 13.854036 1.621570 0.692130 0.020527 0.149418 86.012636
0.266008 8.489916 6.540864 0.633742 0.698306 0.022995 0.065451 138.555586
0.251069 4.554293 6.061109 1.203806 0.608203 0.027167 0.067779 111.937198
0.279852 8.403489 10.684273 1.191546 0.755341 0.015687 0.068005 123.803825
0.544745 5.357037 6.062574 1.082564 0.846071 0.029176 0.126683 122.885709
0.583745 10.612062 9.222735 0.908594 0.644477 0.012858 0.072839 113.821162
0.415562 6.679886 8.208150 1.434674 0.646778 0.012849 0.125904 77.032885
0.610249 8.679695 7.628215 0.854068 1.016260 0.013038 0.116934 138.780003
0.579564 10.804324 9.575642 1.418153 0.708241 0.029215 0.058289 105.805228
0.417788 7.652915 14.327740 0.871842 0.653047 0.018330 0.066048 93.209890
0.287614 6.435268 5.970918 0.927457 0.791599 0.029565 0.159291 113.095142
0.458826 9.315594 5.354072 1.747472 0.710752 0.013890 0.114451 109.582825
0.508734 12.366683 7.928681 0.946966 0.694322 0.027337 0.139972 119.844711
0.558163 9.190455 7.225690 0.906518 0.665548 0.030183 0.161603 110.519414
0.543281 8.185691 10.101129 1.522771 0.922315 0.024186 0.092850 132.682988
0.448298 11.165579 12.082864 1.444953 0.694788 0.031695 0.059685 137.415261
0.535594 5.591845 8.462939 1.449631 0.641716 0.015008 0.133084 81.432661
0.409768 8.820483 13.799942 1.373365 0.865641 0.020182 0.072504 137.328108
0.402507 9.643020 9.743807 0.933255 0.826309 0.024359 0.070102 133.030819
0.632064 10.701657 8.243755 1.376674 0.633000 0.016473 0.102381 116.484717
0.327756 7.987957 11.359113 0.820977 0.721383 0.025058 0.088033 79.624121
0.338477 9.944391 14.010331 1.704391 0.721249 0.023456 0.079308 83.812242
0.499386 4.829246 8.430069 1.416797 0.710576 0.022224 0.064706 97.007439
0.237455 7.728718 7.226774 1.576416 0.750380 0.016227 0.094990 118.257791
0.339802 7.481277 7.162314 1.700414 0.647776 0.016383 0.125678 114.022832
0.300213 9.495705 11.351919 1.414496 0.678734 0.024056 0.127197 90.317227
0.600400 6.981617 11.697312 1.153285 0.684351 0.030741 0.060973 132.537350
0.247979 9.562235 6.171805 1.536107 0.998955 0.027709 0.056820 141.258539
0.546572 5.850350 9.042859 1.134527 0.856381 0.023898 0.061173 112.641068
0.533231 9.993286 6.605736 1.636480 0.700240 0.013652 0.111000 101.705394
0.389246 5.908336 7.732701 1.309763 0.833139 0.020910 0.127762 140.170230
0.283478 11.090659 7.115973 1.514649 0.871133 0.026542 0.102118 107.864159
0.468200 8.468343 8.538061 0.709120 1.074606 0.022825 0.109492 141.417865
0.560395 6.768874 11.253304 1.340297 0.721670 0.029407 0.104058 128.492457
0.545237 7.517588 12.118453 1.654004 0.738629 0.012116 0.075723 117.375449
0.251040 9.363404 5.447360 0.881589 0.621853 0.019958 0.070983 80.909620
0.610862 5.474902 6.489741 0.948835 0.918341 0.020693 0.138995 125.008863
0.424183 5.829103 6.096400 1.568136 1.039351 0.024865 0.134258 129.115628
0.248588 5.582909 6.269325 1.612920 0.875525 0.015792 0.146309 128.109837
0.615951 8.433009 8.893168 1.736582 0.811997 0.015348 0.094621 118.649543
0.361583 4.246468 9.066453 1.624899 0.778310 0.027988 0.114187 79.951271
0.549937 9.376813 9.414755 0.788025 0.791294 0.030244 0.075969 135.087465
0.485286 11.075759 7.654904 1.337588 0.843879 0.028544 0.055420 128.353505
0.466393 6.858863 6.292222 1.417322 0.878794 0.020608 0.133482 140.430963
0.564087 7.654717 5.157075 1.236389 0.901969 0.028646 0.142564 120.285742
0.576203 7.090648 14.320870 1.505215 0.886519 0.020082 0.145978 109.497024
0.602250 10.326128 5.641346 1.750130 0.649136 0.015766 0.068225 105.127251
0.464087 9.017433 5.207922 1.308532 0.964851 0.028031 0.061099 125.209140
0.533111 7.928590 11.953614 1.144157 0.602378 0.012699 0.081469 75.095975
0.514607 7.237640 13.042441 0.916256 0.956271 0.018762 0.159426 141.509476
0.526897 10.470666 8.463194 1.281268 0.691005 0.027128 0.143158 99.209093
0.269972 5.102933 13.857916 0.852459 1.096702 0.015363 0.097530 133.365661
0.412540 10.846701 7.863667 1.573186 0.695175 0.017036 0.104962 136.912849
0.267227 7.814528 8.688723 0.977177 0.819534 0.019095 0.153447 130.187646
0.618379 8.722806 14.753112 1.389862 0.881970 0.020742 0.132821 126.285553
0.254962 7.631888 7.876602 0.990198 0.904123 0.021263 0.090837 129.297223
0.401379 7.348620 10.715793 0.775665 0.676483 0.012655 0.159121 80.848911
0.306019 7.927374 11.306121 1.712894 0.695456 0.015318 0.161680 85.166534
0.361357 8.533807 5.774102 0.891531 1.030808 0.027417 0.126825 122.155173
0.277484 5.914516 5.880810 0.592757 0.718289 0.025492 0.146543 134.078183
0.403546 6.793674 10.664721 0.981129 1.013513 0.030040 0.083247 130.011204
0.626096 4.606252 5.849809 0.712253 0.882523 0.025377 0.115001 97.270300
0.301169 5.198980 12.208818 1.340234 0.777865 0.023474 0.156918 141.954110
0.351422 9.244132 11.315733 0.963998 0.687660 0.021404 0.138516 84.692377
0.385242 11.786459 11.835251 1.214904 0.642907 0.019058 0.100209 110.992864
0.349558 4.314587 13.435196 1.599930 0.808384 0.021247 0.112567 121.609552
0.438978 6.643309 5.313057 0.946865 0.605921 0.014866 0.099978 99.672743
0.527984 4.165420 9.660997 1.643274 0.626107 0.021681 0.154845 77.621085
0.522269 4.696263 6.640441 1.622763 0.839879 0.015017 0.121280 126.394409
0.630794 6.457142 8.558606 0.940032 0.733866 0.026834 0.146709 106.383572
0.479025 8.221248 8.274885 1.651768 0.769630 0.031502 0.060753 98.625511
0.447133 10.869094 13.861304 1.118929 0.717660 0.021831 0.130718 140.961827
0.595120 8.549394 12.892418 1.700748 0.634504 0.010745 0.130556 110.594113
0.401206 6.423931 5.679382 0.951773 1.018711 0.030247 0.081443 93.326237
0.304502 10.747707 5.401697 1.194608 0.895660 0.027506 0.110893 115.867809
0.441012 7.363192 7.461686 1.684201 0.842574 0.023018 0.154760 137.690950
0.583432 6.978840 14.360541 1.077816 0.728173 0.020335 0.114585 138.845094
0.242822 10.735548 12.425891 1.032640 0.708767 0.028219 0.103303 83.347729
0.453244 10.266912 12.544986 1.685157 0.732267 0.020850 0.146131 102.100028
0.551456 7.288915 6.540785 0.840811 0.624706 0.028644 0.068005 141.611883
0.369797 7.278949 7.953889 1.364431 0.607293 0.030029 0.102684 84.723688
0.251976 10.468425 5.561787 0.822309 0.665213 0.023937 0.080106 131.987484
0.464249 6.400602 12.003299 1.267612 0.603560 0.018379 0.055604 131.352781
0.337727 4.526440 10.616237 1.368521 0.750801 0.013387 0.059013 105.157506
0.448245 9.093768 5.448231 1.586867 0.615874 0.021306 0.108881 125.405678
0.613291 5.212284 6.050970 1.591091 1.217651 0.022860 0.106143 133.540200
0.595161 8.434164 10.019802 1.541717 0.853047 0.011124 0.065207 127.245220
0.414541 6.877406 6.632788 1.597687 0.634491 0.025324 0.114860 57.715285
0.277612 5.345581 8.432432 0.666828 0.711963 0.023305 0.091535 66.202237
0.522574 9.246997 12.924632 0.867688 0.625565 0.014398 0.079859 86.679981
0.624027 8.967669 11.285068 1.575311 0.883784 0.021351 0.153648 118.561630
0.543771 7.932875 10.679096 1.403972 0.749712 0.031004 0.108284 141.205736
0.613091 8.374175 5.203429 0.801367 0.925674 0.025723 0.096918 138.129988
0.264474 11.397898 14.654168 1.475965 0.631599 0.023527 0.159642 87.237471
0.481286 11.918780 6.236241 1.250144 0.620870 0.010808 0.069242 87.075031
0.429620 10.633792 5.146107 1.105450 0.897148 0.010723 0.137999 133.909052
0.343229 7.139561 8.391825 1.341113 0.611012 0.017126 0.116191 78.761661
0.319764 6.950260 6.755739 1.486213 0.863321 0.030962 0.155716 104.117953
0.394602 11.081143 8.953592 1.288203 0.688481 0.014182 0.105097 87.439520
0.426104 4.216439 8.995952 0.796229 0.653938 0.024074 0.145970 80.864634
0.609274 4.488061 9.141152 0.703350 0.659992 0.025103 0.072700 68.081903
0.266331 9.562466 10.818432 1.602733 0.694845 0.022869 0.078585 130.237836
0.427656 4.186484 5.104092 0.908226 1.233619 0.029401 0.096133 141.002693
0.300868 9.349477 7.476983 1.257032 0.685387 0.030576 0.113895 69.708473
0.396481 6.873941 5.941608 1.547537 0.944417 0.030880 0.054783 88.960022
0.425660 7.365286 9.507072 1.446583 0.699297 0.017797 0.143866 82.883297
0.357226 7.682666 6.839111 1.054750 0.607224 0.011944 0.056152 88.332063
0.370603 12.124390 10.299647 1.669588 0.783900 0.012684 0.105473 117.636202
0.256255 5.492854 7.404149 0.735035 0.640252 0.023379 0.134095 112.608906
0.368897 11.738337 12.460591 0.711433 0.971927 0.031061 0.154235 132.539132
0.352590 8.880381 6.539735 1.108003 0.887061 0.020452 0.148328 92.367288
0.256895 6.316528 5.079346 1.043661 0.671195 0.031307 0.136925 57.598349
0.385602 8.073889 9.224046 1.177884 0.787201 0.017158 0.161885 122.889509
0.256321 5.321097 5.785424 1.710257 0.698996 0.026058 0.063807 89.314135
0.541448 7.858970 5.233268 1.301496 0.874608 0.013496 0.114732 101.223123
0.414582 4.914473 5.633411 1.538896 0.663104 0.015267 0.131320 49.074096
0.435551 5.098994 14.430982 1.625491 0.623732 0.026385 0.138316 75.995388
0.272631 8.519132 12.626231 1.047322 0.897971 0.024460 0.076497 136.844788
0.357344 8.875005 8.603009 1.005963 0.919505 0.017334 0.104946 127.657275
0.522391 4.681939 5.421990 0.923079 0.676356 0.031961 0.073586 119.897605
0.320919 6.229229 8.863638 0.625711 1.001054 0.023016 0.092584 110.183106
0.416859 6.206953 5.720365 1.673156 1.000949 0.026130 0.057680 105.154975
0.587820 6.432802 7.898440 0.898034 0.820466 0.014552 0.075217 94.588305
0.606575 9.312468 11.588945 1.283152 0.746284 0.017581 0.158380 94.804205
0.555238 5.192335 7.923869 1.181907 0.628011 0.013190 0.086232 96.208444
0.579828 5.978017 11.595306 0.910087 0.782166 0.029960 0.137378 126.960964
0.365445 4.712528 5.247730 0.868563 0.699493 0.014922 0.142289 91.318492
0.226537 4.454098 13.513141 1.043478 0.631522 0.019966 0.123845 124.021957
0.605204 6.830772 9.665766 1.422158 0.747506 0.030078 0.111254 137.506359
0.518679 6.959220 14.789994 0.648040 0.710915 0.021408 0.134970 114.938660
0.244964 7.596447 13.333337 0.878368 0.731508 0.027076 0.087680 76.601828
0.250645 10.583778 9.836810 1.667809 0.681675 0.019530 0.076920 136.267156
0.529454 5.015475 8.151433 0.901065 0.960797 0.030482 0.161839 110.763412
0.521709 7.347696 5.563948 0.969277 1.025184 0.011912 0.162163 120.265951
0.426432 7.327986 7.013107 1.456191 0.655408 0.018765 0.123513 94.477291
0.437453 4.769662 12.117796 0.927011 0.629874 0.017988 0.069036 128.567152
0.274456 10.541489 13.314950 0.978264 0.890404 0.028135 0.129532 111.978390
0.518215 5.593068 6.300422 0.835893 0.708855 0.012398 0.095718 135.652926
0.456384 10.561887 7.608440 1.209016 0.709373 0.011062 0.079791 98.890196
0.591197 8.435512 5.807815 1.747872 0.744540 0.015865 0.073854 88.704764
0.361574 4.421601 9.190191 1.221428 1.062560 0.018735 0.147260 109.433545
0.337585 6.846189 7.385734 1.082049 0.735036 0.019187 0.141093 124.443587
0.341841 10.837695 5.354524 0.897505 0.745113 0.019476 0.090398 141.427065
0.613145 6.176641 11.816888 1.402453 0.859769 0.022192 0.154303 104.935527
0.521435 9.838759 9.661524 1.351104 0.640288 0.020088 0.057657 102.518661
0.478684 5.585427 11.316730 1.379775 0.652265 0.018213 0.088060 123.935596
0.311691 8.771447 7.450984 1.694446 0.708283 0.010692 0.121923 115.459329
0.460096 12.314741 12.040708 1.416891 0.882348 0.031196 0.091576 127.741029
0.570228 5.299504 10.857808 1.263440 0.625386 0.016884 0.119410 111.753999
0.474183 6.928319 9.879030 1.191416 0.845301 0.015537 0.139061 128.288908
0.550285 12.097482 13.115551 1.059925 0.860507 0.028202 0.094845 142.512422
0.226430 8.563913 6.718986 1.611459 0.867011 0.017915 0.141351 98.260265
0.347803 10.745483 8.235892 0.897878 0.758574 0.020169 0.114482 116.092151
0.268689 4.175966 6.149761 1.703389 0.673232 0.029849 0.137309 60.243428
0.473838 4.207024 9.975629 1.105485 0.907405 0.013251 0.077798 114.614595
0.443918 9.833655 7.320952 0.670195 0.708408 0.020668 0.144509 121.163040
0.244417 7.080454 13.741827 0.683898 0.603422 0.024007 0.129790 109.937561
0.495911 8.043347 6.501550 1.367277 1.081500 0.027565 0.121244 124.897927
0.345832 10.003236 7.722462 1.681279 0.896902 0.015816 0.058079 141.459967
0.347181 5.105122 9.965498 1.045395 1.057854 0.021151 0.071629 137.613960
0.398410 7.546061 10.809673 1.210351 0.624394 0.016071 0.090283 73.194660
0.453274 4.772883 5.940834 1.654537 0.663733 0.029336 0.147538 117.981170
0.382287 7.174465 5.769563 0.647292 1.082531 0.029182 0.147421 127.545442
0.408916 10.412990 10.494633 1.223949 0.800733 0.025314 0.071081 92.627884
0.364433 7.034276 9.252008 1.687632 0.850624 0.015399 0.143500 112.933108
0.601420 8.921450 8.873785 1.268737 0.714007 0.012904 0.141156 86.696243
0.270785 4.566447 6.295517 1.741705 1.059766 0.029635 0.081070 110.480479
0.596593 5.480089 6.820384 1.148512 0.964922 0.017588 0.136004 123.444879
0.243501 6.552223 7.825814 1.639472 1.031361 0.027252 0.113088 138.780464
0.545908 4.384704 12.240774 0.787551 0.643866 0.024776 0.130527 94.056306
0.217155 8.512865 9.499825 0.643788 0.775218 0.022062 0.120997 114.180229
0.548096 4.333510 6.786013 1.215286 0.603907 0.025040 0.056112 93.929482
0.617582 6.237263 14.534243 1.200507 0.865360 0.025839 0.066412 117.853664
0.246972 5.721590 12.854321 1.741101 0.844086 0.027036 0.116251 131.042308
0.447810 10.405060 14.843211 1.087752 0.897060 0.020286 0.118486 125.486977
0.521358 6.143641 5.397183 1.086461 1.148540 0.030479 0.061817 137.811995
0.433046 7.935147 9.502597 0.850046 0.611865 0.025528 0.159470 93.195386
0.341700 11.211277 9.360114 1.549660 0.694044 0.011997 0.071730 137.662629
0.242909 6.990019 10.777966 1.200209 0.727520 0.020891 0.140275 128.800971
0.588610 6.995492 9.021819 0.965153 0.707916 0.016166 0.127341 122.783376
0.473853 9.180350 7.315744 1.454267 0.725269 0.017745 0.091582 129.767227
0.268179 8.960215 11.117248 1.249638 0.704973 0.028833 0.096627 103.441209
0.345826 6.566676 12.575445 1.387259 0.930460 0.025727 0.079542 103.922081
0.223310 5.125432 5.818328 0.937039 0.968816 0.024018 0.087387 109.653188
0.335591 5.990673 12.804994 1.373008 0.732143 0.017743 0.140184 137.492190
0.388973 6.734342 13.945380 0.672793 0.699412 0.025520 0.132804 118.685581
0.334343 6.023631 7.005103 1.425729 0.825861 0.029627 0.087580 72.063150
0.218036 6.567248 10.373257 1.655650 0.687061 0.020040 0.158869 116.587563
0.327349 5.432438 12.868535 0.680286 0.941480 0.029516 0.098704 105.777720
0.457501 6.843295 11.921942 1.268659 0.608840 0.023215 0.143735 108.369578
0.222829 4.756904 5.657095 0.845327 0.846839 0.028891 0.092051 122.209131
0.494323 4.401259 5.716031 1.235867 0.826491 0.013324 0.061486 77.742146
0.409356 4.543154 13.049344 0.891257 0.676844 0.017706 0.154020 117.606509
0.305572 8.472508 5.786060 1.270310 0.846593 0.022637 0.101724 89.378800
0.542413 9.132283 6.607716 1.151942 0.991665 0.017523 0.081436 135.333340
0.538612 6.813799 7.287056 1.737937 1.038421 0.017070 0.132456 119.479490
0.317860 7.483173 9.206271 1.135116 0.959589 0.024907 0.093479 136.665545
0.318006 7.043778 11.762787 1.094220 0.665990 0.012098 0.111200 89.429472
0.224864 10.104209 13.828319 1.570427 0.883352 0.026065 0.080982 125.643219
0.259468 9.170805 14.282134 1.748001 0.774696 0.025073 0.106499 109.403182
0.634278 4.900621 11.339558 1.339953 0.657707 0.010873 0.083210 124.032751
0.269290 11.018743 9.347333 0.937850 0.806699 0.013855 0.092428 131.166323
0.512792 11.100873 8.879322 1.496192 0.774133 0.028691 0.080568 84.769510
0.599653 10.129600 6.967393 1.171413 0.664661 0.015224 0.055733 115.279540
0.278405 4.202520 8.857976 0.954201 0.744024 0.023436 0.084252 79.436074
0.322197 7.683572 7.458547 0.741962 0.698274 0.018053 0.101815 86.249601
0.461520 7.714044 6.913324 1.647166 0.868694 0.025237 0.138350 102.241635
0.247727 5.060142 12.099470 1.221476 0.664544 0.022823 0.067034 140.462467
0.335140 11.965144 11.470475 0.972026 0.995704 0.028129 0.100443 136.874780
0.215281 4.648801 8.026565 1.334366 1.085182 0.019044 0.085682 136.818037
0.453959 10.508453 12.355632 1.546626 0.778336 0.013783 0.089224 106.638998
0.585733 6.219140 10.306686 0.694133 0.646326 0.011513 0.155462 129.590524
0.289113 12.114679 12.194124 1.496273 0.808689 0.030650 0.074375 134.300599
0.541539 7.106793 12.448244 1.568199 0.860825 0.012912 0.061155 119.118596
0.279641 10.361398 5.826069 1.243579 1.017024 0.025847 0.055971 127.820142
0.260660 10.376422 10.978835 0.957375 0.700390 0.026490 0.097477 125.810772
0.491197 9.019369 10.327405 0.828679 0.869651 0.014450 0.082821 127.409379
0.400088 12.372853 9.473738 1.112392 0.792815 0.016113 0.119751 110.280274
0.631972 5.076855 5.481910 1.646236 1.113958 0.021943 0.138633 110.917941
0.387970 5.477429 11.420962 1.228273 0.904232 0.016139 0.057639 132.906520
0.464897 5.341968 11.529323 1.045897 0.881296 0.031332 0.127187 82.429861
0.451909 7.161313 6.068410 0.798833 0.921822 0.017325 0.109475 131.064687
0.359405 5.952146 13.501538 1.464126 0.995104 0.020456 0.116384 111.779578
0.485598 6.072976 12.948552 1.562601 0.856952 0.025287 0.100275 123.079877
0.552016 7.421389 8.935338 0.597923 0.696808 0.027092 0.137535 121.777936
0.610883 11.027725 8.183044 1.648435 0.652582 0.020579 0.095447 140.044026
0.542758 10.942299 11.413897 1.352767 0.605699 0.031184 0.133506 77.826265
0.628460 11.217874 11.211160 0.900489 0.884757 0.020221 0.109599 142.958032
0.383533 4.615531 10.538837 0.884263 0.637822 0.024851 0.128047 76.109742
0.267498 8.324332 6.105404 1.366347 0.787794 0.024257 0.130092 81.446216
0.254347 10.061300 11.369140 1.657600 0.937943 0.016006 0.074529 131.458915
0.362565 5.776989 10.442460 0.804874 0.676892 0.021535 0.117872 90.270816
0.243671 9.230352 11.613310 1.253080 0.815200 0.021042 0.071723 140.847770
0.629471 6.769442 10.246649 0.956068 1.058889 0.023488 0.119911 142.774602
0.381371 10.226158 8.164069 1.083756 0.939051 0.031492 0.105085 121.162786
0.428449 11.247111 5.675173 0.643771 0.890134 0.019655 0.106008 142.900654
0.583031 8.273034 5.874733 0.932250 0.695302 0.012348 0.087706 127.903401
0.285070 8.102506 8.955297 0.902622 0.664467 0.013696 0.147317 79.307306
0.547674 9.723656 5.779665 0.956741 0.672322 0.018065 0.155021 72.880661
0.370955 5.975554 14.652989 1.569411 0.905645 0.030175 0.144934 126.555102
0.614063 6.003144 6.159179 1.040367 0.783171 0.031905 0.081915 76.116230
0.489388 4.942243 8.469852 0.973433 1.107827 0.017508 0.143152 122.200771
0.587551 8.874264 7.928644 1.401035 0.831573 0.026624 0.162310 126.703484
0.476954 8.771480 7.207210 0.984808 1.065147 0.030386 0.091115 135.846705
0.542493 8.430016 7.816984 1.745110 0.922725 0.028426 0.119965 114.371249
0.529948 6.966913 6.005569 1.097545 0.885021 0.024386 0.117572 136.190246
0.275556 5.631296 5.718470 1.152780 1.153892 0.011384 0.085258 139.249647
0.366301 6.972015 12.583026 1.144673 0.613901 0.012499 0.067600 75.080760
0.259780 5.869515 7.848935 0.870128 0.656620 0.026734 0.161518 118.325281
0.569497 9.327371 7.310913 1.545230 0.674638 0.026524 0.107429 111.531708
0.369426 11.352469 14.441656 1.172308 0.884075 0.021306 0.115766 140.877095
0.518685 8.276692 6.888564 1.423420 0.893858 0.020036 0.065673 132.446311
0.315894 8.594587 8.859141 1.234153 0.617224 0.029570 0.125882 107.926993
0.512164 5.831854 11.235205 1.016723 0.692720 0.029205 0.063924 82.865755
0.398991 7.459678 7.808447 1.667009 0.771884 0.031959 0.147738 119.126720
0.261246 8.147535 12.714954 0.887892 0.701007 0.030452 0.157561 96.572957
0.396996 4.197935 13.966148 1.072621 0.674680 0.019757 0.106170 140.689963
0.351277 5.559695 7.597192 1.182641 0.741676 0.022579 0.124782 141.108763
0.317366 11.954085 8.375018 0.609605 0.606229 0.026874 0.151446 101.697162
0.418930 6.981061 13.551684 0.674360 0.841854 0.029445 0.115433 112.789147
0.560668 9.146344 8.899669 1.637823 0.706601 0.011271 0.061433 109.107736
0.533120 6.270862 7.025566 0.856459 0.792836 0.022354 0.110807 139.600692
0.475420 6.715758 7.010542 1.682464 0.872634 0.013667 0.064838 125.991952
0.584546 5.893772 6.229398 1.252251 0.851468 0.019385 0.161053 141.149042
0.492930 9.998906 14.678529 1.086310 0.968981 0.026442 0.112366 142.198800
0.311253 7.552557 12.281055 1.311052 0.636915 0.014305 0.161789 81.606653
0.252196 4.247078 14.782592 0.877515 0.748327 0.021889 0.079354 117.307071
0.342482 4.371864 8.730340 0.915029 0.938866 0.015056 0.101591 121.134987
0.250720 6.730380 9.081700 1.096617 0.888567 0.012221 0.107222 108.572950
0.405276 7.743728 9.189201 0.805138 0.622478 0.015533 0.157896 138.294302
0.618633 12.270269 5.817782 1.698209 0.781575 0.021124 0.076822 87.732089
0.417190 7.633842 5.600490 0.818802 0.992643 0.027879 0.062063 122.668366
0.344495 4.210167 7.239308 0.614207 0.874078 0.015554 0.125548 89.870521
0.353252 8.180260 9.383707 1.085191 0.704615 0.022645 0.154556 83.019493
0.242049 5.619141 8.580523 1.702453 0.753122 0.021245 0.158463 97.936306
0.419878 5.476620 7.000771 1.097660 0.639616 0.015558 0.124240 84.824748
0.345739 10.493650 5.703413 0.718593 0.723060 0.029413 0.086271 133.737542
0.271103 11.216608 11.519314 0.644074 0.642090 0.011052 0.159387 131.287486
0.602080 6.033469 5.100814 0.643908 0.894268 0.025448 0.077974 118.595090
0.320305 6.993569 13.078319 0.675084 0.726532 0.024116 0.106288 131.739954
0.395156 6.751502 6.431038 1.139105 1.013427 0.021726 0.144489 120.112223
0.219296 4.931667 14.356761 1.620859 1.087577 0.029884 0.143225 134.013131
0.285745 7.777065 7.037601 1.334343 0.720654 0.022023 0.064723 78.995156
0.630497 10.730870 6.951661 1.333044 0.704912 0.021116 0.116911 123.033259
0.500840 7.064734 5.844116 1.410788 0.680334 0.016458 0.101442 87.952501
0.416388 11.933906 13.022637 0.752912 0.814294 0.018671 0.157935 124.491379
0.215338 9.125092 11.275979 0.937760 0.643458 0.026383 0.134159 85.009989
0.295149 4.968286 9.292847 1.112540 0.979583 0.024238 0.068155 100.006837
0.609894 10.818596 12.377399 1.214361 0.657297 0.031576 0.137814 139.883448
0.283311 4.856300 12.781243 1.701152 0.724723 0.027644 0.120218 133.718823
0.509520 11.405058 10.730607 0.667135 0.764486 0.012110 0.134530 137.098975
0.431766 8.342264 6.991966 0.999576 0.784282 0.010747 0.153231 121.702184
0.585508 9.710629 11.194966 0.757794 0.703977 0.018098 0.143791 108.192531
0.270373 7.123342 7.661905 0.972192 0.602927 0.025454 0.155835 89.500637
0.607684 10.467024 10.069939 1.726196 0.665332 0.028673 0.090276 130.132494
0.586091 7.694802 6.090050 0.674933 0.657095 0.018527 0.156725 133.145219
0.273086 5.175524 6.740817 1.304589 0.911009 0.016963 0.126455 126.635963
0.401612 10.433238 14.095123 1.009169 0.643536 0.012029 0.154626 91.219050
0.389972 6.341803 9.357374 1.496264 0.664773 0.028884 0.079912 101.140640
0.481181 4.517792 9.857546 1.725235 0.745711 0.020971 0.135268 111.944703
0.604269 8.957037 8.410752 1.130758 0.780318 0.022539 0.086130 105.499893
0.429995 9.651272 11.025011 0.654686 0.657909 0.015238 0.142678 119.608232
0.593686 6.329988 12.383283 1.358203 0.621194 0.023458 0.120905 103.117266
0.439219 6.806513 5.220124 1.165509 0.624491 0.030137 0.059846 127.237301
0.281260 4.822859 7.570734 1.108442 0.631527 0.019203 0.083097 132.390291
0.230374 8.155386 13.384732 1.246899 0.898938 0.027564 0.064457 117.232658
0.541618 4.855900 13.399315 1.231009 0.771695 0.016393 0.144280 103.201422
0.496845 9.796272 12.394472 0.693424 0.689841 0.011278 0.129535 123.676306
0.304111 7.875231 13.540947 1.104655 1.046792 0.029666 0.145866 132.741070
0.478179 9.387662 5.135626 1.364610 0.910882 0.018232 0.081889 113.866932
0.320190 7.187853 7.018543 1.457429 1.044819 0.030059 0.154462 105.309541
0.308626 8.290413 11.153332 1.714733 0.803548 0.012755 0.155110 102.825634
0.559262 4.875988 12.664166 1.619055 0.740843 0.026659 0.056666 95.283566
0.463350 10.253303 14.343578 1.682143 0.810900 0.019124 0.094052 132.239178
0.523900 5.258147 9.028056 1.275220 1.136135 0.029619 0.081014 114.759313
0.377908 10.158382 5.797672 1.580279 0.715249 0.015425 0.102365 111.882002
0.519416 9.627428 12.363041 1.066466 0.632503 0.020731 0.063877 94.074610
0.599473 5.490975 14.751227 1.413482 0.948147 0.014545 0.145358 115.475070
0.581541 9.734453 12.295529 0.709332 0.646798 0.013221 0.062570 107.437443
0.578453 6.373201 12.686257 1.643823 0.620845 0.025608 0.081209 124.477258
0.632597 10.365250 10.228009 1.661040 0.835970 0.028354 0.150286 109.177500
0.582509 8.885067 8.312433 1.655293 0.603430 0.031784 0.057800 142.389942
0.490902 10.650791 5.206487 1.312988 1.080331 0.022086 0.072244 140.797934
0.238685 9.718826 10.994890 1.071731 0.849534 0.011582 0.065926 136.739494
0.265026 5.023262 5.849195 0.844424 0.695655 0.027085 0.137252 79.530423
0.386882 4.340441 9.668599 1.629698 0.803354 0.017983 0.072799 77.319779
0.491305 7.974792 6.217344 1.670333 0.655130 0.021979 0.159555 80.813230
0.534700 4.907135 6.849237 0.709164 0.649241 0.028007 0.074804 113.763377
0.216459 8.509167 8.401674 1.436881 0.915674 0.021099 0.114405 117.054131
0.486029 11.443357 14.795087 1.039662 0.709252 0.013833 0.087792 110.461846
0.630604 9.569798 9.475538 1.412937 0.887650 0.014524 0.074896 115.034590
0.309027 6.305457 7.368808 1.273033 1.063556 0.015377 0.149229 125.928421
0.600254 8.979739 10.695654 1.254583 1.060478 0.028825 0.106186 127.904055
0.330073 6.179609 7.257619 1.037914 0.840798 0.029644 0.104959 78.860547
0.405530 6.084633 5.026771 1.116284 0.982231 0.031868 0.075495 127.413734
0.597076 4.245764 5.239976 1.050393 1.077407 0.022573 0.107101 100.121902
0.578118 5.207148 14.471392 1.704500 0.776246 0.018902 0.080523 119.394642
0.242599 10.864389 9.145103 1.108830 0.605289 0.011558 0.090833 125.369038
0.571890 4.495969 5.707250 1.167600 0.904629 0.020197 0.143578 92.980504
0.462192 11.808126 12.939847 1.064471 0.900740 0.025293 0.126228 117.241699
0.501877 4.237052 14.831589 0.964753 0.852581 0.020078 0.068162 89.091642
0.622739 5.055583 6.754336 0.955072 0.901364 0.019588 0.077519 89.240098
0.569495 10.271526 5.646641 1.265218 0.721388 0.016526 0.095877 105.179511
0.359274 6.384315 13.718015 0.923007 0.785464 0.023641 0.154227 114.701911
0.568720 4.879273 8.420087 1.721929 1.095243 0.025643 0.094671 125.720155
0.413863 8.617054 9.891294 1.315410 0.676178 0.015616 0.069680 112.638416
0.268207 5.740469 5.356249 1.334512 0.973100 0.012061 0.158261 112.702262
0.322632 4.589399 10.141027 0.615863 1.063396 0.029285 0.159708 130.019394
0.567739 5.397342 9.368027 0.798461 0.923527 0.019095 0.159541 120.338332
0.532607 8.473098 14.671344 0.742544 0.613432 0.031585 0.114731 111.479905
0.228380 5.244647 9.473364 1.350217 0.959126 0.018220 0.154821 128.286275
0.524861 4.614376 14.578535 1.700141 0.625553 0.021907 0.075353 89.751654
0.354351 10.726103 10.221698 1.347283 0.612096 0.029375 0.100080 108.032286
0.633241 5.724715 11.979154 1.689308 0.894629 0.018285 0.063690 93.393567
0.226428 8.538747 8.819084 1.490474 0.752866 0.025530 0.059405 121.133774
0.270612 9.743306 10.686406 0.876787 0.914430 0.023805 0.071379 121.215209
0.424526 7.421246 10.872104 1.065315 0.952268 0.031757 0.156951 100.899343
0.240367 4.271240 5.351848 0.974433 1.082187 0.021898 0.085342 135.931948
0.546752 10.812560 12.432635 0.939032 0.885989 0.018473 0.135041 126.292750
0.431216 7.447153 11.258245 1.318503 0.718834 0.018074 0.070628 127.364598
0.387750 5.458578 9.554528 1.077187 0.697119 0.024482 0.075263 54.546192
0.452755 7.466804 11.397877 1.736170 0.943364 0.029644 0.161663 134.950784
0.447472 7.331192 8.472697 1.574273 1.112910 0.028885 0.157742 124.487871
0.352195 9.096021 6.202828 1.568781 0.769285 0.024230 0.131188 135.201681
0.541492 9.807902 6.042224 1.524458 0.687096 0.028481 0.099555 127.599528
0.396562 4.530944 12.077697 1.173855 0.805740 0.031854 0.096723 112.316028
0.342248 6.225908 14.056434 0.850851 0.721145 0.031214 0.147300 83.765733
0.282527 7.577971 12.213936 0.897834 0.821855 0.018675 0.156037 108.894302
0.487059 6.981828 12.749732 1.665469 0.755727 0.020296 0.096186 128.094929
0.439831 6.292111 6.880635 1.078630 1.170921 0.021196 0.115874 134.453811
0.617348 5.222397 10.894709 0.895086 0.929241 0.023371 0.096217 119.656659
0.491874 5.073893 5.760497 0.985108 0.633299 0.031521 0.111710 134.039433
0.236394 10.705263 5.646692 0.984514 0.880074 0.025478 0.099762 118.343897
0.437999 10.038136 6.070929 1.263800 0.621212 0.026135 0.141838 126.100118
0.360406 9.001251 13.501291 1.653979 0.706971 0.029227 0.121600 115.714530
0.519781 6.879472 9.317328 1.054694 0.650886 0.015033 0.126650 72.136485
0.389291 5.610990 5.883525 1.741915 0.923170 0.016781 0.066796 97.815250
0.381784 11.240433 12.123720 1.538279 0.811910 0.028031 0.105964 127.463687
0.629367 4.322578 7.156597 1.011893 0.636426 0.017584 0.073468 74.124107
0.250587 4.571141 8.930907 1.750322 0.621557 0.025019 0.116393 48.764033
0.480195 7.237592 14.609394 1.730403 0.664921 0.016317 0.058500 86.732315
0.342421 5.791434 11.761802 1.730597 0.792379 0.014359 0.073197 90.415667
0.393884 10.233988 6.923545 1.321622 0.663135 0.023243 0.079224 136.484445
0.385756 5.298638 6.641234 1.283338 0.765355 0.021587 0.055930 128.925979
0.352150 5.948296 12.485384 0.765208 0.746244 0.027504 0.132915 136.406507
0.531121 11.857120 13.471602 1.134963 0.649019 0.019840 0.056764 98.583656
0.481900 8.975571 11.288438 1.459752 0.656193 0.012767 0.144488 127.085646
0.518337 4.511439 7.681864 1.740647 0.709652 0.017193 0.139526 87.565382
0.423210 9.738588 7.923467 1.223774 0.868485 0.032012 0.147761 96.193656
0.259976 11.035329 10.294743 0.595435 0.989326 0.016003 0.070144 142.068146
0.561849 4.920396 5.642122 1.426032 0.969849 0.025889 0.100278 140.475195
0.486802 8.367337 5.457282 1.533870 0.849466 0.018337 0.080583 112.341983
0.565514 6.344155 7.735790 1.670305 0.846943 0.014647 0.069185 82.037655
0.395505 5.320816 6.256207 1.269742 0.895222 0.031283 0.120947 72.332949
0.408736 8.664899 13.607185 1.596687 0.864591 0.028997 0.148215 132.792232
0.217952 9.205505 6.723712 1.275517 0.770183 0.025171 0.156153 102.928880
0.410395 8.254078 10.197260 1.247476 0.603000 0.024700 0.161235 139.704849
0.313030 7.844135 7.034638 0.833266 0.724731 0.024687 0.073742 134.047726
0.639305 10.432082 13.420962 1.146316 0.790190 0.024444 0.156834 108.994602
0.460737 8.867604 11.323627 1.159256 0.608294 0.027507 0.145638 92.263525
0.425905 6.160708 14.269837 1.214991 0.762188 0.021595 0.067296 114.629382
0.618986 7.715759 12.257377 1.472557 0.976131 0.010834 0.071324 134.004284
0.607878 6.258742 5.486448 1.327577 0.677877 0.029034 0.137483 48.957455
0.443114 6.562229 6.810371 1.189394 1.025369 0.029934 0.145491 116.531525
0.260011 4.230570 11.191803 0.627684 0.628542 0.020169 0.127686 87.508598
0.552158 6.019588 7.421862 1.489066 1.009231 0.029223 0.112608 101.696721
0.358710 9.120067 8.885585 0.843337 0.866887 0.014306 0.081277 141.478703
0.475046 5.876209 14.565658 1.369630 0.793818 0.012668 0.151575 133.077659
0.260050 8.284760 7.865001 1.338809 0.770522 0.024738 0.139755 117.648181
0.266771 6.611764 7.102757 0.900568 0.776767 0.027529 0.147939 97.687431
0.218401 11.341433 7.362100 1.639120 0.718309 0.024116 0.064364 85.737639
0.503992 4.153356 9.789255 0.862817 0.640222 0.031790 0.136126 86.094298
0.419181 7.154596 5.140755 1.627838 0.992487 0.027298 0.154198 109.481252
0.324042 7.087748 12.266585 0.840811 1.048712 0.028758 0.065665 136.150128
0.534155 10.481114 8.501151 1.707663 0.813114 0.031685 0.144682 89.210148
0.254866 4.754627 11.829948 0.749280 1.108579 0.024419 0.144185 133.996334
0.561571 7.373538 8.214625 1.067207 0.812950 0.023196 0.095810 81.137290
0.479804 4.263295 14.414570 0.878078 0.676181 0.027968 0.069625 63.404181
0.414726 4.757336 13.769031 1.354293 0.815990 0.022419 0.149595 96.170989
0.550203 8.725534 8.375452 1.476140 1.006495 0.028744 0.123008 116.177784
0.485950 10.042132 6.125651 0.827320 0.654343 0.012391 0.160645 138.927450
0.489761 9.063576 14.593062 1.343246 0.716413 0.020373 0.159958 103.911694
0.225582 4.531732 12.398591 0.975431 0.699015 0.026329 0.101445 119.403823
0.324680 8.986311 10.448576 0.595073 0.691980 0.016299 0.146716 93.316593
0.631734 6.657038 11.428048 1.111872 0.802949 0.017031 0.138578 139.029734
0.383862 6.448555 6.129490 0.979340 0.758431 0.026749 0.146922 105.989927
0.499303 10.235502 14.662314 1.708588 0.733213 0.020136 0.097116 103.819461
0.473487 11.113275 5.755375 1.185740 0.616892 0.015083 0.148674 84.593685
0.464173 5.619760 8.096139 0.659081 1.027939 0.018846 0.132815 114.635893
0.512139 11.514715 6.179843 0.891049 0.679757 0.026615 0.100596 79.085383
0.323227 8.238395 12.831663 1.569398 0.614679 0.019744 0.117466 72.628204
0.273030 10.339040 8.945043 1.296339 0.708488 0.020570 0.118218 132.264327
0.539148 10.891912 7.328737 1.385891 0.715445 0.014796 0.119097 115.852091
0.267889 10.591375 14.727580 1.396863 0.951148 0.017000 0.099038 138.734228
0.476356 8.431797 11.300886 1.025666 0.635404 0.014266 0.107575 129.179107
0.631318 5.245633 11.216937 1.436024 0.840657 0.028649 0.119241 89.575630
0.469151 12.163628 10.637170 1.689020 0.631408 0.028638 0.078918 130.609301
0.349333 4.147066 14.542794 1.030283 0.991414 0.024040 0.084175 110.781743
0.307775 9.351717 13.597656 1.730472 0.882354 0.024765 0.162195 126.013427
0.535938 5.311199 13.532659 0.827196 0.841330 0.021758 0.134126 133.617369
0.247999 7.102688 11.416757 1.690616 0.611137 0.016666 0.137424 134.054017
0.366310 4.860585 8.216353 0.741778 0.767345 0.024644 0.159732 90.125396
0.522679 11.187819 5.813503 1.605430 0.998749 0.029405 0.061471 126.574312
0.363006 5.459510 7.272147 0.649101 0.703460 0.029085 0.092971 78.169750
0.548960 7.663607 11.558921 1.328738 0.670757 0.024393 0.107310 134.436438
0.335269 8.022441 13.729113 0.741283 0.661028 0.022712 0.160782 135.956809
0.397791 9.845397 5.376506 1.105468 0.722060 0.024404 0.089740 74.897526
0.462676 9.469887 6.352744 1.701413 0.614005 0.029009 0.128050 137.888617
0.397935 7.905299 12.895877 1.333807 0.773493 0.017319 0.139008 108.893012
0.340872 6.073057 5.871073 1.399041 1.125346 0.022764 0.084980 127.383762
0.510940 5.023048 6.158726 1.302915 0.745598 0.021202 0.059463 138.197947
0.486369 5.831455 7.793831 1.488093 0.675167 0.030378 0.157296 57.047541
0.389756 5.909864 10.846568 0.953052 0.709105 0.014538 0.135577 109.718210
0.487230 5.701692 9.570212 1.377455 0.628239 0.013914 0.102871 139.442024
0.466936 8.674726 8.794771 0.644050 0.866360 0.015304 0.078479 125.200317
0.401249 6.449085 8.032608 0.880731 0.652319 0.024964 0.122211 127.169357
0.398854 6.089487 8.160098 1.078293 1.144507 0.020687 0.152157 141.257635
0.499678 11.229153 8.973527 1.372025 0.698270 0.012158 0.079464 117.070528
0.218458 11.298082 14.387915 1.503203 0.611818 0.016014 0.119137 136.978572
0.573169 9.246756 7.457110 0.985644 0.743186 0.022531 0.142585 86.987818
0.230304 6.000535 5.903766 0.942965 1.099283 0.020108 0.108592 127.388370
0.494850 7.649504 5.385501 1.495833 1.008303 0.022464 0.117055 127.685459
0.259228 10.113930 6.278910 0.653536 0.663662 0.031671 0.134934 134.253693
0.497964 5.037817 14.067245 1.454945 0.634269 0.026316 0.088011 129.940270
0.255016 12.281272 10.068341 0.689423 0.603931 0.017039 0.134713 82.027436
0.368721 6.728811 5.480634 1.639463 0.656589 0.027530 0.149880 79.524810
0.462272 4.542123 7.265680 1.595024 0.685119 0.028497 0.147981 61.715496
0.633915 12.037034 7.041543 0.941818 0.718260 0.014541 0.113430 96.283755
0.306423 4.493275 5.626627 1.500907 0.647811 0.030959 0.106157 63.906850
0.289345 12.042683 8.247374 1.185969 0.729874 0.028369 0.151197 110.369035
0.354164 5.095018 12.942683 0.895949 0.692121 0.014060 0.135899 77.484068
0.601260 5.300391 5.090530 1.480838 0.954451 0.029154 0.107878 106.117093
0.544557 6.540681 13.070263 1.354881 0.756692 0.013072 0.060433 123.514294
0.376906 6.002495 5.238159 1.544472 0.638717 0.012982 0.093305 73.975313
0.415364 5.398870 6.551205 1.247922 0.672741 0.012948 0.127110 86.372953
0.215732 6.406136 6.360845 1.711372 0.662231 0.012774 0.111985 141.760190
0.488002 12.325870 9.142306 1.492941 0.627693 0.017722 0.067006 122.361872
0.494702 4.915641 13.942391 1.481541 0.920537 0.015753 0.089828 125.229049
0.326817 7.058019 9.705103 1.390146 0.905309 0.028829 0.060499 114.314134
0.516639 4.945893 6.686061 1.502089 1.001188 0.016950 0.128991 101.885486
0.265521 9.373194 10.466298 0.917184 0.623845 0.017432 0.161393 103.641131
0.477389 7.652193 7.940919 1.129426 0.773018 0.024594 0.143639 84.560235
0.429400 10.309385 14.677129 0.757820 0.696820 0.020238 0.139966 128.367830
0.603811 9.295186 9.238025 1.705648 0.818970 0.021344 0.151181 117.966850
0.568109 7.035581 11.211834 0.628911 0.948966 0.025373 0.103699 135.567942
0.236684 9.446703 11.176258 1.376295 0.659209 0.013736 0.157066 142.782248
0.614842 8.338634 12.437117 1.022318 0.950212 0.019784 0.063239 128.981499
0.339039 5.612687 13.181820 1.060515 0.753435 0.021736 0.134475 88.628348
0.529060 4.852267 12.767147 1.416780 0.604839 0.022524 0.138413 87.911685
0.295542 7.372500 6.970435 1.313594 0.754285 0.015925 0.130002 98.924164
0.440907 5.672189 7.572094 0.759073 0.974769 0.025469 0.149825 120.209677
0.413995 8.281268 10.212805 0.916092 0.956147 0.011972 0.106496 131.569807
0.381238 9.152178 9.038837 1.335778 0.923428 0.019195 0.146646 138.713966
0.218692 6.977642 7.722407 1.633529 0.657971 0.011459 0.141036 102.189566
0.445868 7.733622 7.297511 1.632729 0.610141 0.012579 0.088569 135.719899
0.506195 6.505758 6.456036 1.108223 0.961518 0.031122 0.124726 114.568492
0.541415 10.889835 5.730654 0.838485 0.684339 0.016538 0.077529 138.556056
0.611280 11.252500 6.946395 1.528702 0.896509 0.015259 0.124039 131.966376
0.331715 4.233259 7.813526 0.757825 0.619205 0.026855 0.081927 126.360865
0.413680 9.018843 10.399486 1.447587 0.852594 0.025610 0.118765 115.393896
0.305839 5.821498 7.822129 1.225823 0.749483 0.030354 0.131683 120.810708
0.244358 5.998490 13.671127 0.989595 0.912464 0.017307 0.158286 121.500144
0.239672 5.282854 5.557094 1.042291 0.818242 0.030161 0.081523 114.298834
0.595968 11.642288 9.246900 0.846833 0.632842 0.010794 0.150576 137.701759
0.485089 8.973466 6.524890 1.689151 0.847849 0.030067 0.099698 94.521103
0.324245 6.614406 10.123551 0.620660 0.615306 0.015083 0.147366 138.192431
0.549293 7.099244 12.690698 1.285612 1.028759 0.011487 0.074081 138.950536
0.487812 9.420555 14.701130 1.117588 0.660382 0.031286 0.091839 138.730718
0.339279 6.121075 10.974520 1.429852 0.752021 0.026326 0.158759 135.263240
0.268549 6.190433 7.342816 0.725128 1.224986 0.030142 0.111483 141.021011
0.416514 7.555736 14.551567 0.763620 0.851173 0.019381 0.118806 112.475370
0.316797 5.759119 7.236888 1.577655 0.728647 0.021695 0.136830 101.826210
0.527324 9.088429 12.269258 1.280929 0.817288 0.013495 0.119385 101.758994
0.223478 10.486329 10.002241 0.748622 0.689461 0.029129 0.089193 126.460048
0.304426 5.559613 13.762402 0.943685 0.616282 0.011010 0.083515 94.287999
0.453764 4.271159 14.652751 1.104639 0.675461 0.027598 0.090729 96.266961
0.303727 4.767793 5.596307 1.564230 0.845856 0.012075 0.099302 95.457232
0.453224 6.077138 9.129988 0.939596 0.644567 0.021891 0.104435 72.560812
0.417197 11.311696 12.058436 1.383396 0.957606 0.018804 0.114011 142.380263
0.239876 11.530922 11.246445 0.610079 0.687703 0.013302 0.072879 94.636903
0.260873 6.687164 6.328889 0.824598 1.166529 0.024701 0.076352 129.153388
0.503027 8.679328 8.014158 0.713142 0.695040 0.015120 0.099142 80.530303
0.450723 4.638111 9.245969 1.399699 1.094613 0.017220 0.137943 134.653330
0.434873 8.183672 13.613681 1.403748 0.679270 0.031266 0.152222 97.740072
0.393715 6.571126 14.128451 1.748449 0.776474 0.025834 0.068123 79.192692
0.453132 6.880790 6.583726 1.163773 0.936024 0.031149 0.104116 115.012031
0.293944 11.110860 14.049618 1.245243 0.612247 0.024649 0.157562 110.045843
0.490820 8.963761 12.722816 0.821028 0.913542 0.015043 0.147980 126.800336
0.253628 7.738106 7.475184 1.232892 0.675466 0.014156 0.079461 68.892714
0.394822 6.577823 9.590906 1.041100 1.013829 0.030169 0.106472 116.578253
0.283666 10.232157 14.472380 1.548388 0.606474 0.018050 0.102015 83.275120
0.487606 7.746444 8.499510 1.109869 0.867791 0.026318 0.080357 120.297812
0.595919 4.827262 8.593429 1.656597 0.606296 0.028344 0.147811 96.497149
0.308339 12.174601 6.128156 1.170911 0.765879 0.020960 0.055924 97.713183
0.512463 4.295929 6.590757 1.251307 1.030710 0.027978 0.157198 111.751146
0.575778 7.530460 14.738053 1.728790 0.887946 0.015842 0.055197 113.940103
0.220792 6.752520 13.787541 1.254052 0.623352 0.028937 0.083613 73.019408
0.270838 9.776835 14.581298 1.466506 0.900476 0.021517 0.062706 138.144770
0.485036 6.365911 13.187839 1.444440 0.837126 0.019782 0.098598 89.679132
0.393406 5.944108 8.111492 1.646834 0.989789 0.029305 0.117152 121.415899
0.423690 5.395694 12.270209 1.735992 0.648705 0.026720 0.134899 91.535848
0.384387 6.517780 10.575565 0.715800 0.715992 0.022674 0.059948 122.982836
0.454686 9.916323 10.215561 1.349847 0.772567 0.021174 0.084274 101.214313
0.578693 4.258589 8.488942 0.756267 0.974522 0.028987 0.128966 137.989381
0.227754 7.500610 11.803184 0.962231 0.679409 0.022378 0.107310 112.588905
0.452814 6.367906 8.544944 1.624087 0.641040 0.021468 0.137819 88.257053
0.282575 7.501111 8.194842 0.816367 0.649121 0.023313 0.132563 123.304349
0.350856 8.294664 11.183848 1.716459 0.792503 0.027975 0.064557 104.964117
0.332813 7.051592 10.936543 1.521026 0.686656 0.017740 0.109318 89.105778
0.503989 5.641486 7.705063 1.703605 0.981262 0.018000 0.145004 120.479820
0.563299 7.356836 6.665261 1.595528 1.084219 0.027335 0.106981 120.607606
0.364938 4.495263 7.482755 1.592356 0.839360 0.023566 0.101178 141.591354
0.229593 12.283147 12.840062 1.106496 0.757156 0.032005 0.144097 122.020792
0.619332 9.376706 6.608078 1.174485 0.678575 0.015611 0.140273 117.524019
0.261751 4.546365 5.060212 1.184505 0.665292 0.015438 0.086375 109.103735
0.334120 12.287124 6.854887 0.736095 0.751034 0.020245 0.161674 128.054129
0.226132 10.517183 13.556253 1.199643 0.742588 0.021626 0.102466 117.263574
0.432204 4.875430 10.001668 0.704000 0.870459 0.019172 0.161368 121.224615
0.434502 8.322795 9.408594 1.364085 0.709336 0.012034 0.093924 82.881840
0.291275 4.471436 12.093039 1.140016 0.908143 0.023674 0.103253 115.305930
0.557111 8.800221 12.621558 1.733459 0.788028 0.010870 0.109375 111.977769
0.337259 4.326989 10.425392 1.489949 0.737877 0.029974 0.091483 109.006891
0.404589 9.109187 8.327268 0.698084 0.620973 0.015123 0.089588 80.438647
0.600397 5.121466 14.122435 0.662597 0.825126 0.018871 0.098385 125.340527
0.594447 4.218119 9.640755 1.652711 0.760009 0.015747 0.089689 57.693268
0.324743 5.040029 12.645810 1.358128 0.796771 0.019087 0.136063 103.004528
0.384521 6.701447 12.988865 1.048517 1.052615 0.019125 0.097282 128.982563
0.356057 8.509991 6.294870 1.302320 0.728773 0.022337 0.102852 109.899831
0.493508 5.991826 13.243430 1.384901 0.759581 0.028222 0.125399 122.365681
0.420693 10.227265 7.564719 1.017964 0.882459 0.015931 0.103410 109.983140
0.584754 8.550043 11.958598 1.100948 0.864836 0.022447 0.119596 140.020710
0.621754 12.123968 7.623029 1.238826 0.851635 0.020882 0.080871 139.571941
0.635291 4.331314 13.487493 1.582390 0.712736 0.031657 0.097519 103.638567
0.267060 5.840826 10.620311 0.669235 0.687122 0.015564 0.058973 89.074966
0.250009 4.705408 10.768478 1.578046 0.654798 0.011261 0.092456 77.557874
0.528818 4.437500 11.101759 0.643653 0.631986 0.014401 0.115960 121.958617
0.234859 5.605958 7.873738 0.606324 0.958362 0.026886 0.131963 131.068458
0.330646 10.012033 6.670708 0.861840 1.006688 0.029114 0.086312 132.624261
0.500141 9.474819 10.521208 1.531797 0.924179 0.011687 0.105663 127.478116
0.534607 11.749690 11.261832 1.479440 0.682135 0.017768 0.081287 104.923989
0.335443 5.628917 7.430637 1.628370 0.971368 0.010765 0.127744 123.878103
0.401740 6.016796 13.332517 0.969806 0.648154 0.014799 0.127208 103.778527
0.634526 7.158055 13.746088 1.724321 0.901155 0.028255 0.159733 101.399696
0.234081 4.480982 14.333320 0.888149 0.705210 0.024303 0.070572 81.486947
0.637221 7.449732 10.384363 0.746084 0.682990 0.013973 0.108506 91.036986
0.421789 7.051816 6.055556 1.319049 0.677018 0.025196 0.104607 112.570859
0.246172 6.757094 6.686697 0.969658 0.986605 0.013627 0.153055 126.297046
0.392776 4.142021 7.443417 1.253265 1.029406 0.016702 0.071455 134.552759
0.395976 4.914516 7.425291 0.692097 1.060379 0.018196 0.122590 130.357544
0.279997 8.554569 8.282531 0.985478 0.993852 0.026333 0.107178 113.423824
0.409993 7.416626 8.268012 1.361148 0.919287 0.027353 0.143935 105.201444
0.253857 6.237415 11.865381 1.733122 0.805617 0.025320 0.069666 86.884930
0.396159 6.288488 10.723486 0.961799 1.013970 0.021628 0.111688 141.501201
0.250937 8.570594 7.232033 0.794389 0.953443 0.024816 0.081121 127.769547
0.454553 8.039035 12.255506 1.740420 0.643674 0.011642 0.095746 93.110675
0.632669 8.273234 5.204229 0.825899 0.708622 0.027001 0.106747 81.003954
0.451814 7.555673 10.270822 1.415252 1.032775 0.017028 0.113875 136.001881
0.465425 11.002032 11.954740 1.742735 0.619398 0.018692 0.102176 135.880293
0.556161 4.990317 11.038150 1.575763 1.193818 0.024848 0.122268 142.084553
0.314523 11.549912 5.592523 1.026001 0.605697 0.016076 0.155480 142.241258
0.471931 4.703855 12.447760 1.342520 1.031032 0.031144 0.160550 129.966838
0.232256 5.355622 5.000234 0.584031 0.940079 0.020819 0.115196 93.978180
0.504104 5.929351 10.904537 0.909088 0.660024 0.025273 0.143908 96.004968
0.335601 6.701777 14.096225 0.722014 0.768525 0.015484 0.100546 86.887724
0.342946 5.874824 6.080292 0.611184 0.978908 0.013902 0.098594 108.826861
0.503172 10.425809 12.307565 1.632330 0.837711 0.018163 0.102643 107.909815
0.547090 5.684484 9.499134 1.041118 0.742153 0.028324 0.074301 76.070113
0.261851 4.605999 10.093700 1.650714 0.753129 0.027588 0.154644 94.397711
0.298984 5.021717 7.272948 1.682051 0.803004 0.030188 0.132541 70.705894
0.221347 4.282211 7.683011 1.510598 0.814056 0.030671 0.127535 80.922813
0.522656 10.197539 5.171829 1.098227 0.831666 0.017948 0.125644 109.106131
0.252554 4.971496 4.999744 1.478320 0.704028 0.015615 0.139954 74.787048
0.577990 8.993249 12.969091 0.901168 0.662182 0.016595 0.098045 129.345918
0.418787 6.429414 8.011982 1.695788 1.026393 0.016725 0.059819 123.810898
0.494901 6.714039 10.573780 1.724479 0.672866 0.024110 0.132032 137.922766
0.394986 5.988539 12.081757 1.602874 0.924991 0.022738 0.120014 96.027592
0.488009 6.732032 6.591169 0.788951 0.627933 0.014346 0.141879 100.767064
0.425533 4.872785 6.922696 1.404731 1.048630 0.015702 0.118930 137.682245
0.553973 9.236046 10.214537 1.323852 0.857686 0.025007 0.102096 121.797985
0.454458 8.066205 14.160180 0.796626 0.614048 0.028571 0.117881 141.102266
0.578943 5.080423 14.326480 1.464196 0.989202 0.022216 0.120678 139.649895
0.619085 8.733420 8.771348 1.115478 0.819682 0.017039 0.158719 120.021709
0.570724 11.478270 13.430797 0.916110 0.634287 0.017364 0.111091 111.520236
0.331022 7.896731 11.034832 1.438564 0.661351 0.026687 0.102678 72.542700
0.230350 8.863189 12.491877 0.918587 0.644528 0.016787 0.056009 86.115762
0.577917 4.264763 5.040732 1.692130 0.967850 0.031688 0.070979 73.668542
0.265220 6.059833 10.178531 0.927182 0.870970 0.028543 0.071474 80.710052
0.215089 4.633770 7.790536 1.690642 1.104118 0.030839 0.095719 115.475522
0.225742 6.518554 7.385497 1.403863 0.827849 0.027236 0.078696 89.589623
0.314401 11.690994 12.405369 1.664301 0.813973 0.018930 0.117073 138.649865
0.605652 10.975382 10.088885 1.119712 0.886132 0.021730 0.094393 140.912558
0.559708 6.892468 5.015427 0.875197 0.987047 0.020957 0.071629 105.636624
0.572822 8.778428 6.084722 0.892296 0.661494 0.030620 0.072515 94.298445
0.440284 6.779682 7.115966 0.795943 0.695055 0.017821 0.092774 123.326812
0.238267 8.827380 13.220906 0.845165 0.827423 0.031961 0.080228 96.883150
0.427989 11.704601 11.397387 1.627156 0.823443 0.020544 0.095076 106.059228
0.243834 7.544197 10.615723 0.739962 0.851376 0.029756 0.137867 113.400321
0.419030 4.924310 10.987562 1.676671 0.994927 0.027685 0.102077 127.102945
0.490437 4.454966 7.159277 1.071461 1.144248 0.014813 0.095556 134.270237
0.229977 5.646984 14.651785 0.818890 0.812694 0.029999 0.135255 133.520839
0.439140 4.461516 14.862327 1.135272 0.743969 0.029863 0.062608 122.807286
0.609490 7.186512 9.701536 1.292568 0.817548 0.013511 0.127325 124.522757
0.591442 7.637577 13.010056 1.187259 0.908411 0.016592 0.076530 119.108530
0.504924 6.860669 6.974993 0.619456 0.669108 0.013905 0.094207 95.795222
0.239331 11.744392 14.718525 0.879104 0.668364 0.015431 0.124327 125.482231
0.558320 8.563385 7.020549 1.118795 0.658374 0.016670 0.117757 85.596213
0.425484 11.690428 9.959167 0.799797 0.622985 0.019631 0.060769 91.475573
0.292034 8.220953 13.471339 1.611163 0.690939 0.014110 0.109264 99.571080
0.253877 7.817091 8.396871 1.492484 1.041949 0.031020 0.138994 113.859299
0.546499 9.254784 14.526333 1.184578 0.847349 0.031998 0.140108 135.496527
0.414550 5.159142 9.798692 1.243820 0.630348 0.013794 0.093007 93.768527
0.285347 5.440720 8.698335 0.788719 0.616976 0.022749 0.123058 95.289849
0.252521 6.764716 5.993392 0.908274 0.605533 0.028768 0.060867 80.665917
0.414590 6.603600 5.960067 1.603562 0.725807 0.026598 0.150627 82.245116
0.390780 4.281769 12.887337 1.139285 0.808314 0.011767 0.082690 132.361590
0.607423 10.975809 8.673575 1.064122 0.797342 0.012288 0.126411 118.957484
0.376806 8.264343 11.508341 0.965576 0.788509 0.021451 0.129020 94.194276
0.566802 9.244920 9.691457 0.617464 0.912866 0.024560 0.129582 125.719738
0.432075 10.967746 8.347429 0.971545 0.833459 0.010764 0.161752 115.532438
0.393052 9.620575 12.950787 0.923138 0.645150 0.022854 0.064750 127.367473
0.480236 6.504108 14.089759 1.304498 0.941147 0.028074 0.127199 140.246590
0.330436 6.347569 8.884856 1.312216 0.822520 0.027128 0.142241 83.413203
0.462486 11.262207 12.412537 0.841549 0.746473 0.031263 0.084532 110.896106
0.343712 8.888581 11.299660 0.591567 0.697608 0.029535 0.114011 81.703248
0.320129 6.141038 14.742439 1.152366 0.833001 0.025428 0.054401 135.106179
0.268118 8.457538 13.276024 0.605150 0.736315 0.026822 0.122053 106.836015
0.640199 8.235643 10.858317 0.934246 0.674711 0.023617 0.067252 86.230936
0.405831 8.908898 11.351227 1.540647 1.003284 0.018401 0.159788 132.595622
0.467785 9.659752 6.376427 0.964871 1.096762 0.021606 0.158426 138.749513
0.505391 7.626151 13.934474 1.744221 0.758495 0.023853 0.120816 110.979252
0.556212 5.212206 6.149833 1.640287 0.766475 0.020726 0.126097 99.745570
0.231145 4.564927 13.824273 0.706580 0.816044 0.023060 0.076696 103.623462
0.410405 9.374054 10.848046 0.863348 0.754005 0.024024 0.099357 116.829995
0.244344 12.273703 14.032114 0.608252 0.943461 0.017269 0.130136 142.654839
0.633663 7.592320 10.522639 1.098555 0.675592 0.022211 0.058150 92.716743
0.588396 11.180632 7.960578 1.582825 0.685322 0.028566 0.130716 89.593675
0.311951 5.050407 12.407285 0.929132 0.854305 0.013084 0.125951 109.898040
0.587551 10.689528 13.125009 0.657501 0.719206 0.018108 0.150795 133.997084
0.290582 7.285441 12.511299 1.032327 0.606756 0.014184 0.092017 67.556161
0.543131 10.618450 5.547020 0.911528 0.745986 0.024049 0.066877 141.686482
0.295458 9.249412 5.411904 1.629005 0.607746 0.021191 0.093832 64.946059
0.624865 4.322302 7.065721 1.491814 0.855882 0.015276 0.128576 70.652338
0.611373 8.715189 6.094478 1.185266 0.852123 0.019490 0.149830 119.901616
0.445498 11.185641 10.692241 0.706172 0.631638 0.027133 0.102332 101.819656
0.383930 4.751057 6.603333 0.736091 0.916792 0.020668 0.109815 86.579569
0.365036 7.960316 7.040461 1.363749 0.623962 0.014087 0.153324 109.258577
0.386281 11.601254 9.742190 0.872577 0.977522 0.026845 0.088968 121.923432
0.299870 4.142275 13.319134 1.225774 0.856299 0.022599 0.070078 96.100212
0.634611 4.830552 5.238022 1.668935 1.161952 0.030363 0.100195 100.333821
0.258186 9.491830 9.879529 1.746737 0.623640 0.011498 0.129545 142.319335
0.287806 6.826422 6.657861 1.614742 0.638129 0.030901 0.143535 93.132209
0.643317 11.075910 12.562424 0.697222 0.691597 0.016852 0.089530 123.289008
0.519358 4.722521 14.614453 1.321696 0.778597 0.016687 0.093170 113.799918
0.517513 5.303429 14.639434 1.438962 0.707486 0.010859 0.123766 137.740895
0.390335 9.504789 6.340968 1.417307 0.752290 0.012476 0.122853 120.374781
0.243506 9.574577 11.038677 1.371505 0.859583 0.019610 0.086055 126.723268
0.263633 5.806075 5.686496 1.421234 0.695668 0.017957 0.122251 65.610599
0.373631 7.534380 12.529415 1.213111 0.699779 0.030205 0.062685 109.585849
0.573463 6.193882 5.708326 0.921281 0.947971 0.016149 0.077031 104.827221
0.268155 10.183821 8.925311 1.701465 0.750854 0.027366 0.087130 107.523896
0.444016 5.144085 12.282705 0.946815 0.671111 0.020327 0.078576 122.123661
0.543667 6.042662 9.287226 1.142801 0.673160 0.012936 0.118034 105.000810
0.427508 8.822179 6.585155 1.589689 0.602584 0.025450 0.129336 122.085324
0.453631 7.074223 13.204607 1.120406 0.977698 0.023137 0.115594 127.046923
0.391100 5.959786 12.199788 1.276049 0.696007 0.024387 0.059394 126.299330
0.471731 12.249090 11.326135 1.147761 0.874673 0.028454 0.096229 127.261299
0.309391 4.913592 6.383919 1.569402 0.718169 0.011872 0.124319 84.477952
0.622127 5.705412 14.789181 1.455118 0.687584 0.014348 0.130861 88.813288
0.492577 4.394526 7.543050 1.194179 1.168079 0.026733 0.071017 122.537958
0.518876 4.590693 8.013023 1.716617 0.851429 0.013983 0.086590 111.168837
0.567656 10.113890 11.104221 1.666536 0.697423 0.022503 0.146502 98.981997
0.474750 11.368787 12.557410 1.313158 0.819957 0.012702 0.108884 123.755781
0.392441 9.504887 9.800872 1.472244 0.905099 0.015917 0.115936 134.287667
0.545758 11.679401 8.301278 1.615242 0.911838 0.029110 0.054608 125.621881
0.492369 7.836654 5.756487 1.545903 0.749312 0.031998 0.161938 123.679406
0.285281 7.306674 8.816977 0.641505 1.005044 0.029098 0.149620 103.549997
0.468452 5.332271 9.856151 0.771992 0.803764 0.018966 0.141147 142.930761
0.397311 5.231697 5.905605 0.950166 0.609471 0.030162 0.124090 108.024595
0.341180 6.495850 12.404007 1.148708 0.602505 0.016707 0.093740 66.115059
0.312867 7.772370 11.278083 1.164446 0.618712 0.019242 0.078428 67.040195
0.279626 7.654291 5.649370 1.604690 0.665899 0.017285 0.110070 138.839685
0.229137 5.209728 10.101413 1.679524 0.748530 0.024462 0.156141 103.626227
0.298572 8.290471 10.539139 0.851015 0.647766 0.019648 0.099215 108.626151
0.631424 11.549455 12.129633 1.695992 0.749511 0.027222 0.153325 135.455869
0.619446 8.392256 6.290229 1.315127 1.130556 0.027050 0.073496 129.981580
0.588364 4.390358 8.086722 0.618162 0.689459 0.013219 0.097547 93.537193
0.574380 8.933214 5.687152 0.920656 0.842797 0.018804 0.155082 139.300506
0.494099 10.472305 10.826404 0.612962 0.617055 0.018971 0.148613 87.651924
0.364139 12.301128 11.045602 0.841463 0.713418 0.020762 0.151422 131.997767
0.271024 12.131305 10.111540 1.114159 0.909555 0.015057 0.158177 142.196019
0.271199 4.371787 5.974510 1.307568 0.867092 0.029832 0.142466 65.080725
0.484218 5.911709 5.588332 1.720003 0.725428 0.012735 0.161192 115.386214
0.574847 5.710654 9.666332 0.975610 0.824446 0.018398 0.077013 98.527635
0.571183 5.400445 14.518131 1.051781 0.921696 0.016561 0.108056 112.661532
0.433992 8.631759 10.449948 1.379998 0.656063 0.031902 0.158026 110.213723
0.522428 6.734081 10.155683 1.058092 0.742848 0.015504 0.101012 133.831624
0.411588 8.147431 10.872708 1.705784 0.850526 0.021724 0.055109 120.930937
0.341740 7.621870 14.761858 0.625018 0.644455 0.024985 0.071462 75.152829
0.403436 5.905504 11.255811 0.955793 0.733313 0.023006 0.123998 116.442550
0.277537 5.118056 9.999609 1.414709 0.706164 0.023877 0.139140 126.341470
0.470107 12.110187 7.559994 1.671306 0.804776 0.020164 0.073705 133.267702
0.537085 6.632571 5.534626 1.074380 0.971375 0.028419 0.110099 137.593622
0.326408 9.314560 10.630425 1.038288 0.875741 0.014806 0.155628 140.393366
0.383190 5.036753 14.729504 0.740158 0.882905 0.026289 0.077955 133.226860
0.256256 11.277604 11.513100 1.296367 0.721993 0.030942 0.130302 110.580038
0.413494 8.345289 7.762873 0.763957 0.631878 0.016924 0.120823 139.576018
0.629674 6.757153 11.893059 1.663774 0.917613 0.017824 0.129160 110.543639
0.396897 7.686849 10.170930 1.610103 0.961898 0.031501 0.117557 109.048602
0.419143 4.534342 8.546619 1.323478 1.074340 0.017494 0.126993 112.649164
0.222382 5.686007 10.466598 1.214900 0.655198 0.017289 0.101608 58.556347
0.233504 5.729182 9.356916 1.590792 0.999557 0.025120 0.074969 100.532200
0.377868 4.344197 10.705284 1.257792 0.689852 0.030609 0.114815 134.234794
0.410398 4.291303 10.355380 1.278509 0.803227 0.023697 0.123440 64.682800
0.227122 11.579532 7.428906 0.974568 0.879779 0.031576 0.138911 127.632024
0.597784 7.301878 13.061879 1.026718 0.838125 0.018619 0.113650 130.584747
0.614230 11.930636 12.669865 1.624006 0.840496 0.024660 0.101185 129.073492
0.256906 12.259735 9.810900 0.914701 0.867435 0.019527 0.110550 140.092051
0.504501 12.399346 8.748312 1.320855 0.782219 0.021440 0.077021 105.606960
0.263874 5.432322 11.021207 1.036745 0.951433 0.023989 0.151186 116.486612
0.409724 4.592380 5.515005 0.863859 0.816064 0.031890 0.127850 68.703414
0.397977 11.206423 7.495713 0.799840 0.612611 0.030976 0.091857 79.285838
0.365962 6.928573 8.671061 1.479529 0.866636 0.020866 0.086202 131.465191
0.493591 9.566846 11.803407 1.458554 0.917447 0.015170 0.055204 141.489426
0.594107 5.484110 8.104726 0.881684 0.749708 0.010704 0.131331 81.605721
0.331607 11.436826 9.174369 0.741473 1.049390 0.031037 0.099522 132.087964
0.372550 10.573013 14.761556 0.597368 0.731450 0.025943 0.137719 106.936933
0.594596 6.686983 13.063538 1.575589 0.672991 0.013927 0.054169 125.270183
0.619248 6.924327 8.136641 1.150700 0.825604 0.017523 0.134778 116.451286
0.540317 10.597126 5.558512 0.948710 0.945892 0.019328 0.059771 112.904387
0.625182 4.500826 9.758333 1.270199 0.667912 0.027795 0.128056 97.611509
0.368579 10.617561 14.597564 0.607637 0.822813 0.024874 0.123166 112.948534
0.364265 7.218966 6.416689 1.676886 0.800724 0.019555 0.092927 108.993042
0.216337 10.434471 13.766323 1.743899 0.874326 0.025697 0.092661 139.643788
0.417776 6.032499 11.710743 1.125354 0.625918 0.030045 0.134887 77.623450
0.274747 5.683577 7.608888 0.631387 1.107839 0.023720 0.096711 114.418338
0.367501 5.383525 10.824026 1.658969 0.638744 0.012668 0.072625 102.635782
0.415198 4.548329 10.981481 1.661090 0.673868 0.024909 0.094752 119.150901
0.520666 10.710661 14.041385 0.845002 0.673599 0.018320 0.071700 131.588100
0.408688 10.799821 8.719015 1.079807 0.655711 0.026686 0.058270 98.663033
0.575626 9.727866 7.226470 0.823535 0.733408 0.023726 0.116820 105.929540
0.581937 10.497639 14.025808 0.984129 0.807913 0.018294 0.055168 122.741692
0.442879 5.886154 8.199553 0.819535 0.939631 0.022999 0.072004 110.327009
0.271464 9.262837 5.884045 1.342931 0.848890 0.015083 0.153589 110.149080
0.300551 7.050380 9.933555 1.294536 0.698244 0.030364 0.084403 129.930084
0.615388 7.182298 12.447166 1.155362 0.656271 0.014751 0.097390 126.728579
0.502381 11.885296 9.223292 0.970100 0.911399 0.026854 0.119329 111.350757
0.531382 10.740951 6.538306 1.650230 0.720698 0.031874 0.136006 97.093924
0.517524 9.692632 14.072410 1.372489 0.691154 0.018087 0.059112 89.749089
0.341972 7.093837 14.291043 1.235030 0.735844 0.016488 0.111031 128.268734
0.261450 4.377845 12.051100 1.079928 1.051024 0.017567 0.123510 136.275360
