0.595420 10.818615 11.602122 1.652333 1.138563 0.021328 0.150790 118.216228
0.263883 11.475087 5.936500 0.685547 0.734793 0.018810 0.134598 58.301153
0.383500 10.249585 8.904495 1.624967 1.010440 0.028808 0.125137 139.312441
0.282898 7.025320 14.317403 0.808422 1.472392 0.014868 0.128890 102.830559
0.250363 5.597829 13.941034 1.693659 0.846122 0.029496 0.145361 120.484381
0.248615 5.494416 14.267422 0.918453 1.174434 0.022375 0.139287 125.692295
0.594523 4.284077 10.051314 1.727811 0.691062 0.031300 0.109747 50.719383
0.535963 9.636252 11.957590 1.314606 0.785471 0.027274 0.077933 51.916565
0.454161 9.581583 7.044006 1.107308 1.370738 0.014620 0.054505 131.069047
0.518889 9.869197 13.318570 1.258826 1.478518 0.030734 0.078493 105.071873
0.348384 6.009828 14.001067 0.669844 1.472199 0.024817 0.133232 100.736078
0.563714 11.954722 12.589610 1.579285 0.832273 0.011247 0.098806 95.039704
0.539129 4.884626 10.635356 1.207681 1.096045 0.025369 0.058630 142.077442
0.389179 7.532356 11.166100 1.244720 0.749097 0.024171 0.157865 75.602000
0.400516 7.273215 6.993499 0.750874 0.651599 0.028139 0.089277 133.982077
0.581709 6.190732 14.096619 1.387683 1.360204 0.030921 0.072594 62.671114
0.350377 8.178491 8.667957 0.824094 1.302809 0.013324 0.074719 131.560557
0.610775 11.281970 10.911024 1.365601 1.143931 0.010724 0.089734 126.814228
0.473121 6.229067 12.577467 1.618776 1.274520 0.013995 0.067676 49.055391
0.318145 4.460890 11.365420 1.676221 0.939245 0.016649 0.103745 91.994501
0.251729 4.807370 5.105350 1.216403 0.610048 0.016136 0.137481 134.792049
0.219829 9.611676 11.377535 0.858153 0.779260 0.018918 0.095050 112.680329
0.280065 11.489333 14.156372 0.697239 1.371108 0.023998 0.106742 84.434362
0.416642 6.904157 13.921427 0.676913 0.856087 0.015629 0.090443 108.286969
0.437520 5.734926 14.702007 1.443931 0.930711 0.014118 0.077172 66.193680
0.535817 6.902496 6.411332 0.990595 1.494049 0.026608 0.102914 89.797388
0.317885 4.376897 11.258544 1.102532 0.736742 0.017660 0.080925 79.112852
0.328151 8.017922 10.433485 1.698027 1.098010 0.018891 0.116148 114.197606
0.293152 11.261648 14.402620 1.624174 1.370739 0.025168 0.111795 86.464819
0.214021 10.956347 12.505835 0.822208 0.833346 0.011401 0.077525 138.185399
0.544210 6.141037 13.523020 0.748321 0.681628 0.026359 0.082286 95.287944
0.574634 11.597461 10.319837 1.130461 1.270495 0.018347 0.127961 134.062334
0.306062 12.016632 14.091552 1.310363 1.485839 0.018373 0.084053 96.126596
0.610630 9.618983 7.430987 1.671831 1.450427 0.018713 0.117213 58.403209
0.409613 7.843293 6.461617 1.404396 0.771073 0.022923 0.150144 122.334806
0.268188 6.445809 14.321639 1.055021 1.479696 0.024979 0.073893 105.121976
0.571275 4.212886 14.494281 0.656249 1.308241 0.017326 0.065898 122.787175
0.445737 8.219146 7.406444 0.870279 1.367762 0.012550 0.055090 81.725576
0.349896 7.656134 5.013819 0.858422 1.565608 0.024156 0.146387 68.075158
0.283183 5.629445 12.792447 0.758373 1.028608 0.011511 0.103522 108.006181
0.425381 8.745053 12.580589 1.506574 1.290227 0.026472 0.160365 62.822457
0.408244 11.860859 9.608103 0.691945 0.840948 0.024555 0.131347 101.300840
0.476384 12.299031 14.738120 0.785139 0.708057 0.025141 0.117608 99.504403
0.460419 4.485296 11.251632 1.175777 0.849723 0.019144 0.072422 87.889743
0.357421 11.092654 13.652486 1.309342 0.949897 0.015799 0.073458 53.487532
0.376272 4.771072 12.038331 1.563175 1.603537 0.013879 0.145277 101.582026
0.235678 7.312368 12.019693 1.588308 1.731408 0.014438 0.144981 130.839393
0.443384 10.906582 13.422742 1.312729 0.930418 0.012881 0.119389 101.417985
0.493964 7.864444 9.646098 1.742589 0.763481 0.013145 0.056585 128.346980
0.471890 5.257387 13.366817 0.975604 0.606040 0.018806 0.069086 116.278003
0.303566 10.311964 8.278630 1.632521 0.907680 0.012903 0.086649 94.083869
0.261572 6.165895 13.487540 1.319091 0.966029 0.022495 0.054240 66.090470
0.229021 5.382648 8.336461 0.855153 0.653706 0.028636 0.138873 104.019721
0.572615 9.271647 6.137382 0.884016 0.924053 0.029016 0.148189 60.673989
0.449346 11.436415 14.963527 0.733416 1.227537 0.014088 0.097366 134.978830
0.307945 4.923187 10.122461 0.977435 1.279365 0.016504 0.108098 104.072459
0.265949 4.810864 7.926151 0.924502 1.785213 0.020818 0.055296 129.283852
0.424587 6.194519 13.937747 1.227542 1.279030 0.023635 0.116298 109.955326
0.603070 5.307116 11.330599 1.129331 1.282327 0.021299 0.064614 66.830947
0.407116 11.246058 6.385483 0.946902 0.797040 0.022403 0.063111 117.160233
0.562358 11.404570 7.824502 0.697211 0.722585 0.027729 0.105605 129.725426
0.637756 11.693559 7.688242 0.844200 1.242212 0.018453 0.078611 134.382869
0.400489 8.070860 10.495991 1.600219 1.091670 0.016008 0.076197 81.915520
0.245578 10.142087 6.579178 1.388919 0.661487 0.030745 0.136708 101.088096
0.518172 8.526192 10.941993 1.125168 1.437229 0.022892 0.069871 78.553163
0.528059 6.578594 13.735609 1.559438 1.177676 0.025216 0.132593 55.963739
0.566250 6.992343 14.444453 0.746531 1.378095 0.018114 0.057523 141.568234
0.318731 6.046052 10.443563 1.634092 0.643225 0.027729 0.100142 82.520112
0.590142 12.144046 12.032171 1.256693 0.667553 0.014478 0.120851 59.362455
0.391065 11.237490 6.220511 1.441515 1.165400 0.015501 0.097900 111.281772
0.440232 4.811349 11.028246 1.431292 1.750551 0.031135 0.158133 141.349538
0.218627 6.946943 10.341616 1.566807 1.329800 0.013049 0.065654 142.009786
0.373582 6.747417 9.420090 0.772245 1.297438 0.023431 0.084444 96.488136
0.536293 11.072235 9.853843 1.331056 1.375144 0.020881 0.156902 79.558228
0.325197 8.918432 13.607915 1.521380 1.344047 0.026405 0.115068 84.025998
0.459699 7.718496 14.511788 1.243667 1.333725 0.029162 0.162221 106.239137
0.280256 11.493758 14.291634 0.582960 0.802119 0.024021 0.084594 71.936189
0.271016 8.064328 5.357816 1.353964 1.461507 0.022108 0.068629 114.518773
0.601912 9.408032 9.817049 1.676930 1.207424 0.031616 0.143967 107.817369
0.305774 8.965095 14.151384 1.419115 1.197576 0.012586 0.161783 85.913683
0.393989 8.004494 6.550946 0.648910 0.986023 0.012146 0.058525 74.039414
0.239481 11.468713 5.400913 1.182420 1.261855 0.013968 0.099663 70.987181
0.427193 7.004846 5.447085 1.591324 1.179109 0.022841 0.154164 97.463125
0.232435 6.944875 7.393643 1.534020 1.157192 0.012664 0.066978 77.383134
0.595477 12.216829 14.874266 1.409037 0.913602 0.024680 0.106996 92.421372
0.221667 10.205667 13.857505 0.675441 1.024910 0.030165 0.105973 67.613222
0.500772 6.860622 9.304386 1.487800 0.824714 0.020550 0.101837 88.844631
0.532678 9.073928 11.768777 1.477698 0.628855 0.027780 0.086500 122.643187
0.367057 8.413083 12.366839 1.003704 0.952264 0.030156 0.096659 100.769350
0.422740 10.958886 6.218877 0.712293 1.129357 0.014733 0.102229 113.720922
0.395889 9.482717 9.579941 0.720836 0.690043 0.017033 0.139995 114.375951
0.458130 10.290264 14.780713 1.694389 0.924256 0.031556 0.117720 117.648712
0.259873 6.735475 12.134667 1.498242 0.950116 0.023099 0.105268 124.745950
0.562032 8.122118 6.774190 0.677013 1.328728 0.015511 0.152495 102.172179
0.287881 8.052112 13.901018 1.511134 1.090732 0.027803 0.145461 129.582716
0.530991 4.363797 5.194517 1.303347 0.832920 0.030913 0.156257 84.754627
0.367405 6.873356 6.734480 0.808936 0.608756 0.019072 0.134520 84.285169
0.257031 8.874269 13.545152 1.019668 0.860758 0.021386 0.159267 52.686267
0.525819 7.246956 12.216324 1.072337 1.269465 0.016806 0.105664 127.488193
0.602208 11.456830 8.649245 1.226655 1.097941 0.016362 0.153965 117.955996
0.257583 11.520656 7.755059 1.592693 1.621069 0.030567 0.091276 108.043513
0.603229 11.930834 9.037421 1.697799 0.899850 0.014351 0.156824 92.232484
0.238942 6.979969 7.583047 1.255960 0.615911 0.024505 0.135948 70.064496
0.588936 6.653909 13.194284 1.632231 0.694615 0.019953 0.084977 55.919315
0.455320 7.992857 13.302303 0.629991 1.145169 0.028781 0.082526 137.411045
0.608007 6.910316 11.954001 1.711025 0.972475 0.019614 0.071611 87.976853
0.309169 12.167585 10.196333 0.829546 0.853271 0.018910 0.091941 115.286802
0.322713 11.641598 14.632073 1.302551 1.019560 0.030500 0.117429 95.638444
0.376488 8.586893 11.974617 1.259663 0.832193 0.014925 0.074824 114.684170
0.328248 10.749802 8.529090 1.509837 0.996591 0.014134 0.075792 107.229135
0.248235 12.334206 12.804124 1.419301 1.138389 0.017186 0.055578 131.734412
0.570258 9.181497 14.632821 1.178467 1.153554 0.030572 0.128446 50.234673
0.400848 4.383855 7.499534 1.576917 1.659076 0.023116 0.097669 90.197859
0.494650 4.617451 9.773309 1.145566 1.223126 0.029747 0.112054 70.065194
0.341950 4.389587 7.342180 1.210274 0.886548 0.023720 0.126014 138.644669
0.535655 9.526282 10.262240 0.782658 0.632510 0.010807 0.148223 116.639829
0.633559 4.887297 7.361693 1.117069 0.677742 0.012606 0.161608 74.811478
0.339953 4.162039 12.385053 0.926467 0.835357 0.027732 0.154918 60.693140
0.417741 7.457452 7.258457 0.676991 1.315730 0.024466 0.122215 50.947947
0.419935 9.628509 8.905753 0.658343 1.263350 0.016859 0.129476 83.348462
0.431155 12.006033 5.538106 0.706680 1.273007 0.023460 0.136383 60.583501
0.333546 11.331064 11.577474 1.684839 1.560595 0.020576 0.058563 142.445565
0.275396 4.746447 11.764179 0.690074 1.584400 0.016373 0.089427 110.279111
0.419399 5.845596 5.398223 1.406177 1.578569 0.010712 0.147967 142.470237
0.592850 6.515416 13.389502 1.003777 0.659550 0.019768 0.142394 100.653071
0.548712 4.144155 8.843324 1.406508 1.455428 0.019877 0.106641 56.089768
0.476611 5.299731 11.508268 1.370421 0.925396 0.017947 0.139192 114.120278
0.589812 5.098380 5.527985 1.557420 0.740096 0.023198 0.133708 136.236346
0.385704 6.496761 7.163930 1.117352 0.780789 0.015484 0.124015 99.577045
0.228790 5.179348 13.839797 0.751542 0.784029 0.020909 0.060253 111.373081
0.500447 5.100687 7.406533 1.347338 1.151654 0.021731 0.055806 105.491628
0.527884 9.511058 11.352626 1.206294 1.655539 0.016476 0.071277 123.671613
0.309919 8.427948 10.428231 1.132119 1.435698 0.013837 0.062551 106.039180
0.356698 5.719727 12.761620 0.615900 0.741327 0.014868 0.139196 67.277572
0.577943 6.095767 9.650129 1.371156 1.368336 0.022557 0.076356 125.506363
0.284713 9.397515 7.734725 0.611750 1.720753 0.026488 0.161748 117.234739
0.431118 6.024632 12.163678 1.382478 1.499130 0.019109 0.115663 105.451102
0.485571 5.303668 14.268117 1.265624 1.031801 0.019939 0.156563 136.820296
0.511637 6.646528 13.926470 1.738323 1.582240 0.012018 0.134231 77.689196
0.459365 10.430828 7.396027 0.673481 1.350530 0.020353 0.070525 132.244492
0.525144 4.895651 8.456254 1.152383 1.153256 0.029639 0.125819 99.186038
0.380648 11.752224 14.474161 0.742706 0.847964 0.028284 0.109847 136.399273
0.618991 6.586545 14.759864 0.811501 1.427014 0.018423 0.097652 77.015137
0.627900 6.416777 5.949772 1.113074 1.525432 0.020307 0.104283 131.491536
0.238899 11.795451 6.065311 1.583476 1.310598 0.018285 0.130690 126.283362
0.302598 6.579877 14.460006 0.638558 1.260871 0.015769 0.105399 62.714786
0.504185 11.646800 12.801626 0.944344 1.156103 0.014442 0.094010 80.873391
0.497453 4.591780 9.676912 0.695574 0.841310 0.011285 0.086541 115.307877
0.229322 10.995261 8.953491 0.687283 1.053001 0.023160 0.139200 58.337112
0.492888 8.748112 14.727540 1.187414 0.827107 0.019226 0.141724 48.490763
0.321525 6.283487 7.550309 1.162503 0.832974 0.025045 0.084878 75.576000
0.317129 12.230469 11.518561 0.869622 1.317632 0.019100 0.151463 59.582412
0.605805 6.356584 14.536779 0.654024 0.675878 0.030878 0.108673 120.155600
0.397713 9.819790 6.862195 0.828231 1.317168 0.030113 0.147053 76.597550
0.241994 7.052836 9.098691 1.028962 1.533876 0.016420 0.126593 123.779102
0.370935 4.609024 8.326516 0.656209 1.046877 0.019784 0.146223 90.921864
0.548372 11.902281 6.205476 1.678485 1.456134 0.017557 0.103723 109.125883
0.510615 10.794537 14.622346 1.733995 1.000109 0.017578 0.134129 116.244105
0.500609 5.412744 6.603471 1.157163 0.647931 0.029005 0.058532 116.349004
0.393854 4.209029 12.956863 1.622232 0.707315 0.016181 0.133266 134.909552
0.245255 4.391276 6.005565 0.722364 0.681325 0.015697 0.056655 62.784207
0.593372 9.979989 5.697535 0.902443 1.385568 0.024530 0.084118 117.793656
0.293197 11.109503 8.891647 1.342737 0.997105 0.029131 0.149512 86.268401
0.572402 4.192734 5.072926 0.744584 0.890940 0.027994 0.131166 84.715590
0.324860 6.119268 7.007691 1.453042 0.826329 0.026194 0.082598 82.356229
0.281440 7.424973 9.105860 1.179321 1.287693 0.022067 0.155302 50.506567
0.505970 7.656217 5.273997 1.007038 1.810443 0.026186 0.110740 128.009501
0.599138 11.029281 14.405741 1.338580 0.755164 0.015404 0.115546 66.482463
0.331609 10.198970 10.417084 1.115960 1.421301 0.030724 0.079447 102.986466
0.602658 10.809626 14.047323 1.171248 1.104312 0.028881 0.130164 101.590355
0.436960 10.273514 13.617276 0.800015 1.205824 0.022482 0.063531 120.748555
0.567827 6.249582 5.302867 1.449661 0.983897 0.031386 0.137193 71.129163
0.477530 6.487412 13.224183 1.391797 0.801441 0.023148 0.121375 69.865452
0.570698 8.552558 12.853306 1.116231 1.029382 0.016016 0.160168 100.180071
0.326555 7.234122 7.116027 0.997216 0.688062 0.024329 0.116986 114.103760
0.608763 4.930624 10.947125 0.954006 0.939780 0.017106 0.114046 97.126765
0.559600 5.040964 10.807591 1.357653 0.678337 0.021462 0.120228 103.578759
0.277538 8.857497 6.740486 1.405268 1.202504 0.023838 0.104978 140.195520
0.487774 8.345964 6.399729 1.155253 1.294695 0.012056 0.114167 70.120885
0.432867 7.953390 14.875239 0.608736 0.932889 0.022115 0.061496 95.609178
0.519876 8.520240 11.719528 0.912295 1.398375 0.026042 0.131142 133.878072
0.488009 6.651330 10.666573 1.242161 1.203492 0.022961 0.085982 138.941745
0.233169 10.855420 12.506215 0.959734 0.627613 0.011233 0.096819 142.858815
0.583974 6.098535 6.075516 0.955256 1.318658 0.030049 0.154284 88.028241
0.511750 10.804782 13.907741 0.785827 1.115769 0.023886 0.098312 122.538831
0.321857 12.103544 10.447003 1.694868 0.964395 0.016962 0.072084 99.258600
0.392848 4.966611 12.554067 0.908716 1.681651 0.024750 0.109423 89.616017
0.233920 6.583728 13.785637 0.939715 1.465293 0.013177 0.127623 138.959693
0.515821 11.128495 9.417352 1.377791 1.382681 0.013012 0.137371 70.559474
0.386026 10.324137 6.730167 1.491862 1.493258 0.023086 0.126120 126.897594
0.583997 5.779337 12.541614 1.651222 1.038947 0.019661 0.087884 89.835162
0.400223 5.573996 12.894430 1.439275 1.292318 0.019724 0.067052 99.723858
0.632826 7.977432 13.337428 1.081972 1.169544 0.019591 0.112931 89.110977
0.562253 11.055529 13.380180 0.761195 1.038261 0.013275 0.118289 56.382571
0.629093 8.167855 14.292972 1.204157 1.065215 0.017479 0.104115 112.944935
0.591653 12.201755 13.198373 1.609876 1.103988 0.014050 0.157242 49.079869
0.366341 11.063613 8.018097 0.813247 1.641854 0.011154 0.083691 133.824141
0.576010 6.370813 12.009756 1.718446 1.073068 0.025503 0.058799 109.389999
0.567323 10.305199 6.332347 1.360597 1.199900 0.018230 0.062552 89.746702
0.327329 5.959684 7.921687 1.404121 1.146799 0.029468 0.122617 54.490475
0.279982 8.817230 6.564928 1.452121 1.306982 0.027742 0.097215 82.018219
0.341223 7.969056 14.441723 1.088839 1.033549 0.023250 0.070345 95.968488
0.550042 7.388619 10.003552 1.270162 1.329087 0.016727 0.155585 119.814850
0.536295 4.622771 10.968955 1.020888 0.709191 0.020182 0.152971 49.832575
0.228042 7.392283 10.584398 1.573802 0.925639 0.031568 0.099917 140.968920
0.307872 11.038768 9.063325 1.728823 1.031422 0.015085 0.079745 83.499166
0.404923 4.459667 6.079628 0.799858 0.730323 0.018480 0.129541 74.321109
0.413474 6.812070 8.162701 1.361646 1.194028 0.024505 0.083333 135.963341
0.398643 7.895937 13.378655 1.376366 0.658561 0.018684 0.091463 128.121109
0.293342 8.727882 8.916389 1.164169 1.335509 0.031860 0.114256 78.312977
0.432518 6.995318 13.216987 0.807927 1.393171 0.016576 0.065361 113.975875
0.628068 8.863715 13.530363 1.192613 0.994623 0.014283 0.070120 50.363270
0.577022 6.584569 11.359669 0.922852 1.283419 0.011007 0.121364 69.040333
0.529880 12.238538 12.628212 1.628985 0.899970 0.014628 0.054238 60.397608
0.400395 10.782742 9.388062 1.039886 0.901817 0.025930 0.150365 94.049630
0.532521 6.867367 14.032873 0.612188 1.479114 0.015178 0.103473 126.019218
0.275141 9.074498 6.066083 1.741118 0.901247 0.013663 0.141803 76.461351
0.589033 9.415067 13.429710 1.265869 1.216143 0.017830 0.093426 92.963184
0.357906 6.890744 9.936819 1.664191 1.694980 0.015496 0.085171 98.557720
0.422303 6.497173 5.710020 1.622475 0.869984 0.022874 0.148910 137.336231
0.570068 7.616202 7.883028 1.709626 0.948692 0.021943 0.058133 135.170176
0.527011 8.791800 6.139988 1.482328 0.756206 0.024883 0.086260 65.135543
0.485706 9.699079 6.962675 1.094979 0.813608 0.025158 0.142690 52.893544
0.240726 4.490764 5.116675 1.630935 1.288907 0.030905 0.157191 71.000716
0.397861 7.655544 7.067938 1.406544 1.035707 0.022628 0.062157 64.987165
0.424965 9.739796 8.364466 1.220329 1.794186 0.030661 0.129025 125.463468
0.353446 4.180986 12.218205 1.714312 1.374424 0.017883 0.093728 52.613112
0.421427 5.445141 10.299441 1.665701 0.966483 0.020160 0.072934 102.961191
0.221227 10.421412 12.828596 0.995185 1.383118 0.026905 0.097939 108.462073
0.483310 8.934436 9.401430 1.298683 1.086447 0.027550 0.143049 123.770453
0.297418 7.391413 6.807000 1.298006 1.003530 0.020800 0.089849 129.427474
0.516630 7.086842 7.598973 1.748300 0.667993 0.013539 0.155232 112.104423
0.495660 7.013351 7.480195 1.314968 1.089042 0.011260 0.138750 137.550740
0.234734 9.846165 11.374449 1.619027 1.359853 0.031524 0.088306 116.489725
0.477742 11.119780 14.761806 1.293041 0.853479 0.027870 0.100483 128.461657
0.533917 4.533382 6.572990 0.966070 1.107159 0.019762 0.067895 127.023321
0.464610 4.907952 11.805719 0.698124 1.174114 0.011320 0.131395 68.563360
0.320112 11.894788 5.575643 1.744137 1.488532 0.011781 0.155560 96.830966
0.638684 6.427969 13.049385 1.576416 0.730432 0.029036 0.113101 90.203903
0.350838 11.536447 14.116265 1.633954 1.542885 0.020155 0.088337 97.827662
0.571218 7.401378 12.567924 0.640687 0.941792 0.028541 0.105316 59.018467
0.339032 5.048573 8.803932 1.488520 0.938935 0.029781 0.095116 100.153612
0.637585 8.879708 6.564325 0.640813 1.109248 0.026374 0.088555 61.961068
0.267321 4.664806 7.831243 0.913993 1.419041 0.010816 0.068942 77.412279
0.639522 8.594709 7.584851 1.427132 1.363060 0.017887 0.072485 120.788156
0.403449 5.163346 11.165283 1.097871 1.461625 0.018353 0.145429 64.977578
0.521454 8.342411 11.858234 1.221688 0.861987 0.029302 0.146588 79.358224
0.291798 6.695151 10.067684 0.599330 0.951641 0.017866 0.068740 142.463403
0.234776 7.949351 6.886730 0.685510 1.049490 0.012441 0.139634 134.389169
0.531686 10.015754 11.669068 1.642279 1.523865 0.027360 0.078393 81.775250
0.240893 11.524198 14.315858 0.950586 1.332447 0.030058 0.104625 95.372932
0.493769 9.529531 12.328853 1.242777 1.203688 0.025615 0.077625 114.985954
0.401826 7.735295 5.551209 1.143750 1.548226 0.024069 0.135455 130.258333
0.495820 9.048310 13.484611 1.449382 1.022347 0.012801 0.088876 58.672485
0.431295 7.249019 8.410709 1.093932 0.960193 0.029412 0.066318 50.556590
0.626435 8.845648 14.325196 0.974429 0.702819 0.025549 0.078585 81.548049
0.400284 4.775812 7.316697 1.395952 1.394078 0.021307 0.143806 56.517103
0.234281 5.674555 9.105440 0.955888 1.611395 0.011494 0.055905 80.338128
0.624846 9.935543 6.176191 1.357217 0.776083 0.028517 0.159565 83.310050
0.354307 7.101162 8.320778 1.640267 0.823067 0.019510 0.119328 86.769496
0.577608 11.731442 12.654942 0.665878 1.577384 0.030759 0.153886 125.690070
0.277220 8.060502 10.426706 0.984197 1.546306 0.014504 0.144790 73.929878
0.371173 4.387824 10.458198 1.512668 1.516928 0.019161 0.121908 142.547664
0.341719 11.979353 6.534166 1.114076 0.926591 0.013808 0.142302 83.216095
0.222587 6.296437 10.496109 0.986764 1.028874 0.023259 0.096667 111.343604
0.346693 10.116834 9.455808 1.158530 0.683454 0.024955 0.110781 133.325941
0.305855 12.234637 11.573605 0.901008 0.713117 0.023545 0.097658 116.877023
0.318294 8.503010 6.527261 0.605648 1.031573 0.017214 0.057824 54.747072
0.237956 6.962457 7.610852 1.465358 1.730756 0.024134 0.138286 131.181591
0.455922 6.268281 14.901491 1.741169 1.381175 0.031793 0.126704 49.223246
0.526752 4.726136 6.035191 0.771338 1.030073 0.023744 0.129720 102.488074
0.426065 9.326045 5.022218 1.296893 0.683463 0.019135 0.055065 115.188348
0.399957 5.005800 9.176031 0.633350 1.757020 0.011607 0.129062 133.883127
0.381369 10.049244 13.607750 0.949834 1.116577 0.016759 0.073397 66.418974
0.567940 5.849965 9.172032 0.787408 1.101636 0.029698 0.080512 143.713503
0.516407 9.457722 11.406295 0.831421 0.938821 0.026058 0.131204 112.530693
0.557060 12.113204 10.661556 0.781733 0.882470 0.015145 0.107652 74.764931
0.406303 8.131035 14.757064 0.864293 1.459343 0.017832 0.133038 71.464555
0.262780 6.617716 13.458253 0.632735 0.917674 0.027956 0.079521 79.110691
0.317584 4.238548 11.531511 1.351813 0.699794 0.027037 0.065030 110.771325
0.427154 7.088687 14.003189 1.133827 0.648956 0.011462 0.064463 122.228492
0.264586 10.054649 11.690695 1.227017 0.731383 0.028322 0.160664 51.328417
0.396640 5.581417 12.479065 1.387596 1.466117 0.028823 0.150920 111.671377
0.434130 7.551391 11.812778 1.069480 1.619400 0.013749 0.120506 94.216679
0.346448 10.692520 12.717415 1.062940 1.140934 0.025415 0.068962 77.217783
0.537863 4.235183 12.045395 0.792822 0.659427 0.029637 0.113290 121.951526
0.345813 10.339194 12.712039 1.665411 0.828580 0.024335 0.148956 79.856010
0.427419 4.582878 9.531664 1.094894 0.966254 0.018736 0.152563 66.763606
0.534815 10.132047 13.146318 0.753732 0.615909 0.012209 0.144955 75.228423
0.261844 9.057606 6.829482 0.620873 1.126669 0.012666 0.136183 61.969665
0.444068 9.293293 14.718746 1.071837 1.102875 0.022157 0.069810 96.766630
0.580511 4.952284 13.673532 1.573561 1.502562 0.021433 0.126352 58.546895
0.599608 8.911647 12.212428 0.853487 0.753659 0.030050 0.094891 107.354105
0.607199 10.982220 9.320107 1.562264 1.249532 0.010758 0.070175 94.340774
0.302643 10.067673 7.224614 1.080143 1.225014 0.021604 0.094773 139.931843
0.544954 4.440964 11.041296 0.909750 1.507651 0.024992 0.078249 54.621124
0.554051 4.129272 12.983344 1.614459 1.353909 0.022774 0.108436 69.202521
0.215363 4.199485 6.317755 1.009839 1.105904 0.011419 0.128271 123.835648
0.411645 9.704630 7.989518 0.626600 0.835206 0.010643 0.091126 58.606003
0.627530 4.701046 9.624444 1.174599 1.306091 0.025031 0.102269 96.809806
0.582809 8.497936 13.165306 1.621145 1.285161 0.031468 0.080672 139.228658
0.505525 9.198953 9.210442 0.814455 0.983972 0.029456 0.070383 55.383324
0.220121 12.079287 12.976810 1.279474 1.061548 0.014840 0.070820 89.103513
0.629729 8.056924 10.092056 1.610115 0.663952 0.018301 0.060097 110.720914
0.406565 10.427282 9.960996 0.798089 0.661034 0.014528 0.131512 110.500166
0.339722 10.871596 12.595167 1.303687 1.120550 0.015935 0.136922 104.064113
0.385348 8.782760 10.925138 1.073076 0.680017 0.029336 0.136438 111.795944
0.501320 8.435553 10.594836 1.345924 1.721692 0.022116 0.105898 129.256359
0.632922 8.406778 6.336907 0.946077 0.606708 0.026447 0.111626 71.946680
0.351749 10.858024 9.963585 1.677880 0.620220 0.025698 0.154538 120.546511
0.457780 11.196173 6.052925 1.658375 0.636281 0.016298 0.105052 134.133698
0.349141 8.635987 7.698301 1.211614 0.815361 0.029350 0.123671 100.203548
0.523346 4.198834 8.986499 0.727129 0.825923 0.017957 0.145275 56.029476
0.533694 5.758816 5.799273 1.367921 1.014498 0.014798 0.140528 76.859783
0.378441 6.762657 5.162190 1.284430 1.648146 0.015026 0.159342 83.188321
0.309127 5.701284 10.905386 0.902055 1.599857 0.018441 0.105809 128.704447
0.599177 7.003492 7.448478 1.103670 1.302255 0.012784 0.132142 80.817442
0.399265 7.451494 7.019047 1.698963 1.147427 0.026319 0.125408 63.824875
0.505953 8.747368 11.350200 1.113793 1.038310 0.023732 0.085226 90.647891
0.344677 7.649932 7.891780 0.713348 0.993673 0.011326 0.100782 122.402831
0.578430 8.188062 10.225942 0.730343 1.378883 0.020471 0.079935 127.130807
0.429427 5.969269 10.733871 1.071292 1.100851 0.027563 0.069597 75.297912
0.628159 11.935132 10.193214 0.991903 0.998650 0.015161 0.137251 61.499578
0.635659 9.898859 8.398499 1.684740 1.494888 0.018998 0.132528 94.649945
0.292935 10.337808 7.923312 1.312177 0.730210 0.027924 0.126540 126.385998
0.316005 8.598951 8.337232 0.802341 1.383196 0.020963 0.087018 94.409831
0.554793 9.890676 6.513531 0.629980 0.646824 0.022223 0.099718 54.801187
0.544359 11.005625 10.727605 1.357851 0.705419 0.015139 0.115565 63.853942
0.532432 5.789269 10.792766 0.875135 1.428143 0.021536 0.104090 74.378643
0.261403 7.636691 9.950213 1.085787 1.802373 0.024781 0.092860 118.922381
0.511967 4.231672 12.563345 1.485665 1.141260 0.027948 0.139530 77.641322
0.274914 11.920295 10.993355 0.826131 1.163129 0.031431 0.115655 119.774933
0.530832 8.005527 7.844567 0.812988 1.121867 0.029766 0.109596 105.254493
0.515893 8.828491 14.136232 1.162082 0.627218 0.029719 0.088781 117.494647
0.536695 6.859165 12.012140 1.149621 1.582686 0.018161 0.124287 122.353882
0.231925 6.988306 14.305827 0.620878 0.802102 0.015149 0.091269 122.810708
0.473276 11.580894 8.629458 0.852534 0.907608 0.027380 0.060969 124.309747
0.227927 4.844635 7.196681 0.819285 1.460269 0.030691 0.112812 133.259450
0.471968 8.472331 8.552740 0.932146 0.614422 0.029531 0.157590 101.443181
0.492364 11.847007 13.307351 1.055511 1.062871 0.014346 0.109369 117.452999
0.389384 10.359679 9.406066 1.592714 0.899196 0.014101 0.120031 140.368387
0.282690 6.639754 8.609766 0.756129 0.812004 0.025462 0.129254 79.517042
0.612940 7.268838 12.610879 0.932833 0.795200 0.013145 0.064184 102.812400
0.472737 5.802213 13.688746 0.976029 1.292257 0.022245 0.122984 107.370132
0.229633 5.715616 6.789836 1.171343 0.650105 0.015793 0.077795 86.422964
0.608171 9.846092 5.969763 0.777837 0.796870 0.016539 0.056530 137.465923
0.292495 11.611541 14.389627 0.806754 1.000699 0.024239 0.060172 127.912771
0.245837 8.254662 11.640088 1.099296 0.642609 0.027219 0.136509 57.939995
0.399512 10.668406 6.252728 1.195611 1.429310 0.027206 0.077898 58.028189
0.537881 4.363001 6.689071 0.729840 1.714711 0.011051 0.136797 96.949840
0.496525 8.121011 11.748364 0.735427 1.297740 0.013760 0.138741 101.901702
0.264209 7.558276 9.686724 1.351366 1.639926 0.031331 0.146633 122.288378
0.237879 4.133946 8.420305 1.374295 1.713216 0.023319 0.097419 102.348627
0.495998 8.653065 11.041651 1.614451 0.773307 0.014759 0.131465 99.416508
0.605979 8.504856 12.297254 0.827914 1.361116 0.019419 0.143780 55.998025
0.575595 8.134899 12.326779 1.460528 0.615620 0.010666 0.118193 97.402757
0.607953 7.293149 11.013627 1.143684 1.385917 0.031335 0.094984 72.496216
0.279823 5.786496 14.075762 1.075630 0.694127 0.011186 0.060921 139.276117
0.584945 10.486335 9.101022 1.183726 1.512774 0.030623 0.058015 119.446275
0.292969 7.204038 9.434695 0.820117 1.425770 0.022985 0.126711 140.109323
0.509144 11.675566 10.870011 1.412441 0.976584 0.018713 0.160427 118.775510
0.628990 7.264882 12.950627 1.580309 1.578163 0.025671 0.149550 87.189224
0.327716 9.894124 6.981493 1.489696 1.591799 0.011460 0.150506 101.941529
0.577994 8.528662 9.105318 1.222085 0.705034 0.031750 0.106006 116.857520
0.535676 10.202314 8.002636 1.066222 1.398368 0.021736 0.062075 122.284836
0.590147 8.402798 10.236359 1.250976 0.605497 0.019763 0.101768 48.150561
0.528839 7.034215 12.030224 0.910375 1.208833 0.011430 0.085984 52.769366
0.631535 9.091193 7.125294 1.656158 1.001311 0.015363 0.082830 122.800419
0.340470 8.515300 9.450388 1.743847 0.878194 0.017114 0.119457 79.829668
0.248107 6.324138 9.080925 0.980817 1.356545 0.021725 0.130888 63.213152
0.589220 6.471759 7.641609 1.223075 1.247354 0.031178 0.118051 68.583535
0.515236 4.281726 13.278155 0.825231 0.736866 0.024101 0.062829 58.302675
0.307263 4.174712 13.577453 1.210480 0.768585 0.030964 0.058673 118.640089
0.392897 5.214786 8.742407 1.110709 1.084201 0.025640 0.158797 100.641307
0.405977 6.481303 13.347155 1.463224 0.656791 0.017234 0.108211 86.077968
0.548490 11.645066 14.975258 1.030206 0.695279 0.031064 0.124062 118.420533
0.364681 10.478211 5.090466 0.840598 1.328190 0.014485 0.079449 51.489009
0.469873 4.616560 13.230083 1.495096 1.018192 0.024203 0.073940 109.662237
0.343807 6.429482 7.866621 1.113842 1.363838 0.016550 0.126399 57.149632
0.427420 10.168112 7.160389 0.831903 1.371180 0.012776 0.076382 98.641387
0.616725 11.452954 12.889298 0.781745 1.124158 0.021671 0.118203 144.103681
0.615550 5.236745 14.461184 1.198957 1.287188 0.011898 0.069969 95.117629
0.468687 8.360663 6.211612 0.672172 0.967035 0.014523 0.065149 90.788592
0.635198 11.349251 11.158896 1.325730 0.663963 0.019620 0.140813 115.345847
0.442115 10.408354 14.143537 1.081391 0.809248 0.017298 0.087974 129.304399
0.537259 6.785947 6.376233 1.697788 1.003039 0.023486 0.064943 59.527430
0.239113 6.339960 12.504027 1.470093 1.261507 0.014355 0.078858 80.518318
0.419819 11.233369 7.215894 1.594817 1.503345 0.015056 0.084598 80.897331
0.373467 12.232338 10.706958 1.511443 1.277089 0.025795 0.068062 121.644031
0.378206 6.134463 8.034647 1.162604 0.802409 0.026242 0.117586 48.680837
0.248381 10.871035 12.736715 1.056418 1.144685 0.026278 0.061142 100.863410
0.289063 11.964393 9.319175 1.739655 0.627251 0.024393 0.155034 63.569020
0.583181 5.751120 6.904167 1.718316 1.381531 0.024169 0.061846 82.055592
0.460106 8.878337 7.403584 0.923185 1.342486 0.025918 0.091763 74.413389
0.468397 7.423256 7.499296 1.734227 1.092296 0.023849 0.130350 104.570699
0.568315 5.161480 12.378255 0.778142 0.831192 0.019492 0.086685 77.165665
0.410287 7.962033 8.765529 1.078771 0.659646 0.014268 0.081499 126.351786
0.497864 11.720862 14.704648 1.693445 1.050120 0.022505 0.116780 120.954830
0.241277 10.987993 10.085714 1.746210 1.033333 0.019558 0.096883 130.644206
0.314876 5.863190 9.239891 0.615033 1.541235 0.021739 0.125462 91.489319
0.237845 11.599456 9.595651 1.145050 1.372572 0.013087 0.090687 76.517530
0.411383 5.065310 9.853009 1.638624 1.353089 0.026107 0.084106 56.245405
0.281619 10.110848 11.079667 1.377065 0.654317 0.028337 0.109089 60.285312
0.346355 9.791737 13.414110 1.507726 0.665889 0.012836 0.073495 137.318288
0.615692 11.763014 6.363206 1.728786 1.520378 0.028295 0.103054 134.799632
0.493169 11.288012 7.241375 1.249420 1.334900 0.028279 0.142655 87.155396
0.256588 4.904271 10.379769 0.654124 1.586340 0.011189 0.076797 87.250350
0.235002 8.043426 5.743213 0.912015 0.826437 0.013186 0.068786 104.980686
0.332792 4.805346 6.904411 0.757829 0.769627 0.018248 0.139212 66.065774
0.522445 11.730276 12.372287 0.867716 0.966392 0.021462 0.142093 136.124948
0.282591 7.003145 14.783470 0.593272 0.940077 0.021105 0.070028 89.756497
0.381876 7.824587 12.341909 1.199966 1.437556 0.011976 0.125259 59.177188
0.488758 5.592047 13.903156 1.603989 1.394956 0.030070 0.121850 56.315235
0.273172 4.414022 13.462246 1.664900 1.491378 0.027532 0.090861 91.265535
0.245927 8.980444 13.064306 0.738398 1.482076 0.031169 0.127077 117.077703
0.433059 4.643178 13.799432 1.013302 1.660215 0.020214 0.159665 117.164301
0.235059 9.049225 7.385556 1.464941 0.846293 0.030444 0.087440 110.428735
0.511800 6.464735 7.474310 1.222936 0.865898 0.014891 0.071624 83.727520
0.505847 6.028421 8.822955 1.685800 1.754382 0.018168 0.058159 138.359342
0.563110 10.150786 10.785432 0.617404 0.699381 0.013951 0.063723 73.421056
0.548132 11.687714 9.651620 1.408762 1.380753 0.026582 0.071078 106.575945
0.620027 10.192705 7.965519 1.637911 1.577690 0.015974 0.151664 118.098553
0.515476 8.454405 5.481985 1.268175 1.261554 0.012424 0.149890 117.696955
0.455483 6.731609 9.429794 1.424764 1.011215 0.011414 0.119063 67.004340
0.491444 7.945629 8.505527 1.574561 1.157428 0.026317 0.128020 98.034752
0.459583 9.534463 8.601661 0.980847 0.980637 0.030434 0.116872 61.062246
0.491202 8.255968 10.770962 1.035974 0.674612 0.025582 0.061718 107.578781
0.597907 5.305551 5.794856 1.164231 1.255564 0.011459 0.108716 59.385577
0.597898 6.143756 8.073567 0.840114 0.627562 0.029972 0.137958 89.234585
0.507854 5.007521 14.372067 1.010497 0.638549 0.023385 0.141744 128.109546
0.317613 8.869631 13.416660 1.632644 1.183950 0.024222 0.094276 83.904261
0.300006 6.940265 12.848517 1.424399 1.457448 0.015848 0.085642 93.652194
0.627790 9.353731 8.031660 1.390963 0.734186 0.022456 0.091479 67.698627
0.575484 6.102827 9.312026 1.153525 0.749059 0.021592 0.081095 80.882483
0.625875 12.057092 9.651272 0.905343 1.139893 0.021713 0.076038 83.482427
0.493348 4.241733 6.290464 0.698984 1.029362 0.020223 0.056399 69.622195
0.260463 11.837220 13.251538 0.667597 0.882523 0.016387 0.098607 122.282640
0.450601 5.948270 10.218081 1.382316 1.044644 0.021106 0.086415 131.936720
0.403088 9.064287 14.176479 1.433499 1.136746 0.031295 0.127549 54.739689
0.472092 5.087955 5.394550 1.555923 1.177207 0.011155 0.135538 119.113804
0.460022 4.726388 7.781840 1.279998 1.009834 0.018471 0.092062 64.951703
0.531164 5.372527 6.123641 0.646285 1.469614 0.019223 0.082530 117.608805
0.408601 7.188760 14.971388 1.123755 1.475232 0.022254 0.127934 96.453879
0.254290 4.168074 14.600829 1.334806 1.793417 0.027152 0.123981 121.617731
0.313318 7.147553 6.070913 0.600936 1.026183 0.024966 0.127396 86.856955
0.634304 4.293863 6.965571 0.896368 1.177145 0.020990 0.143375 115.142514
0.454867 10.491266 13.091652 0.655478 0.792255 0.027213 0.109827 142.138003
0.318735 7.263868 8.421383 1.595261 1.240612 0.015806 0.162102 115.065927
0.542741 8.654995 14.601062 1.703768 1.210275 0.024853 0.136129 108.379297
0.564215 7.908107 9.736032 0.704697 0.694231 0.018517 0.077477 100.223883
0.629231 6.667104 5.415732 1.008082 1.443483 0.023583 0.127984 79.245890
0.572018 5.018328 5.809330 1.192091 1.289152 0.024522 0.136274 126.485565
0.477268 10.603295 7.095749 1.423155 1.039924 0.017429 0.122910 90.595560
0.534331 10.391373 11.110796 1.714633 1.004339 0.025132 0.096253 128.660400
0.633059 4.413301 6.286147 0.932578 1.307190 0.016248 0.077611 113.836117
0.566823 5.071188 5.945766 0.756608 1.602081 0.018442 0.060772 139.675083
0.592573 7.414972 8.782240 0.590114 0.922136 0.031310 0.056297 75.968823
0.541542 12.277899 11.534059 0.851486 1.142218 0.031554 0.066236 131.068690
0.307077 8.490914 12.732578 1.608081 0.884361 0.014135 0.120360 142.600776
0.391297 4.800177 5.676713 1.165706 1.462486 0.027216 0.062646 91.450193
0.282515 5.149054 5.411374 0.931627 1.360394 0.028698 0.127351 131.044905
0.563592 7.316926 8.432267 1.325464 1.200581 0.019704 0.154180 143.719075
0.488701 6.738449 14.822530 0.953315 1.266168 0.026416 0.056291 112.441508
0.397874 5.253809 13.447045 1.558138 0.628247 0.019940 0.074481 101.985348
0.575287 8.333676 13.699153 1.127595 0.688524 0.031165 0.059945 76.077764
0.519192 12.192987 11.903887 1.669930 1.287738 0.028740 0.135387 110.122834
0.247254 11.257711 9.501757 1.419154 0.965428 0.028467 0.066750 60.662256
0.547229 5.100982 5.786996 0.697328 1.064941 0.016537 0.161754 64.609284
0.518233 6.349502 8.462236 1.535813 1.034572 0.031497 0.078660 128.029842
0.605569 7.598881 10.315463 1.209223 1.358513 0.025970 0.079139 107.169815
0.287541 7.829891 7.155455 1.153795 0.629891 0.022370 0.102737 55.249252
0.634630 5.982240 14.591298 1.318953 1.459658 0.028057 0.140443 140.978146
0.481089 5.091056 8.736604 1.468902 1.152230 0.025621 0.110723 129.862532
0.309481 9.469866 14.035554 1.152478 1.050129 0.025495 0.156227 116.939745
0.545912 8.703142 9.596261 0.595232 0.916982 0.027728 0.132018 53.250996
0.275055 4.876215 8.693488 1.629338 1.342561 0.028621 0.116275 108.500953
0.435139 6.690932 12.249765 1.080238 1.712995 0.021536 0.161604 111.026144
0.440373 4.226072 13.441887 0.687869 1.038120 0.020704 0.134059 109.156483
0.468842 8.591839 5.150951 1.354458 1.651418 0.025555 0.147095 94.210110
0.391568 7.802894 7.309556 0.994612 1.386552 0.013487 0.096270 134.907018
0.505357 9.909978 9.164221 1.646999 1.319633 0.011128 0.086696 116.496471
0.424440 10.992239 5.829574 1.507720 1.143172 0.016435 0.096945 65.696797
0.347589 10.115798 10.114899 1.579570 0.811246 0.031590 0.161772 79.008828
0.233184 11.108265 7.419741 1.312172 0.748574 0.018980 0.091743 53.836491
0.552406 7.945431 6.586508 1.164982 0.702562 0.024457 0.082716 106.343598
0.554638 5.428361 14.726643 0.606355 1.675002 0.030290 0.086160 114.143422
0.562062 12.206615 9.360559 1.229668 1.162634 0.026214 0.152457 112.758336
0.511966 10.234031 5.422328 0.879402 1.044647 0.017614 0.153964 112.430751
0.363573 5.874172 10.464327 1.630497 0.622053 0.020648 0.106830 67.028783
0.427008 10.265191 13.716812 1.540716 0.727147 0.023454 0.093449 140.844975
0.388967 5.097444 5.243504 1.084174 1.193895 0.028178 0.138711 111.223779
0.516744 9.523825 14.241860 1.044818 1.168157 0.018677 0.072672 123.683511
0.402652 6.336236 12.998922 0.810339 1.166481 0.014626 0.137851 48.447151
0.481041 10.966200 10.217436 0.704238 1.212160 0.021424 0.064737 60.928569
0.441880 8.486934 9.545750 1.437350 1.309037 0.021363 0.150915 67.272896
0.575247 7.193093 10.351793 1.582732 1.406524 0.027090 0.150719 108.453508
0.603580 7.414098 10.139364 1.714801 1.395511 0.024803 0.143396 90.595904
0.455699 7.565483 6.601926 1.058896 1.666990 0.017557 0.075515 136.020941
0.479480 7.296965 6.545368 1.216281 1.503417 0.022270 0.142537 57.724804
0.247635 6.366119 9.431687 0.656170 0.906163 0.013688 0.134360 74.111314
0.325285 11.128381 7.194308 1.088443 0.765405 0.020166 0.070459 55.373237
0.546668 5.810076 6.696661 1.310011 1.241663 0.031623 0.100541 71.497168
0.556809 7.400471 7.032786 1.396623 0.854198 0.019210 0.154991 133.132189
0.414388 5.387814 8.382772 1.345212 0.889999 0.020254 0.161815 53.820675
0.286083 7.541276 10.279696 0.956758 1.303850 0.030660 0.160186 132.527019
0.600476 7.120886 9.355492 1.438025 1.250810 0.015687 0.129644 53.958253
0.325245 8.387381 7.558835 1.634050 0.749248 0.023637 0.145344 79.034300
0.438649 4.446082 8.136808 1.497194 1.413180 0.029326 0.120348 71.616345
0.265385 9.921141 12.835719 0.856118 0.703925 0.023344 0.070613 133.505289
0.252030 10.206107 7.529496 0.637410 1.524815 0.027528 0.122879 139.745680
0.348899 7.901021 5.652834 1.048958 1.413482 0.012860 0.125918 90.456180
0.242059 11.085669 7.025769 1.647666 0.821509 0.011543 0.158386 92.730112
0.595471 11.779292 9.132152 0.668652 1.210119 0.014106 0.093046 133.982372
0.548701 12.282981 9.898680 1.023121 0.786956 0.031514 0.091609 119.767870
0.622429 6.889642 6.866848 1.027895 0.662405 0.010934 0.153133 71.533759
0.572457 11.560445 11.715313 1.328088 1.310919 0.011025 0.150259 78.556991
0.306479 6.253893 12.386879 0.681016 1.483537 0.016678 0.133752 64.702106
0.572250 7.340129 14.650320 1.305883 1.450187 0.026538 0.130775 59.630860
0.427188 8.387492 12.062613 1.543124 1.634188 0.025080 0.077757 103.713975
0.528691 7.665998 11.349552 0.802743 1.619619 0.031050 0.144577 123.048968
0.218449 11.486363 6.875209 0.906102 1.507037 0.030302 0.155444 105.640318
0.271415 5.583701 14.006919 1.308779 1.317822 0.015757 0.158959 117.883616
0.298354 7.797658 6.093621 1.398760 1.382418 0.030677 0.117343 111.587318
0.337069 11.989578 9.105173 0.878447 0.895567 0.021550 0.073965 127.720421
0.546854 6.388669 14.600452 1.246196 0.776180 0.023617 0.065676 84.514339
0.638196 11.845606 10.689739 1.685807 0.849764 0.031776 0.074828 101.045528
0.330367 5.506009 10.492134 0.720304 1.516273 0.018825 0.128184 56.528999
0.302195 7.846695 7.825951 1.276664 0.956275 0.016723 0.101675 54.798258
0.226272 11.372806 7.290837 1.391833 0.959176 0.027386 0.117720 77.938766
0.505698 7.294468 13.907418 0.884329 0.987606 0.019378 0.130121 92.056245
0.350015 7.607654 10.788682 0.723694 0.951429 0.019800 0.106000 129.634035
0.570317 6.887265 10.652713 0.790340 0.861196 0.013128 0.139002 84.862063
0.544126 5.235817 6.344898 0.734210 1.408174 0.014873 0.121201 75.345931
0.542404 7.289042 11.291894 1.337871 0.624998 0.022227 0.080044 87.463385
0.297036 5.715559 9.148546 0.790100 0.746529 0.019458 0.055871 131.279976
0.453904 9.930955 8.688965 0.900346 0.661774 0.016593 0.159731 112.203849
0.272789 7.109362 14.517829 1.627389 1.133841 0.027407 0.061754 134.546661
0.235374 10.984781 10.202080 0.739073 1.091807 0.020076 0.128299 117.614757
0.639634 10.072976 10.925060 0.789275 1.359988 0.023241 0.061373 88.985931
0.224129 10.049651 14.571469 0.903352 1.279756 0.026025 0.060807 102.960155
0.381016 5.076102 9.067958 0.785840 1.709417 0.024348 0.062505 118.968941
0.480295 12.149973 14.258859 0.601044 0.643411 0.011972 0.062819 60.027883
0.420955 8.872758 8.305720 1.296824 1.262565 0.023721 0.157160 60.566094
0.400295 9.369508 11.026089 1.287602 1.523204 0.020448 0.071360 78.385647
0.450946 6.194051 10.574595 1.199179 1.624000 0.025372 0.066123 140.087025
0.348029 4.278508 8.213072 1.728317 1.689705 0.024158 0.159487 72.494897
0.247746 11.238021 10.565838 1.728166 1.084878 0.031705 0.138596 107.813283
0.594980 5.084826 5.775106 0.708976 0.823133 0.011418 0.136782 73.183620
0.336194 8.193410 11.376504 1.287428 0.660606 0.026698 0.120176 83.836165
0.307573 6.034454 7.703971 1.140211 1.078613 0.029872 0.081373 49.022781
0.441305 9.651212 9.077137 1.265006 1.045625 0.026260 0.109787 142.400835
0.277267 8.470925 6.371904 0.699199 0.636707 0.027624 0.103085 101.122540
0.239513 11.337034 13.674958 1.062261 1.109916 0.026725 0.085278 106.297460
0.267022 10.972371 5.319122 1.127615 1.498833 0.030650 0.161958 71.044399
0.297890 4.824837 9.421224 0.866060 1.025073 0.024726 0.123088 136.578798
0.505068 8.107396 14.218955 0.809840 1.091769 0.029483 0.073868 111.478582
0.282254 8.576575 9.966034 0.818236 1.414864 0.030325 0.134947 138.816463
0.240112 5.705518 9.835652 1.633191 0.903251 0.025879 0.087717 58.528650
0.250013 11.008586 7.366673 1.456161 1.187494 0.011907 0.108423 128.228146
0.583338 4.456495 12.697064 1.240044 1.010754 0.011982 0.083586 143.832673
0.597168 10.184139 11.095432 1.307177 1.070572 0.016112 0.055811 117.346362
0.516877 5.533208 11.500099 0.738148 0.733198 0.029521 0.064205 103.467177
0.484202 11.950480 14.256972 1.407952 0.783936 0.029557 0.156944 123.384899
0.445386 7.315191 5.662865 0.760056 1.565642 0.029849 0.105666 78.148135
0.619584 9.806223 13.485296 1.047009 1.656268 0.018519 0.062272 141.602970
0.554013 10.572340 14.800970 1.551878 0.657545 0.022535 0.070188 142.356158
0.485856 9.234379 14.747628 0.805059 0.779198 0.030913 0.077239 109.058087
0.248741 11.914795 11.334672 1.237302 0.939864 0.026247 0.128575 116.777315
0.409987 7.893389 13.427489 1.337457 1.698241 0.030010 0.055938 108.783150
0.579414 7.972582 8.037950 1.532360 1.080688 0.021594 0.131841 131.955520
0.289026 9.728018 9.181973 0.602466 1.431413 0.014703 0.106677 87.536446
0.416921 5.695097 9.829994 1.732446 1.441949 0.024729 0.062171 79.194350
0.411155 7.186455 10.907096 1.435046 0.825256 0.028948 0.110099 108.693531
0.301807 8.772004 5.486500 1.329407 1.142860 0.019771 0.093040 84.560895
0.620106 10.477241 7.031264 1.733753 0.941644 0.027280 0.149082 119.988607
0.286175 9.471796 12.830171 0.952377 0.892739 0.026238 0.085155 124.329073
0.627562 10.489657 8.049589 0.699469 0.883558 0.022412 0.096269 126.818147
0.473368 11.184755 5.777982 0.893252 1.460383 0.024925 0.106837 79.219449
0.297992 7.557542 6.329656 1.621566 0.821594 0.014003 0.145232 118.984792
0.609570 9.372477 7.322476 1.475220 0.887112 0.026168 0.155542 115.544323
0.450301 5.953527 7.327702 0.844671 1.402510 0.016878 0.107158 119.534423
0.378820 10.918986 12.409956 0.922959 1.325140 0.025787 0.083321 67.044032
0.347333 9.118999 12.271735 1.593504 1.802119 0.025143 0.144357 133.374440
0.386947 10.734067 14.647044 0.880240 1.015447 0.020887 0.161233 96.854743
0.553950 11.018942 9.575914 1.129733 1.098536 0.029321 0.095284 139.521079
0.457461 7.999487 5.264440 0.672745 1.491118 0.018558 0.091960 124.576918
0.447319 6.298285 9.505381 0.938809 0.884912 0.015510 0.096464 79.524425
0.214392 9.103967 11.721503 1.093188 1.160866 0.014909 0.107010 120.437050
0.577052 9.207100 7.437834 1.126986 0.818670 0.016428 0.150774 61.371662
0.586052 11.863705 7.769737 1.458245 0.625984 0.016549 0.145276 126.509798
0.542115 9.900321 9.927003 1.379350 1.309018 0.024413 0.090920 56.484350
0.564868 11.383224 5.344571 1.615808 1.430090 0.024026 0.132369 142.463671
0.548329 10.983295 6.814654 1.679353 1.402614 0.017090 0.060841 108.531416
0.538850 10.188729 7.795751 1.681192 0.993083 0.025631 0.125968 54.980863
0.403427 11.256366 6.162375 1.640787 1.260994 0.015238 0.130975 69.251245
0.319261 7.347251 9.174544 1.643674 1.501913 0.015578 0.087583 99.194293
0.320553 9.814504 14.313966 1.611308 0.783428 0.020848 0.068116 118.688031
0.292931 4.913430 13.139200 1.418928 1.027501 0.024862 0.084521 107.186840
0.605216 7.932161 6.321810 0.940974 1.316531 0.020180 0.147976 84.809121
0.516831 10.426361 6.603356 1.655864 0.611083 0.027196 0.075784 109.333047
0.524080 11.583361 5.832176 1.625116 0.725623 0.020129 0.136100 60.202347
0.410301 9.045065 7.211012 1.204741 1.309314 0.031489 0.070630 106.279969
0.289338 5.972042 12.067860 0.763244 1.156624 0.021747 0.082262 92.571384
0.547349 8.994670 13.031607 1.180691 1.115985 0.030719 0.109079 100.701817
0.411152 11.441420 11.599525 0.631101 1.112564 0.012914 0.161792 139.161007
0.477953 5.660180 7.624724 1.652502 1.393224 0.014697 0.128663 104.638588
0.334438 4.365335 9.950086 1.359459 1.305958 0.015831 0.056528 128.950444
0.236537 4.990999 7.090800 1.673821 1.242914 0.021407 0.069918 116.904539
0.513877 5.471725 5.737974 1.585568 0.677065 0.019328 0.067264 50.242298
0.323836 5.539179 14.497637 1.036353 0.617743 0.021141 0.089553 67.780454
0.563646 8.784866 6.859653 1.431231 1.019921 0.018247 0.078624 79.488202
0.245683 8.466102 10.709935 1.539921 1.365026 0.028633 0.135583 138.270540
0.319031 6.133044 13.939440 1.621837 1.444189 0.018224 0.082076 83.596503
0.458291 6.819564 10.999616 1.311498 1.224807 0.011825 0.120770 124.379144
0.371905 10.337302 5.906758 0.758846 1.068705 0.022145 0.150398 57.461030
0.377598 10.162517 5.970585 0.881087 0.827242 0.028057 0.065949 135.026449
0.289727 7.673966 7.175379 1.428292 1.088105 0.011156 0.138792 75.530411
0.246120 10.855102 7.170966 0.971064 0.820006 0.017554 0.115421 133.816470
0.550668 6.289658 13.069263 0.949218 0.695231 0.014066 0.136082 99.605180
0.624032 8.437984 9.610196 1.081420 0.683877 0.018812 0.125919 52.479505
0.234284 10.940859 12.471845 1.407654 1.425794 0.022884 0.149768 139.305546
0.239836 5.474563 12.895848 1.719690 1.605915 0.018970 0.109296 124.945106
0.234209 7.341238 13.569328 0.715504 1.458131 0.028205 0.059841 97.522309
0.514331 11.689709 9.862937 0.602028 1.393185 0.024539 0.081700 102.230069
0.419435 4.924303 9.062632 1.400592 0.755439 0.010838 0.157523 115.187939
0.411919 6.348960 11.684614 1.275943 1.457218 0.027124 0.160996 119.164703
0.418111 5.047611 14.143727 1.135839 1.293767 0.019419 0.067444 61.845292
0.459987 8.454080 8.776629 0.983347 1.628636 0.019964 0.076832 142.261756
0.257798 10.009896 9.800530 0.906416 1.234094 0.020161 0.117367 119.340572
0.401445 8.257128 10.072404 1.379414 0.963945 0.014242 0.097579 57.312710
0.375645 11.027322 12.135368 1.685846 1.433984 0.022171 0.078102 76.460899
0.446206 11.665810 12.584508 1.370866 0.901202 0.020846 0.054414 99.473662
0.248148 5.797611 12.857265 1.704468 1.019352 0.018121 0.069678 66.101791
0.492071 5.546037 14.177012 1.529571 1.362913 0.023841 0.090643 112.911266
0.523107 10.404988 10.962837 1.462136 1.370749 0.017405 0.107586 120.247647
0.503866 7.840911 8.571136 1.451204 0.924165 0.020395 0.080674 126.424727
0.483026 10.543107 8.537942 1.087875 1.631638 0.026966 0.142563 115.347876
0.313162 7.457170 11.200614 1.213690 1.381644 0.014524 0.130579 82.496549
0.468346 4.188387 11.800872 1.382619 1.641582 0.021806 0.134238 106.349094
0.303455 10.538110 12.044115 1.308366 0.687557 0.025672 0.100804 83.103659
0.225687 8.572651 5.587165 1.536482 1.082543 0.026029 0.107948 77.591371
0.528299 8.952039 9.310993 0.824581 1.110464 0.020768 0.108660 48.919568
0.395101 4.463094 8.991827 1.487611 0.730076 0.022146 0.113130 83.061045
0.333065 7.218115 10.012060 1.546254 1.184581 0.018961 0.104716 57.277666
0.276693 6.333904 13.701567 0.653271 1.669930 0.017028 0.131562 111.873635
0.273993 6.562263 9.790479 1.488718 1.598326 0.027979 0.119767 143.440997
0.429150 6.876754 8.644303 0.974455 1.479648 0.012646 0.086221 140.159733
0.311543 6.054722 10.756720 1.408682 1.407329 0.019408 0.091689 62.176009
0.417203 11.395640 11.894703 1.245840 0.707253 0.022828 0.088672 117.993587
0.405296 5.140993 9.522513 0.850772 1.402877 0.029923 0.102564 138.379728
0.541028 5.859372 9.527955 0.688935 0.776708 0.011430 0.096280 101.322640
0.317247 9.098596 9.159600 1.480402 0.927696 0.019599 0.110326 125.565306
0.638761 11.199476 13.955035 1.026650 0.684166 0.014332 0.055559 75.196107
0.370345 4.182556 5.132519 0.634901 1.419021 0.026479 0.139080 52.406555
0.328168 5.868315 6.588863 0.963296 0.999359 0.019800 0.137520 134.019805
0.546832 11.198079 12.322175 0.607058 0.901311 0.015747 0.112570 48.165622
0.330679 4.288049 6.592593 0.596548 1.492205 0.011240 0.072258 106.705412
0.482293 4.229939 12.396956 0.823335 1.466943 0.031313 0.082945 120.823040
0.439766 9.607567 5.262904 1.440399 0.808824 0.020976 0.092335 126.913642
0.534010 11.102992 12.048997 1.725603 1.018975 0.025944 0.115278 94.199468
0.340040 5.251857 8.691681 1.054161 0.824112 0.022222 0.112910 125.022659
0.613909 5.026169 10.688699 0.914167 1.386216 0.015809 0.095366 75.029279
0.429132 7.214840 6.268465 1.695084 1.417458 0.024934 0.158841 92.785825
0.594018 11.205028 12.706083 1.474925 0.637204 0.014733 0.146112 132.055851
0.464897 6.246921 10.252565 1.051264 1.289482 0.027218 0.102857 77.977484
0.437398 10.064708 9.574622 0.923217 0.692416 0.013864 0.138669 66.391875
0.409813 9.159655 13.203248 0.984697 1.644726 0.025628 0.081433 129.584053
0.468397 9.474662 5.364473 1.178966 1.249355 0.017190 0.122491 69.784113
0.355463 12.335068 9.272498 1.662213 1.278888 0.011551 0.095243 100.767496
0.361989 10.945109 14.666428 1.667617 0.727613 0.026424 0.161067 118.604300
0.421217 11.891286 14.782854 1.168237 0.751149 0.017454 0.118722 92.755484
0.357056 7.038035 6.590528 0.864481 1.068474 0.014703 0.099118 103.535813
0.344247 6.899786 12.465268 0.771642 1.469505 0.018980 0.122732 112.443488
0.474791 10.544385 8.270262 1.212830 1.241164 0.021893 0.089813 130.597354
0.418469 7.398699 6.142386 0.831470 1.179080 0.022180 0.146966 100.664953
0.322823 6.252631 10.870289 0.985491 0.964536 0.017723 0.115826 66.677830
0.285200 10.129960 14.659725 1.172432 0.966743 0.027267 0.133937 137.728301
0.237652 6.327018 9.772345 1.674224 0.831183 0.020978 0.069591 82.883392
0.505180 7.461434 5.864799 1.380090 1.605656 0.021829 0.090876 114.703754
0.218977 7.249021 5.195468 0.587259 1.530139 0.017657 0.147245 51.874258
0.426659 7.873821 9.840669 0.709036 1.245426 0.030484 0.067025 129.824159
0.540120 8.864458 7.822382 0.674424 0.778474 0.016608 0.071263 111.114908
0.430493 8.033065 11.577334 0.712815 1.256583 0.029412 0.092234 108.598777
0.542318 5.399697 5.506021 1.534714 1.778825 0.023040 0.149933 142.114869
0.258519 6.717172 14.732499 0.999073 1.290778 0.022533 0.137897 108.024589
0.290083 8.933197 8.170976 1.263048 0.724299 0.025761 0.137546 128.555745
0.619000 5.447459 5.662264 0.617123 1.029468 0.028358 0.078996 75.833928
0.348156 4.651716 13.535833 1.165449 1.348830 0.022303 0.083467 128.646727
0.309761 4.166386 9.669560 1.625739 0.613548 0.018295 0.123076 132.488431
0.281324 6.902131 9.358852 1.332110 1.599050 0.031290 0.090515 102.513111
0.303236 9.521242 8.404798 0.847004 1.502353 0.025519 0.100055 118.070349
0.624767 7.054586 9.222957 1.591794 1.015026 0.010731 0.106683 132.449973
0.420230 10.787070 8.026584 1.084196 1.235779 0.016329 0.157989 70.235946
0.372820 11.529716 5.752994 1.697565 1.399152 0.016080 0.118038 141.847528
0.229541 4.910275 11.387949 1.364039 0.962336 0.026184 0.060607 67.628423
0.593700 7.217349 10.029276 0.886123 1.553918 0.013380 0.094241 129.609178
0.471116 10.393561 11.006167 1.461001 1.130029 0.022898 0.080327 84.409439
0.484470 11.489684 14.093850 1.582097 0.926652 0.031011 0.072116 96.051936
0.580645 10.821940 6.251235 0.703387 1.280165 0.019712 0.087160 57.459774
0.574398 9.907232 7.664595 0.728558 1.328243 0.014457 0.110834 135.692015
0.469951 7.005647 9.500878 1.574697 1.509151 0.029113 0.154701 69.727185
0.379476 4.678754 11.005191 1.387417 1.262816 0.020724 0.103379 89.678843
0.235369 8.625965 12.374342 1.246500 1.096034 0.024709 0.148767 57.922076
0.571513 9.009179 6.025112 1.306313 0.780900 0.021899 0.055946 59.732260
0.407494 7.423537 10.923116 0.981433 1.704812 0.018129 0.091214 130.764321
0.514558 4.500580 5.112836 0.734948 1.568320 0.018294 0.135672 115.643067
0.411036 6.645592 11.800892 0.591803 0.854482 0.020335 0.155201 114.525556
0.408337 11.530587 8.454774 1.699024 1.004383 0.030978 0.128121 63.571080
0.577893 10.604719 8.516850 0.951697 1.024214 0.024524 0.090108 115.317612
0.387521 8.975735 12.738594 0.586703 0.877961 0.030495 0.060223 118.867040
0.332793 11.324861 5.759692 0.703892 0.783104 0.029047 0.137390 115.666511
0.424162 8.437704 14.460322 1.208612 0.832093 0.014530 0.138006 127.265277
0.350877 4.852259 8.986904 0.878967 1.614174 0.023968 0.061457 120.156593
0.604001 5.040913 7.187436 1.236669 1.657844 0.016001 0.093036 103.879610
0.636300 5.866588 13.108507 1.439934 0.829055 0.025557 0.138458 67.271419
0.494204 5.893296 10.486426 1.244613 1.530410 0.029363 0.109533 89.295634
0.579705 8.422308 11.756465 1.131186 1.120632 0.029399 0.088155 79.397031
0.274267 7.179656 12.364308 1.415732 1.592358 0.027739 0.116879 78.813373
0.308873 4.134037 9.930250 1.021467 1.660234 0.030314 0.084168 124.731372
0.327927 11.228812 12.406448 0.988142 0.829445 0.014291 0.148259 119.404104
0.311515 5.036851 13.048329 0.593906 0.985600 0.013426 0.083234 84.984386
0.398357 8.294029 8.457756 1.041294 0.714627 0.014132 0.147691 126.820139
0.358998 6.555604 9.721070 1.091537 1.003748 0.026519 0.068787 64.339260
0.613010 7.526714 13.449993 0.610045 0.915115 0.020607 0.073542 87.082060
0.455958 5.889576 7.962035 0.694863 1.483348 0.027829 0.130731 125.109867
0.578949 9.343518 5.461773 1.186732 0.989457 0.011768 0.103540 69.373928
0.585338 10.336538 9.287222 1.596657 1.337253 0.020536 0.150516 54.068267
0.578366 4.420702 14.022277 1.032124 0.907990 0.018867 0.152688 138.232843
0.634305 8.890205 14.206017 1.395414 1.202902 0.011039 0.151800 127.029980
0.475775 8.351490 13.850885 1.533881 1.066303 0.020227 0.133127 115.132853
0.497950 12.023760 6.851181 1.490702 0.801266 0.019938 0.080495 122.165911
0.330422 9.682677 7.218760 1.743329 1.036369 0.019324 0.090993 136.391036
0.458371 5.251153 6.745082 1.390527 1.107796 0.011709 0.137952 78.179777
0.425189 6.115781 14.479228 0.663166 1.284762 0.029738 0.055067 75.686018
0.308357 9.139020 8.328566 1.543157 0.666662 0.031800 0.065015 128.989494
0.512654 11.394262 13.580166 1.605613 0.618862 0.020581 0.063903 120.001983
0.483194 6.201196 5.804313 0.973065 1.349442 0.029208 0.120203 115.956358
0.635345 6.290711 13.123245 0.991968 0.880142 0.022083 0.154831 113.690613
0.219082 11.587276 14.737250 0.976009 1.048204 0.022896 0.149365 69.362230
0.511102 11.596424 10.221187 1.457258 1.046640 0.030913 0.150475 118.242653
0.549655 9.924312 12.526163 1.175736 0.656596 0.014032 0.123893 51.074285
0.388106 7.732056 10.286227 0.709100 0.870107 0.031722 0.109719 116.894478
0.460832 5.219886 7.668684 1.532757 0.622748 0.013850 0.139887 125.260879
0.217378 8.995452 12.566796 1.210526 1.111214 0.025118 0.114304 115.658566
0.489244 9.369217 12.345539 1.599907 0.654787 0.027236 0.060026 59.233448
0.569068 11.254798 13.261224 0.685409 1.098817 0.027873 0.087846 83.941635
0.329023 4.318143 14.015976 0.713767 1.577657 0.029789 0.058981 133.222273
0.433571 11.316513 11.506073 1.117471 1.222938 0.021414 0.122492 140.341776
0.260084 9.562870 6.706699 0.770780 1.137632 0.013727 0.101607 123.530178
0.632220 5.193466 10.142834 1.192327 0.937360 0.025983 0.116575 137.979276
0.403031 12.219250 7.117310 0.635320 1.056204 0.026034 0.149707 95.146409
0.532597 6.662653 10.092078 1.202123 1.070027 0.024963 0.158052 114.535719
0.389354 10.345851 7.727531 1.593595 0.927736 0.018473 0.088155 53.457547
0.432562 10.008904 5.533898 1.368604 1.144942 0.027759 0.160348 130.530673
0.565024 4.501938 14.424832 1.712395 0.729381 0.018253 0.109531 82.485986
0.377940 8.355113 14.671474 0.896211 1.361479 0.015645 0.079206 142.781180
0.460875 5.435471 9.996602 0.773146 1.181181 0.019352 0.092165 139.956462
0.296794 6.119266 11.675286 0.913743 1.515904 0.025768 0.125928 58.688641
0.246950 8.316585 13.086860 0.740487 0.926828 0.020085 0.106243 56.534829
0.285961 5.898873 9.234835 1.349621 1.250852 0.021822 0.115164 106.899779
0.573099 8.639344 9.387611 1.492296 1.479707 0.018434 0.107440 142.204920
0.357367 9.295347 5.253153 1.191890 0.662008 0.018486 0.087836 109.246276
0.365466 7.883416 9.437270 1.671524 1.692572 0.030440 0.133632 132.469697
0.284028 9.717426 6.581882 0.934892 1.715927 0.023569 0.130996 134.701795
0.255966 8.168026 6.225296 1.584934 0.769354 0.011642 0.101952 120.851917
0.280307 8.880883 10.136934 1.387833 0.957752 0.025072 0.141730 131.999371
0.489856 6.393458 9.738254 1.642308 1.637418 0.016831 0.082773 90.448713
0.238763 6.592451 12.125508 0.621704 1.436511 0.031408 0.079970 143.272055
0.422326 6.200758 11.299301 1.562648 1.001688 0.015945 0.106005 56.973175
0.214071 6.073840 6.067991 0.912232 1.479565 0.019543 0.100417 124.445593
0.604161 11.928898 5.027840 1.277345 0.990864 0.022930 0.055083 68.788209
0.297773 10.391663 14.105753 1.456101 1.174206 0.027495 0.089866 116.536619
0.493474 8.640674 8.420112 1.482772 1.417912 0.019696 0.148161 76.718884
0.446653 10.310573 8.619017 0.833101 0.873879 0.013961 0.146009 132.259339
0.361478 7.802401 12.691153 1.743727 1.087225 0.030104 0.118490 122.819188
0.228231 6.206537 9.799283 1.217198 1.694966 0.010856 0.093359 142.169679
0.430676 10.377146 5.803618 0.595560 0.926268 0.027939 0.103931 109.812158
0.393861 10.245384 7.118331 1.236365 0.870125 0.011293 0.143340 139.914826
0.486198 5.732612 13.687894 1.100526 0.777869 0.018514 0.147526 84.310101
0.460559 11.556886 5.552925 1.424823 0.998397 0.020902 0.069021 52.454158
0.225293 4.753566 7.435891 1.360311 1.766580 0.030487 0.079770 142.072677
0.558149 4.303891 5.858930 0.587143 1.485548 0.019570 0.089862 91.475730
0.519224 8.210992 13.504639 1.360853 0.923297 0.030052 0.070840 51.847280
0.262831 12.163850 6.813454 0.708333 1.631258 0.020411 0.060217 128.149084
0.408180 10.998036 10.900511 0.981572 0.920611 0.017526 0.141260 107.457295
0.625740 6.426193 6.560295 0.632529 1.230020 0.019316 0.135328 86.215353
0.470633 9.387654 7.718445 1.522017 1.226733 0.014053 0.159349 108.679245
0.369001 8.339791 12.181857 0.923465 1.121189 0.031770 0.149058 83.597520
0.269948 11.884061 9.008517 1.003680 0.608182 0.014546 0.087094 123.395791
0.313174 9.221113 5.042529 0.789059 1.080098 0.021050 0.097658 107.047801
0.510936 11.212187 11.424580 1.482453 1.650743 0.017413 0.144424 134.701959
0.423483 9.594917 14.746231 0.744947 1.166911 0.022343 0.114836 109.736783
0.374883 5.818053 5.437922 1.668789 1.226359 0.028858 0.093829 143.440730
0.351787 5.763598 5.665220 1.003608 1.389405 0.024986 0.116927 99.294569
0.552796 5.351558 9.972407 0.877812 1.270542 0.011629 0.118501 70.634467
0.422466 9.554635 10.617776 1.408282 0.800220 0.029052 0.076602 116.444468
0.228919 8.772559 10.979837 1.580801 0.666400 0.020643 0.054447 133.164478
0.279967 10.759593 14.965372 0.805067 0.962083 0.013842 0.155391 110.157855
0.325448 10.192830 14.472633 0.706620 1.082931 0.021246 0.094397 88.259720
0.394921 9.160115 11.955984 0.840026 1.191103 0.031169 0.160532 50.821520
