25
38
38.2
35.6
30.4
41.1
21.5
27.2
29.2
6.6
12.9
56.2
15
14.4
25.9
60.3
15.7
10
34
12
11.8
17.1
26.4
17.1
23.3
22.8
32.2
17.4
11.7
14.4
11.2
8.5
15.9
11.7
36.6
32.7
21.6
31.4
39.5
40.8
22.7
30.6
26.4
18
32.5
49.3
25.4
31.2
10.5
39.8
17.4
16.8
37.7
45.1
20.6
42.6
19.3
33.3
12
11.4
36.3
57.4
13.3
41.3
21.9
5.5
25
13.7
32
44
16.4
14.1
20.6
38.7
28.4
18
23.5
45.4
27.3
53.8
39.7
26.1
63.2
23.6
16.9
40.6
11.7
36.1
24
9.6
18.7
23.9
33.2
18.6
7.2
17.2
10.9
21.2
41.3
13.3
11.3
57.5
45.7
29.9
42.2
16.4
25.4
23.8
12.6
14.1
37.8
7.2
40.7
19.3
42.7
8.5
24.5
41.5
14.6
10.9
21.6
25.5
16.6
30.4
19.7
23.2
15.9
45.3
10.8
45.6
59.8
17.3
31.8
60.7
41.7
23.4
13.9
14.6
15.2
13.8
17.1
13.6
23
20.5
21.5
18.5
19.3
50.3
18.7
39.3
32.4
44.8
15.6
21.2
37
15.1
19.1
15.1
5.8
17.4
20.6
60
11.7
33
16.9
31.3
10.1
39.2
14.4
15.3
12.6
17
17.4
18.1
41.5
14.6
22.4
42.7
50.1
16.4
15.5
32.4
38.9
37.8
22.5
44.3
45.9
17.6
47.2
22.4
25.7
22
10.8
9.1
37.7
46.6
37.5
19.9
15.5
14.2
22.6
15.1
10.3
15.1
57.9
13
36.1
19
21.3
43.1
21.9
24
37.9
13.1
5.7
28.9
16.2
13.1
18.9
14.1
26.1
28.6
27.4
30.5
27.7
23
18.2
12.7
30.4
45.4
20.8
16.4
35.6
62.2
22.5
25.5
35.9
11.2
20.9
15.1
47.1
39.7
31.6
16.2
47.6
10.9
22.4
21.5
14
18.3
19.7
33.5
15.7
18.7
40.1
35.3
25.7
17.7
6
23.3
62.8
37.5
12.2
5.5
41.3
29.9
9.7
32
11.1
30
27.4
46
14.2
15.4
40.1
6.5
29.7
14.5
38.7
13.9
20.5
52.5
27.7
22.9
12.6
23.9
37.3
41
27.3
12.9
34
21.4
38.8
8.1
10.7
36.5
15.4
31.6
17.8
49.2
10.8
15.6
24.8
54.5
26.7
13.3
8.9
21.1
37.5
26.1
49.9
11.1
12.3
21.1
31.7
20
38.4
11
46.2
19
32.7
20.6
18.7
44.3
14.5
19.4
38.7
19
16
13.5
42.6
18.1
19.1
17.7
30.5
15.2
27
33.6
15.5
32.2
52
17.3
31.4
31.8
37.8
47
22.8
11.2
65.2
18.2
13.5
48.7
27.5
10.1
15.6
28.5
39
22.9
15.2
37.9
15.5
28.1
33.6
42
59.6
9.4
31.2
43.3
19.1
40.8
12
26.1
40.1
28.6
25.5
55.6
18.1
24.6
30.7
55.7
18.4
15.2
36.6
12.7
12
18.6
33.4
8.5
24.8
47.2
20
18.2
18.8
24.3
15.6
10.7
12.9
33
30.5
14.5
56.2
41.7
17.2
13.1
12.2
26.6
34
25.5
32.2
29.2
23
15.7
59.7
32.4
30.2
9.8
42.7
12.5
41.1
36.5
20.5
27.1
28.2
28.4
16.9
19.3
18.1
10.8
28.3
42.8
48.1
29.1
12.3
26
54.8
24.3
19.2
30.6
43.6
14.4
23.8
19.5
34.9
18.9
10.8
16.9
19.4
26
34.5
25.7
32.2
31
28
18.8
47.6
12.8
29.5
13.2
31.8
39.1
21.6
16.5
64.9
32.4
38.8
45.2
19.8
16.1
20.2
37
19.8
18.8
26.9
43.3
22.2
12.8
42.8
11.7
5.7
16.1
64.6
32.3
8.9
17.3
15
29.8
12.1
41.1
32.1
12.1
12.2
22.2
27.6
45.3
18.1
16.6
20.5
8.5
36.3
35.9
36.5
8.5
43.5
19.4
8.5
49.3
39.4
21.6
9.1
16.6
9.1
14.8
8.3
24.5
25.5
27.9
30.5
18.8
34.8
22.7
8.2
16.9
39.7
12
55.4
15.1
36.8
32
27.7
43.2
10.5
11.7
14.8
23.5
12.2
59.4
33.6
19.2
40.8
21.1
11.9
6.6
11.8
14.6
12.5
18.5
22.7
28.7
21.8
32.1
29
41.3
13.8
46.6
20.9
37.8
16.4
33.9
24.9
37.5
38.3
52
37.2
32.8
49.9
12.2
26.9
28.4
17.7
49.8
27.5
9.8
11.5
25.2
31.1
22.7
27.2
23.5
17.4
63.2
20.3
21
22.4
27.6
16.2
7.1
13.8
36.6
36.1
20.4
43.2
24.6
31.9
36.3
11.2
27.8
19
13.6
20.9
17.6
15
27.9
23.7
39.7
13.6
26.8
27.1
17
15.7
14.1
8.6
13.3
11.8
12.7
35.4
42.2
14.8
9.4
28.1
14.6
32.9
21
20.2
21.2
18.9
63.6
28.1
25.2
33.7
14.7
23.5
21.6
22.3
23
34
13.6
8.5
25.7
18.1
37.9
12.7
10.7
20.6
51.1
9.9
18.2
19.5
16.2
23.2
12.3
32.3
7.3
6.3
36.3
21.3
20.8
26.9
26.5
30.9
25.6
38.2
13
19.3
35.9
16.3
20
30.5
14.3
22.5
19.1
11
29.3
13.7
11.4
44.7
19.7
31.6
10.9
20.4
40.1
11.9
10.5
16.8
25.1
15.7
24.9
17.2
46.3
14.2
16.6
10.1
9.9
52.6
21.1
42.4
56
35.7
11.6
22
16.6
24.8
44.4
11.7
10.9
27.3
50.2
23.6
28.7
8.6
27.1
20.9
58.2
15.1
41.8
20.9
29.4
18.7
8.8
19.9
38.5
23.5
15.8
32.5
9.9
17.7
29.5
18
24
30.3
12.3
13.8
11.6
10.8
13.8
22.4
20.8
11.8
26.3
28.4
9.7
43
47.2
20
15.8
10.5
10.4
11
24.6
35.2
32.1
28.7
27.8
26.9
20
25.2
27.3
13.6
36.2
33.3
21.3
40.4
27
19.8
34
22.1
6.9
36.9
43.3
11
31.4
11.3
32
22.3
14.9
12.2
19.9
5.5
13.2
19.8
18.6
6.5
50.8
14.7
43.9
21.7
16.5
14.7
26.4
34.4
24.4
16.4
26.2
32
13.8
21.6
12.2
23.2
10.2
27.8
23.5
32.2
46
20.1
8
11.6
16.6
12
65.8
14.4
39.7
25.2
24.9
31
22.8
48.8
28.7
13.6
34
26
9.9
46.3
35.8
13.9
23.3
25.1
35.4
30.4
12.1
23.2
54.5
27.8
21.4
20.2
20.1
24
9.4
27.6
13.5
56
8.9
22.5
22.7
31.7
29.6
31.6
28.9
21.5
11.3
24.9
20.5
17.4
8.6
6.8
31.7
11.2
54.7
10.6
23.2
22.2
15.3
27.3
23.3
36.8
23.1
13.4
15
33.4
16
28.3
16
51.7
22.8
45.8
43
19.3
12.8
28.3
25.7
7.4
24.7
29.5
20.5
13.3
16.4
21.2
19.2
12.2
20.8
29.3
25.8
30.5
25.3
19.7
34.8
10.3
15
11.5
26.6
29.6
20
27.9
23.5
15.4
36.8
32.7
14.2
24.8
45.6
12.9
26.7
27.2
27
22.5
28.4
32
22.9
21.6
35.2
8
35.3
22.9
16.4
45.9
54.4
36.5
11.4
34.8
9.8
41.9
15.2
16.2
55.7
12.4
21
20.4
20.4
28
35.4
54.8
19.4
28.2
24
16.3
46.6
12.2
12.9
49
20.1
38.7
27.2
12
42.2
33.6
17.4
16.9
8.3
15.4
28.5
16.2
17.9
23.3
22.8
36.1
20.8
15.5
7.2
21.9
11.3
24.2
10.4
24
17.7
16.3
40
40.8
12.6
31.7
8.8
33
46.3
14.9
37.6
20
16.9
31
16.2
20.9
32.8
58.9
25.1
14.5
20.8
11
48.2
47.8
37
28.2
53.5
40.3
39.1
24.1
58.5
20.3
40.2
18.8
11.4
34.4
14.6
10.9
65.7
18.3
39.2
31.2
24.1
9.3
10.1
32
11.4
41.9
18.2
35.9
12.3
21.9
39
8.9
58.3
13.6
37.3
8.8
10.1
36.7
15.4
30
20.7
14.8
15.8
22.4
10.5
28.6
22.2
35.5
10.9
12.9
13.7
35.6
43.3
15.5
34
14.6
18.9
25.3
19.2
53.9
14.2
10.7
30.5
34
26.7
11.4
25.4
29.6
21.3
22.7
11.6
35.3
15.1
14.3
16.4
21
24.7
16.1
47.9
8.1
21.3
34.3
23.3
10
26.2
45
17.7
8
19.7
25
31.2
39
58.5
46.9
8.3
16.4
19.5
10.4
22.6
14.8
25.4
19
15.7
22.9
26.1
10.9
20.3
22.4
45.6
59.7
28.5
26.4
11.3
27.9
15.6
34.6
25.5
16.6
36.1
17.7
28.1
12.3
31.3
37.1
11.4
59.3
62.7
46.5
10.2
20.2
17.3
8
19
33.2
11.9
11.7
11.8
23.1
42.4
32.9
28.1
13.1
60.8
20.5
41.5
10.4
27.8
16.9
24.3
26.9
55.9
35.3
25.7
38.5
10.2
24.6
49.8
15.3
46.9
50.2
32.8
19
25.7
63
31
32.3
16.1
15.8
23.4
44.3
51.6
20.4
17.6
