-0.758600
-0.179450
-1.121850
-0.774600
-0.697250
-0.608400
-0.414450
-0.957000
-0.644550
-0.777050
-0.676300
-0.436100
-0.588600
-1.075500
-0.754950
-1.044500
-0.672350
-0.990150
-1.194850
-0.570450
-0.632000
-0.390750
-1.430150
-1.007500
-0.723250
-0.586250
-1.221050
-0.531950
-1.077400
-0.707750
-1.401450
-0.400200
-0.307800
-0.546700
-1.010350
-0.518350
-0.444550
-0.520450
-0.519050
-0.863650
-1.174250
-0.971650
-0.436800
-0.853650
-0.853700
-0.279300
-0.791150
-1.346450
-0.451400
-1.238350
-0.918200
-0.497200
-0.468950
-0.596200
-1.427650
-0.688500
-0.617350
-0.956450
-0.783850
-0.345900
-0.741600
-0.512300
-0.628850
-0.542500
-0.530200
-1.028300
-0.870900
-0.565000
-0.412750
-0.336450
-0.615950
-0.433400
-1.279750
-0.357050
-0.768250
-0.829900
-1.237950
-0.554700
-1.060150
-0.975850
-0.920700
-0.497650
-0.511100
-0.834250
-0.405600
-1.079500
-1.157700
-0.646050
-0.154000
-0.632350
-0.501300
-1.056000
-0.291250
-0.502600
-0.780750
-0.764450
-0.751550
-0.990350
-0.711100
-0.410700
-0.573550
-1.009400
-0.866950
-0.568400
-0.778900
-0.515200
-0.856000
-0.843000
-1.002300
-0.803050
-0.902050
-0.948150
-0.947400
-0.580450
-1.112250
-0.302450
-0.467600
-0.384500
-1.391950
-1.619350
-0.359900
-0.706850
-0.330850
-0.568750
-0.532050
-0.727500
-0.678250
-0.590850
-0.735200
-0.359750
-1.192550
-0.372900
-0.696900
-0.680100
-0.725950
-0.871450
-0.461650
-0.836400
-0.739200
-0.292050
-0.721900
-1.228500
-0.521050
-0.607950
-0.663250
-0.862500
-0.713200
-0.188700
-0.145250
-1.035850
-0.573250
-0.496050
-0.752950
-0.816300
-1.093400
-1.255000
-0.572450
-0.403400
-0.424850
-0.656650
-0.588800
-0.682750
-0.930950
-0.543650
-0.646800
-0.620800
-1.060100
-0.510850
-0.552500
-0.745300
-0.844700
-0.632050
-0.564100
-0.394650
-0.930850
-0.499700
-0.892100
-0.485000
-0.700400
-0.632950
-0.846050
-0.398650
-1.232950
-0.484500
-0.379950
-1.543450
-1.245150
-0.801600
-0.395200
-0.418350
-0.789600
-0.599300
-0.378400
-0.412450
-0.554700
-0.645150
-0.508850
-1.271300
-0.438850
-0.310150
-1.061800
-0.415400
-0.205750
-0.613400
-0.413550
-0.455500
-0.703300
-0.218250
-1.107800
-0.425250
-0.416100
-0.885950
-0.605100
-0.455600
-1.443250
-0.642800
-1.070800
-0.676800
-0.657200
-0.921800
-0.622300
-0.548700
-1.510300
-0.696400
-0.223700
-0.270550
-0.642600
-0.421500
-0.868650
-0.932250
-0.608450
-0.587500
-0.619800
-0.606750
-0.721650
-0.534350
-1.045250
-0.686900
-1.068800
-0.519150
-0.427200
-1.329050
-0.575250
-1.152750
-0.725350
-0.308450
-0.368000
-0.618350
-1.257950
-0.647950
-0.488350
-0.869250
-0.388250
-0.850550
-0.533500
-0.947100
-0.309150
-0.743450
-0.573250
-0.521250
-0.840650
-0.153750
-0.879300
-0.322600
-0.479700
-0.523000
-0.606500
-0.913600
-0.462250
-0.557000
-0.584200
-0.679950
-0.670750
-0.482200
-0.899450
-0.437100
-0.620500
-0.448350
-1.579200
-0.405000
-0.513800
-0.984200
-1.045700
-0.310750
-0.776350
-0.914750
-0.646300
-0.297700
-1.003700
-1.721850
-1.418300
-0.511600
-0.885900
-0.226350
-0.920350
-0.731150
-0.900900
-0.777350
-0.617550
-0.576150
-0.803250
-0.732900
-0.402700
-0.896300
-0.547000
-0.537500
-0.340600
-0.954050
-0.527250
-0.801650
-0.485400
-0.314600
-0.920450
-1.225500
-0.743900
-0.621650
-1.664250
-0.939950
-1.006850
-0.875450
-0.328600
-0.258000
-0.238750
-0.886900
-0.617050
-0.284750
-0.318600
-1.342650
-1.021000
-0.560450
-0.886300
-0.359700
-0.632450
-0.693000
-0.443050
-0.413900
-0.559000
-0.594950
-0.786850
-0.566800
-0.794450
-0.619100
-0.574550
-0.740050
-0.572150
-1.435550
-1.430700
-1.202400
-0.813250
-0.884550
-0.225000
-0.153500
-0.385500
-0.266450
-0.572300
-0.403400
-1.382000
-0.984450
-0.673650
-0.615500
-0.530500
-1.188000
-0.770350
-0.482150
-0.413200
-0.818300
-0.495000
-0.299100
-0.637600
-0.175400
-0.969800
-0.772750
-1.281550
-1.401000
-0.287600
-0.594700
-0.362300
-0.373250
-0.617900
-0.529450
-0.691400
-0.667500
-0.516350
-0.638400
-1.107800
-0.546900
-0.453100
-0.533200
-0.410800
-0.768200
-0.721900
-0.942550
-0.647300
-0.607150
-0.562700
-1.403450
-0.469250
-0.639600
-0.827750
-0.480400
-0.697700
-0.431600
-1.076000
-0.582650
-0.799650
-0.428850
-1.243700
-0.165950
-1.127700
-0.900850
-0.992000
-0.475200
-0.820450
-0.763300
-0.875350
-0.514450
-0.383400
-0.434850
-0.944900
-1.066350
-1.126100
-0.990200
-0.673750
-0.920300
-0.310300
-0.630350
-0.532900
-1.273350
-0.325600
-0.409000
-1.186950
-0.284200
-0.946100
-0.486500
-0.318850
-0.816100
-0.488400
-0.753100
-0.957300
-0.638300
-0.855900
-0.200850
-0.549300
-0.509650
-1.210750
-0.734650
-1.421200
-0.469500
-0.851950
-0.506000
-0.577800
-1.340000
-0.750550
-0.562100
-0.345850
-0.390050
-0.343650
-0.630000
-0.668000
-0.886850
-0.298500
-0.499800
-1.626650
-1.153100
-0.503550
-0.200150
-1.156000
-0.645750
-0.566600
-0.746850
-0.593300
-1.464700
-0.260850
-0.679750
-1.054350
-0.286500
-0.649150
-0.445200
-0.527550
-0.575050
-0.408050
-0.608300
-0.679350
-1.257050
-0.438950
-0.367050
-0.298300
-1.054100
-0.577800
-0.847100
-0.964600
-0.410800
-0.640750
-0.446450
-1.381400
-0.361300
-0.622550
-0.966200
-1.090750
-0.582950
-0.865700
-0.617900
-0.949350
-0.843250
-0.601100
-0.513550
-0.519750
-0.819450
-0.423850
-1.057950
-0.630050
-0.556100
-0.588350
-0.598200
-0.504950
-0.732550
-0.309550
-0.479050
-0.381100
-0.559250
-0.714550
-1.187400
-0.382650
-1.271350
-0.583300
-0.472450
-0.984500
-0.358850
-0.416200
-0.725950
-0.268250
-0.411350
-1.045500
-0.856450
-0.431450
-0.482500
-0.495500
-0.727500
-0.365700
-0.650200
-1.026700
-0.448950
-0.723300
-0.920700
-0.834250
-1.068600
-0.548900
-0.953600
-0.197850
-1.442650
-1.097900
-1.432300
-0.393600
-0.832150
-0.368800
-0.652750
-0.374250
-0.763350
-0.499850
-0.949800
-0.926000
-0.761400
-0.263600
-0.523250
-0.915300
-0.613250
-1.035500
-0.607750
-0.396500
-0.528100
-0.737950
-0.352200
-0.591400
-0.625650
-0.794750
-0.656200
-0.575800
-0.550350
-0.931500
-0.655100
-0.538150
-0.772150
-0.602150
-1.072200
-0.647650
-0.758100
-0.574250
-1.694800
-1.263450
-0.179950
-0.848450
-0.477200
-0.245350
-1.120450
-0.538500
-0.906650
-0.629800
-0.547950
-0.585650
-0.724050
-0.394650
-0.617550
-0.877850
-0.539450
-0.786050
-0.775800
-0.592250
-0.633350
-0.760950
-0.379900
-0.742600
-0.518550
-0.196100
-1.154500
-1.038100
-0.345150
-1.008150
-0.395300
-0.740950
-0.590000
-0.519500
-0.555700
-0.870200
-0.511500
-1.268550
-0.820450
-0.378600
-1.001600
-0.608300
-0.995500
-0.776600
-0.767350
-0.726900
-0.230100
-0.360400
-0.703450
-0.248850
-0.800900
-0.612950
-0.551950
-0.702050
-0.794350
-0.507300
-0.513500
-0.730700
-0.828050
-0.759100
-0.319550
-0.580200
-1.181650
-0.915700
-0.531300
-0.869850
-0.970850
-0.967800
-0.459500
-0.566500
-0.593900
-0.687200
-0.445400
-0.839200
-0.881350
-0.607750
-0.977400
-0.326600
-0.389400
-1.085200
-0.441950
-0.815450
-0.336700
-0.342850
-0.492750
-0.630950
-0.746650
-0.483450
-0.340600
-0.284450
-0.561800
-0.551200
-0.298650
-0.417200
-1.496500
-0.391300
-0.801100
-0.661850
-1.250950
-0.500900
-0.488600
-0.716600
-0.484800
-1.361400
-0.608150
-1.384800
-0.644400
-0.678050
-0.425900
-0.322200
-0.820600
-0.978350
-0.758900
-0.953650
-1.264050
-0.538850
-0.731550
-0.967050
-0.639250
-1.646200
-0.434100
-0.621750
-0.836150
-0.625400
-0.675450
-0.958700
-0.531850
-0.541750
-0.999350
-0.524600
-0.240600
-0.548700
-0.830650
-0.438550
-0.330800
-0.712750
-0.647750
-1.158400
-0.490950
-0.692650
-0.983800
-0.216500
-0.731200
-0.509650
-0.642400
-0.211700
-0.651650
-1.192500
-0.605700
-0.428900
-0.355200
-1.374500
-1.042250
-1.436450
-0.699150
-1.453000
-1.188450
-0.652800
-0.202150
-0.921250
-0.873650
-0.517250
-0.774400
-0.390950
-0.724250
-1.390500
-0.588850
-0.949750
-0.640250
-0.458600
-0.729450
-0.457500
-0.867650
-0.451950
-0.928100
-0.284400
-0.755550
-0.446450
-0.446350
-0.848700
-0.295600
-0.509650
-0.452850
-0.865350
-0.976400
-0.499650
-0.648900
-0.595550
-0.668700
-0.690900
-0.387100
-0.588150
-0.627000
-1.089800
-0.823850
-0.480500
-0.968150
-0.515050
-0.574400
-0.457350
-0.872100
-1.411000
-0.446600
-0.482400
-0.607000
-0.510450
-0.450600
-0.829600
-1.501800
-1.002350
-0.697900
-0.581800
-0.337500
-0.754950
-0.651600
-0.613800
-0.370100
-0.459100
-0.839400
-1.050100
-0.671850
-0.423650
-1.229650
-0.230600
-0.687150
-0.651600
-0.714700
-0.912900
-0.373150
-0.790750
-0.600450
-0.938150
-0.650550
