9.961200
8.670180
11.655510
11.701810
8.251720
9.949990
11.873580
11.809030
12.163830
11.989340
12.260970
8.667580
13.259060
12.210440
8.568130
8.783030
9.251170
10.008930
10.151770
12.933820
10.404300
10.549760
12.412120
9.961930
8.957130
8.436690
10.616520
12.730540
11.072940
8.117480
9.333510
9.325430
9.890710
8.417870
12.283490
7.876360
7.783870
12.011750
8.700680
10.348560
9.669870
12.433030
9.330860
12.920750
7.097210
11.634860
13.080960
10.385310
9.466380
10.768600
10.334750
9.018130
10.868910
9.135640
9.604920
8.317580
10.120690
8.353620
11.222190
8.580720
10.228830
10.264050
12.263430
9.186360
9.002660
8.429090
13.102080
12.319240
11.645230
9.845600
8.713400
6.809980
11.256430
8.078340
10.336590
10.887150
8.933250
14.138640
9.026800
9.317810
7.349510
13.088820
9.689080
9.276980
10.921440
10.756000
9.598550
12.377770
11.317180
9.855630
10.202250
10.402290
10.183190
8.010320
9.812860
8.932360
10.418370
8.141220
11.861440
10.507440
8.418080
9.963580
11.130360
12.591520
11.141700
12.323700
8.410700
11.464290
9.755780
9.565810
10.121280
13.099110
11.719570
9.320550
11.300230
7.614390
11.470490
8.282550
12.992140
9.877190
10.878470
9.327360
9.552780
8.144860
8.953500
13.115000
13.153070
12.303580
10.979080
8.585590
9.903430
11.788400
8.811200
10.954230
10.175910
12.996100
9.241060
10.845910
12.182730
8.741180
10.316140
10.483050
8.321120
8.351210
10.084500
11.802470
10.714840
7.764860
9.991950
11.183370
6.916830
9.065850
9.735100
11.044240
10.669340
12.344980
8.957030
11.038720
9.507810
7.483140
9.710390
11.707790
11.904030
9.398890
10.941810
8.225790
10.614470
9.231900
9.852410
10.138940
9.918840
10.123300
13.198110
13.381130
10.946170
10.943140
11.297870
10.990850
8.045060
9.277710
11.428440
9.362250
12.776750
10.845000
11.408580
9.290080
10.276720
9.628210
9.850760
10.878220
13.186680
9.490180
8.972130
10.255820
9.912430
9.501550
10.127620
8.099630
9.687300
10.099210
7.054650
10.252590
10.249810
10.232670
8.346290
9.602570
8.333090
11.186150
9.435970
11.540890
11.359500
10.410960
11.887520
12.625040
10.061170
10.534420
11.467680
10.088170
9.401810
10.345400
8.597830
11.559900
10.327930
10.949780
12.461700
8.219750
10.417990
8.885720
11.149450
9.758370
12.143310
9.863520
10.288420
13.024990
8.196680
12.740390
10.667810
10.984860
7.887920
10.368310
7.617510
9.215160
11.242270
12.637600
9.113380
12.537500
9.471250
8.244670
12.498150
9.127900
12.602130
9.138140
7.565980
8.838270
13.115790
8.005130
7.239130
9.998330
12.884060
8.264690
9.234250
7.667180
8.751730
9.787840
11.207550
12.575700
11.135080
7.620970
12.845110
10.880780
11.103640
11.408730
10.321870
11.998220
10.299120
10.499530
9.746500
8.686750
8.214710
13.302400
7.642470
10.065880
9.985120
10.715710
8.284830
10.006590
11.020960
12.081690
13.274850
10.176850
10.904680
7.894590
10.118380
9.661210
11.535990
9.280600
9.131940
9.003480
13.213760
9.705510
10.920560
11.571330
12.638300
10.055620
8.206660
12.173830
8.974600
10.964210
8.232210
10.208000
12.931020
10.920540
11.699930
11.731550
8.900680
8.644090
8.029910
8.677440
10.116990
8.020380
8.722700
7.319440
7.843760
10.892640
8.408790
9.880140
12.841530
11.901580
10.008150
7.580820
10.853240
9.386460
10.404140
9.309960
11.047390
7.045300
12.770050
10.620120
9.568210
11.182190
7.102850
12.682550
7.978470
9.809110
7.232830
9.946270
8.711690
11.256410
11.116400
11.487240
10.223020
12.633910
9.678910
6.685710
8.360650
7.417210
10.821660
12.209030
9.775560
7.948660
9.905480
14.152220
9.014680
9.995220
10.961850
11.086760
10.873260
11.856300
9.216230
12.952840
12.421860
10.895440
7.142960
14.896450
9.214230
7.510240
11.337680
8.129420
10.928660
9.489950
10.250650
11.220480
9.728050
9.713360
10.513330
9.862590
10.192320
7.435500
7.717790
8.390800
8.551900
12.408850
11.781820
11.491150
7.490450
7.961640
8.035940
11.033350
9.413670
7.972310
9.244920
10.358040
14.490840
13.626010
11.146180
8.359790
10.478430
7.802790
11.552740
9.679920
9.976060
8.433320
9.338030
10.004700
11.969180
6.787110
9.192260
8.127640
8.633800
9.820190
9.393880
10.847500
10.748770
10.166880
10.722630
11.049410
10.901540
13.313490
11.529180
10.572190
8.811590
9.671310
8.060920
12.210310
7.817140
11.267690
9.565280
9.301400
11.343610
11.809030
10.932180
8.134690
8.065300
13.492650
12.846090
9.486380
10.786780
11.776100
11.645110
11.079470
8.831750
12.265250
9.108900
9.422840
7.967840
10.363040
9.380250
9.518530
9.806470
8.095660
9.789810
10.870260
13.331690
8.988420
11.242390
11.875800
11.849040
12.678960
7.660410
9.845980
12.939450
11.618630
12.481880
11.755650
9.820590
7.036660
11.652100
11.160960
9.785240
10.165370
11.375660
7.091240
10.018940
11.915520
11.809400
10.506070
8.150360
9.346340
12.091470
9.829920
8.675460
11.607770
12.693400
10.182200
9.360410
10.368800
7.333840
9.809570
9.396420
11.968680
10.110800
8.690490
8.893550
11.846330
12.666530
8.508270
7.695720
11.251800
9.530420
10.365970
11.073090
10.185190
13.221110
8.009210
11.075120
9.353810
9.395850
10.962400
11.382360
9.382010
11.540920
10.607190
10.042070
9.528470
9.142100
11.398700
8.669020
9.063330
10.394480
10.291210
9.533740
12.611030
9.289260
9.027190
9.899700
9.013230
9.060370
11.797000
8.981960
6.738830
11.644330
7.490680
8.549670
7.812380
7.626290
12.208100
10.022230
10.782250
8.497520
8.448800
10.072180
10.888750
9.297030
8.089410
12.274280
11.932870
13.062560
8.549080
11.766530
11.910660
9.353760
8.474070
13.587150
9.131030
12.031220
7.603150
8.604580
10.122320
10.745510
12.733650
10.519120
7.153410
10.681060
10.113000
7.249290
8.694480
12.092090
11.704990
7.797930
9.537910
9.634880
7.922000
8.720700
8.720530
9.969040
7.246090
9.712990
11.952610
12.589480
8.675790
12.095820
11.818440
10.148790
12.534820
11.672990
10.088580
9.045590
9.022900
9.922780
12.869030
6.929530
9.028170
9.201120
7.641090
8.511520
11.282040
13.606190
10.275190
10.916520
9.953450
8.908450
8.726530
11.373210
9.908650
10.532630
11.180870
9.561870
10.784030
8.396690
9.466540
13.138630
8.774830
12.472070
10.588640
8.793890
9.345410
9.389450
12.208770
9.071940
7.819030
9.514380
8.745510
10.670310
12.318570
9.450270
8.412620
10.158610
10.895350
10.218610
11.861210
11.609720
9.856100
11.661190
8.085040
8.886220
11.568810
10.136700
11.375870
9.399110
8.361680
10.728250
13.386460
8.220200
11.119140
9.194350
9.418580
10.579500
8.700680
10.205100
9.590830
9.365070
10.511490
11.048110
8.688170
11.415330
11.748160
9.778870
13.109510
8.887440
10.042240
12.229870
8.332550
10.278440
10.125130
11.729640
11.309190
7.360300
9.453100
8.223830
13.069740
10.069210
7.528870
8.877760
10.281600
8.280880
9.821160
10.509020
11.931590
11.211660
10.193160
9.376990
9.371020
9.094630
7.493100
11.355760
6.637180
12.712680
12.048490
12.329300
10.401420
10.884690
9.100150
9.772450
7.244440
12.370380
10.838100
7.792980
8.848830
7.473000
8.584920
10.275080
9.649540
10.989080
9.341460
7.837750
7.060260
12.507010
10.879360
8.492350
10.700920
10.309880
12.165550
11.496090
9.225590
12.337880
7.735230
9.611420
11.051980
11.537990
11.680640
9.470440
8.839240
10.442500
10.030010
7.451760
11.032470
9.151320
7.883290
8.553120
8.994830
9.107880
10.023750
11.771070
8.081590
13.778030
11.738430
9.623430
12.841630
12.870740
12.542320
9.990070
9.895600
12.873580
11.826790
6.756410
11.641140
11.395280
8.836150
9.651140
8.982170
11.001340
7.659770
10.909740
9.637170
12.535180
11.523590
8.738390
8.997450
9.310120
11.549260
11.305450
12.219390
7.937680
9.951030
9.813140
9.263200
12.968990
10.575210
7.978170
9.306180
10.726800
9.195580
10.499840
10.311570
12.053510
10.305150
10.283460
12.252830
9.679500
11.166260
11.831440
8.542260
11.756570
8.059840
10.015940
9.614110
8.456530
11.525980
8.075860
8.734360
10.641300
10.351390
10.442300
9.617700
9.971810
9.245990
8.318110
10.419060
12.464920
10.073680
11.767440
12.432080
10.725860
10.527250
7.282740
10.262020
9.797940
10.664390
9.551090
11.055170
