0.572250
1.907250
1.527800
1.403500
1.119200
1.081000
1.459200
1.178400
1.700300
2.098150
0.716300
1.066950
1.315900
1.485650
1.501350
0.801850
1.146450
1.811250
1.214450
1.287050
1.975250
1.143800
1.720050
1.702250
1.419200
1.514950
1.003750
1.162850
1.584600
1.055350
1.009150
1.340800
0.776900
1.695000
1.319000
0.615900
1.229050
0.874100
1.829450
0.659200
0.973900
0.966550
1.192250
1.687600
1.549250
0.897200
1.640300
1.840900
1.198900
1.680650
1.465000
0.997700
1.599650
0.727450
1.232300
0.945150
1.459150
1.561600
1.233250
1.511400
1.955600
0.783700
1.315650
2.009650
0.886650
1.212700
1.460400
1.428350
1.447850
1.196400
0.701000
0.898900
0.662850
1.148700
0.706850
2.098650
0.630300
1.816300
1.050550
1.767200
1.293250
1.642500
0.893050
0.972650
1.299750
1.780400
0.857950
0.833200
0.570400
1.330850
0.771550
1.133300
0.883250
0.858600
1.297700
1.291350
1.358550
1.337450
1.496350
1.343450
1.458550
0.918550
1.372900
1.628400
1.353550
1.235000
1.900650
1.366700
0.507950
1.473100
1.285900
1.112600
1.130900
1.134850
0.783850
1.418700
1.946650
1.244700
1.402700
0.720550
0.618000
0.658250
0.823850
2.192800
1.303500
0.866200
0.681700
0.814200
1.531600
2.423050
1.256000
1.142100
1.161550
1.886700
1.120050
1.328300
1.071650
1.178350
0.941200
1.980550
1.487100
1.678000
0.856450
1.288900
1.427450
0.781300
1.473550
1.484400
1.506250
0.902800
1.386400
1.111350
0.524750
0.391200
1.413350
0.822200
0.863300
1.102750
1.127250
1.439850
1.302800
0.705800
1.197550
1.040200
0.674250
1.507250
0.963750
1.260550
0.960050
1.225700
1.342100
0.779000
1.259450
0.941850
0.963300
1.688500
1.090750
0.806500
1.011350
0.590800
1.319950
1.245650
1.329500
0.504300
0.808050
1.451250
1.012650
1.441000
0.688000
1.339400
0.890150
1.468000
0.877650
0.789700
1.389800
0.891950
1.143200
0.822350
1.395800
1.049050
1.018350
1.795500
0.875850
0.669400
1.283600
0.984300
0.923000
1.747350
0.845500
0.746850
1.046400
1.322100
1.320250
1.919600
1.194650
1.275800
1.089700
1.349050
1.365400
1.942250
1.392250
1.331250
1.060750
1.245750
1.213500
1.024000
1.002350
0.659750
1.327050
1.262800
1.483200
0.735150
0.927350
1.134350
1.065700
1.436100
1.414450
1.070200
1.378250
2.411900
0.964950
0.631050
1.805600
1.416700
0.865450
1.535800
1.300500
1.154550
1.333150
0.741000
1.108500
1.384650
0.955050
1.009150
1.321550
0.562000
1.521350
1.139650
0.850450
1.060450
1.653100
0.851800
0.597650
1.266250
1.394550
1.067050
0.886250
1.190750
0.861800
1.248550
0.841850
0.899550
1.750450
1.198850
1.193300
0.674400
1.185650
1.127550
1.130850
0.624900
1.373200
1.661000
1.584400
1.296050
0.999450
1.337700
1.343250
1.438550
0.482500
0.790750
1.348800
1.736050
1.230200
1.963250
0.915550
1.426600
1.579350
1.200550
1.046250
1.051050
1.009050
1.311450
1.589250
1.097250
1.415400
1.669150
1.238400
0.728650
1.108550
0.553000
1.551900
0.943550
1.436900
1.188600
1.067250
2.100350
1.067300
2.302550
1.229200
1.586650
0.927250
0.605050
0.985450
1.234000
1.481150
0.813900
1.133050
1.577050
1.823450
1.088400
1.878950
0.626050
1.112600
1.652750
1.341850
1.480200
1.344500
0.863550
0.679000
1.205250
1.055250
0.936850
1.198250
1.310600
1.167150
0.913850
1.447700
1.576850
2.224200
1.962750
1.554000
0.768450
0.613850
0.566500
1.660500
1.344400
2.161750
1.421250
0.564550
1.095850
1.772150
1.344250
1.371450
1.397250
1.243800
1.182000
1.156450
1.041550
1.602550
1.996150
0.795200
0.874900
2.401300
1.078100
0.618450
1.116450
1.031500
1.069200
0.800000
0.570600
1.017750
1.157950
0.690400
0.986050
0.668900
0.922000
1.331700
1.009750
1.724750
1.361400
0.744700
0.762500
1.211650
1.864800
0.811800
1.175550
2.463700
1.190600
0.928300
0.690000
1.438750
1.114300
1.308200
0.825500
0.773300
0.804800
1.541450
0.784900
1.477100
1.978550
0.948950
0.688250
0.720150
0.983450
1.072300
0.820050
0.964900
0.965950
1.615500
0.933650
1.775800
0.909500
1.522800
2.000150
1.538200
1.078200
0.934250
1.244250
1.351700
0.737350
1.648900
1.155250
0.729100
1.723200
1.411850
0.998450
1.512650
1.336400
0.830800
1.038800
1.219400
1.217950
0.615800
2.105450
0.984700
1.263100
0.853350
0.972550
0.834650
1.972500
1.124350
1.154250
0.749000
0.846750
2.297950
0.802850
1.025100
1.296300
0.554350
1.102200
1.022100
1.469300
1.536600
0.832300
1.520600
1.958500
1.506100
0.883350
1.822900
1.020200
2.146250
0.971000
1.629450
1.736250
2.211650
0.704700
1.292900
0.617400
0.793200
0.734650
1.264100
1.183750
1.720350
0.801250
0.737950
1.646150
1.394400
1.014100
1.352600
1.156150
1.624850
0.636800
2.027900
1.682500
1.396650
1.142300
1.639450
0.824650
1.683400
1.194200
0.862950
0.776800
1.220400
0.911300
1.860550
1.459250
0.682050
0.861100
0.952150
1.111250
1.086000
0.930000
1.031350
0.834850
1.117450
1.461000
0.730850
1.496550
1.840850
1.049900
0.745300
1.113350
1.740850
1.098750
0.943900
0.905300
0.635850
1.908400
1.837600
0.839500
0.805800
0.869500
0.910800
1.058300
1.075000
1.287450
1.496950
1.989550
0.642700
1.998250
1.567950
0.826450
1.785450
1.573050
1.664100
1.160100
2.308150
0.761300
1.002450
0.736000
1.153150
0.613950
1.352250
1.404900
1.033150
1.494650
0.591000
1.655700
1.118550
1.303250
0.796750
0.955800
0.749850
1.517600
0.876600
0.571500
1.081800
0.978750
0.819450
1.318100
1.501350
1.257850
1.628750
1.178450
1.232650
0.975250
0.978350
1.151150
1.253050
1.020050
2.162900
2.188500
1.174450
0.758450
0.738900
0.793600
1.990700
1.445250
0.967050
1.082300
1.676500
1.097300
0.988250
1.434800
0.750850
0.843900
1.727450
1.052300
1.193750
0.925300
0.998500
1.969200
1.060250
0.605000
1.768150
0.942650
0.880850
0.838400
1.467700
1.284400
1.625350
0.764500
1.609600
0.643200
0.919900
0.785600
0.960950
1.022850
1.711500
0.883450
0.988550
1.714950
1.074950
1.082450
1.525400
1.144450
1.335150
1.245950
1.577150
0.505850
0.897050
0.846050
1.251650
1.350850
0.876400
1.495400
0.856050
1.868850
1.412050
0.930950
0.623150
1.946650
1.258600
1.149950
1.247250
1.043900
0.825300
1.028300
0.820550
0.793150
1.221800
0.708500
1.102050
1.089550
1.581900
1.177600
1.478650
1.970500
1.076500
1.090600
1.575950
1.076650
0.735500
0.954450
1.131550
0.724200
0.678900
1.282200
1.297550
1.228250
1.050550
0.987800
0.812550
1.631000
1.296350
1.036550
0.762000
1.054900
0.882250
0.766250
1.321750
1.355800
2.363800
1.063400
1.193350
1.233500
0.789600
1.563500
1.176000
2.120150
1.811700
1.262900
0.993650
0.623700
0.904350
1.794700
0.679700
0.765100
1.285600
0.965300
0.958100
1.435400
1.251750
0.678100
1.139300
0.978050
1.679900
0.695400
0.944850
1.738750
0.955350
1.494250
1.502400
1.029250
0.746550
0.930200
0.794900
1.049600
1.598700
1.389900
0.830300
0.684250
1.402300
0.768200
1.089650
1.659550
0.764800
1.482150
0.942350
0.796400
1.038600
1.147300
0.878950
0.798550
1.939700
1.889800
1.395200
0.963850
1.639750
1.580400
2.233400
1.394000
1.005500
0.851800
1.120300
0.892200
1.541800
1.296700
0.996700
1.261350
1.510250
1.421950
1.043650
1.107750
0.807600
1.064400
0.827000
1.581200
0.547500
1.980800
1.023150
1.015150
0.947950
0.868050
0.663900
0.814500
0.782500
1.369200
1.062600
1.483400
1.082250
1.177600
1.005850
0.668750
0.945800
1.153700
1.880700
1.340050
0.798900
2.020900
1.237050
0.905750
1.114500
1.635700
1.951150
1.702200
1.148450
2.143950
1.262600
1.510900
0.828850
1.347200
1.168100
0.964000
0.637700
1.275700
1.328650
1.491050
1.364700
1.059400
1.184450
1.256350
1.105900
1.304250
0.898200
1.278750
0.607000
0.987800
0.884100
1.131050
0.754100
1.320850
0.945750
0.779400
1.199850
1.855600
0.826950
1.523050
0.999800
0.981000
