8.76705
34.7471
43.1273
15.369
13.9252
16.3677
9.0082
18.0035
12.6835
6.68531
23.4088
34.5031
37.5375
8.78754
7.43092
39.0568
19.6384
6.95741
33.2299
25.8735
14.2305
7.61058
14.5439
8.56028
11.7343
16.7361
54.1592
23.2906
12.2278
7.25428
11.1136
15.0031
8.3976
22.4037
39.7292
14.8469
15.929
24.942
27.1455
34.9433
12.9459
41.502
11.2616
32.2021
28.8307
19.8989
4.58475
22.9497
6.20824
17.9633
8.48875
19.9418
16.4174
22.9935
12.7675
22.8086
22.8406
11.4834
31.8651
24.6442
31.1145
33.7474
18.3665
27.9855
23.0002
7.51063
23.7723
7.70248
16.5821
44.38
15.2739
9.67889
13.0366
43.2164
10.6663
18.2854
9.26977
17.2614
30.3332
24.2044
53.7311
29.7913
7.76429
42.7923
11.9917
15.3122
8.13326
15.0479
12.3796
16.4005
30.8482
13.5672
6.88122
7.69494
24.1529
7.38693
10.5474
19.3662
20.4752
12.7612
6.40174
36.5592
17.9395
22.3791
17.7006
11.1283
10.8363
30.5534
19.8287
13.0274
38.8391
3.83166
7.82629
28.0707
14.5743
18.8726
18.9954
37.2226
27.316
8.33635
13.9438
6.89312
12.4743
24.786
10.3318
14.5443
33.4892
17.7871
8.90944
15.7897
28.9715
9.22258
30.6957
21.8165
10.3591
6.99407
30.1298
8.75268
13.8342
10.317
14.7523
27.047
29.812
14.2265
12.6136
25.7065
16.0042
27.7281
22.3158
14.6652
31.9344
35.5804
9.81898
22.6144
17.7883
7.97893
26.5652
11.038
4.17496
12.0319
31.7759
25.0659
23.4493
39.7221
9.67634
19.7562
8.59546
14.2844
7.3472
5.74102
5.39085
13.0426
34.5126
9.31704
38.7538
20.0135
25.323
11.7153
15.2478
11.0298
12.4528
27.5659
26.0157
23.2709
10.9299
15.5656
45.6502
7.85226
24.6052
26.3306
27.5368
11.3769
21.6236
6.67179
12.972
33.9568
20.575
13.0877
13.333
8.73684
35.8882
23.7495
9.35646
7.28265
17.6306
10.5805
7.87853
13.3729
23.1586
24.3747
23.379
36.0931
41.2482
18.0194
6.46699
26.5954
17.5288
10.8919
44.0118
8.33365
16.9583
18.2583
17.3637
30.6875
13.894
10.4218
14.1323
23.7011
8.83356
18.3452
18.3155
10.457
35.7535
16.791
15.385
30.8763
27.1314
13.4799
14.7611
19.9057
17.8532
32.3448
26.1514
39.2615
15.9389
13.1166
11.7562
15.1034
28.7108
28.1674
9.17818
14.0209
12.8757
10.8008
17.4529
15.714
43.5735
14.608
8.45741
23.6078
16.5764
40.3475
16.7869
3.67646
17.6834
38.7583
18.2882
14.4321
4.99575
16.4787
26.4987
36.4572
8.91545
10.3896
16.091
8.02665
51.1928
12.6754
20.576
17.0773
9.81409
23.6092
16.5179
37.7554
9.49171
18.4554
7.93837
31.6742
9.99517
20.036
53.4886
7.32651
14.9728
6.77972
5.25981
30.7249
8.51668
17.0704
13.7804
21.4588
5.94106
10.4542
10.1994
15.3949
36.765
7.05365
7.5671
16.3389
14.9917
10.2675
18.6431
7.45051
14.5603
10.4259
31.0319
12.153
16.3173
35.8613
38.7919
11.7603
16.5838
15.8133
9.92458
27.9906
49.5076
19.1768
19.2643
14.4697
8.9653
13.1368
25.8484
14.4104
12.2213
17.0911
15.6821
29.5801
10.7536
36.7323
9.46091
17.6825
11.82
23.4299
25.1339
19.7031
15.9044
7.38567
34.8862
4.15783
33.1989
45.6608
26.7633
27.0672
14.956
3.92802
6.59135
16.3341
31.6155
11.9124
12.6858
24.0823
15.5582
15.908
16.4226
11.5727
45.0161
5.65768
20.0949
43.3483
13.8628
51.1779
28.9253
11.3753
14.1688
31.4469
48.1185
17.0366
20.3368
43.7167
13.0556
15.7058
11.5108
12.8085
26.5725
10.6328
9.5997
14.2016
21.331
47.7262
25.2817
31.4273
25.3679
26.7778
23.3503
20.7017
14.2984
4.49919
8.39501
30.4939
26.7613
9.70595
14.2987
17.6611
10.2912
10.258
10.9962
40.7332
21.5451
28.0988
14.0389
27.2652
10.0456
29.743
15.7694
7.29923
20.1661
14.6224
17.2658
10.4095
29.3921
16.0168
32.6195
11.9602
10.8953
19.9617
41.335
31.6787
6.29439
10.645
46.434
19.7475
22.7209
13.07
6.07405
9.18144
29.2535
14.6054
7.2659
15.3951
15.7524
12.5571
8.58747
21.9952
29.902
13.6887
12.231
15.3075
31.308
19.4798
16.5926
6.9109
14.3052
54.6978
13.3584
8.14888
30.4743
5.98426
31.0952
10.1296
20.7641
14.4252
15.6624
17.4384
24.4967
30.5273
31.7605
35.2864
15.07
6.47445
12.7329
24.8678
25.0476
12.2851
12.8589
19.5089
28.5272
3.9175
22.9373
26.3551
14.1469
7.89856
27.1934
9.13365
3.22092
8.4486
13.5785
17.8226
6.84622
20.2656
30.5127
46.1395
7.17473
10.4456
37.223
53.3939
12.4199
15.4514
14.7178
20.188
19.3377
39.7916
52.3917
7.84605
23.1046
14.9754
6.99661
11.2722
11.4931
11.7572
13.9281
25.1267
30.1021
43.6421
8.08
11.7347
22.8844
23.0949
25.0992
7.61084
22.1857
14.2422
8.03631
33.4011
53.3937
17.5637
15.7281
14.5518
16.4805
48.6941
19.838
35.6779
32.6319
10.0862
24.3391
15.9135
13.3413
6.87598
15.5017
13.8187
7.73068
18.0464
5.20081
33.8601
11.9995
19.5881
14.7964
9.34276
14.6154
54.2852
30.9192
27.961
19.559
33.9604
27.4971
20.9462
9.63609
11.9402
7.99877
26.0462
26.4516
46.9112
23.8757
27.6496
11.9943
16.699
30.0077
7.48232
9.2673
19.011
43.8249
35.6671
9.62556
22.5716
23.1776
19.4464
10.0613
12.8234
33.3092
23.1273
8.44256
35.5955
17.9862
18.5051
15.315
12.1796
31.5271
5.65298
19.3483
44.0952
14.9297
20.674
30.0226
45.1475
34.8978
12.5038
20.0382
21.6382
9.84346
10.9454
7.66648
5.77225
8.29735
25.0943
13.0923
32.3623
11.3343
22.7228
37.421
8.83116
12.4068
7.57476
45.0268
33.3058
6.77706
10.1018
26.1707
13.9094
17.9129
15.3903
15.8937
13.2805
19.5155
24.8793
16.4518
31.103
6.60649
15.0845
25.1648
18.7417
9.59467
11.0989
6.29138
20.0954
38.5758
9.05973
10.5767
18.7183
7.13197
18.1441
39.2008
31.6487
19.918
14.3372
44.9186
16.2327
16.3582
24.2116
9.36909
17.1564
16.0507
15.4196
20.9569
15.001
10.2394
39.0424
21.0548
9.97938
22.6579
26.615
12.9182
8.58402
16.4145
9.69323
6.51004
6.38223
18.3742
7.3028
11.8994
7.94596
21.4133
6.41422
18.8828
22.947
13.2282
12.7266
11.8119
10.717
25.6596
11.0209
23.2184
15.4433
7.16311
8.98207
20.6817
12.4956
14.7426
32.0429
15.2579
14.5027
18.8111
10.9679
17.8977
5.87973
43.6157
17.6805
11.3315
9.62379
30.4875
12.274
9.09155
8.31034
36.8435
33.8505
8.82859
15.7838
8.05387
14.2568
24.8331
11.7142
6.20305
12.5203
8.31791
37.5299
6.69791
19.6129
41.7731
7.52121
27.1119
15.4592
7.6911
48.0072
35.067
8.19808
26.3565
10.0332
21.5338
12.1267
48.3593
16.6375
23.0341
7.97383
20.1191
5.12716
7.93523
17.5255
36.4757
33.4314
7.27554
12.6159
25.2799
7.06712
18.7641
24.1845
8.61419
11.1281
15.5754
5.43597
17.7946
17.444
22.7642
12.789
29.8681
15.1402
7.04296
11.834
42.4842
33.0517
11.2399
20.2513
28.4309
9.1104
24.1529
15.211
15.1917
31.0399
16.3562
4.86379
16.9605
29.7455
29.9836
32.7507
13.3469
10.4692
16.4538
5.11099
42.9779
12.3315
6.52573
33.5827
10.9536
22.6773
15.8603
48.6712
12.4044
38.5446
32.4378
27.3392
31.3265
21.6121
20.8694
22.5365
15.1666
26.6491
24.8801
22.7063
15.0264
9.99406
14.1602
12.6714
15.2301
12.7437
23.235
54.8724
6.79444
18.2492
34.302
10.7839
9.07963
20.1207
25.883
17.4725
7.52066
27.8993
11.9149
20.9718
32.896
45.5753
7.69797
30.2686
21.5841
18.0964
20.64
40.3334
26.4384
12.8546
13.2305
36.3635
13.0714
21.7687
20.1519
53.04
10.8219
11.2022
28.6403
6.99491
14.6456
18.1076
20.8803
31.4821
19.1524
23.5118
9.42696
10.1219
35.8292
20.7564
19.8594
25.9754
36.0118
7.65213
29.1752
16.3274
10.2866
14.6551
9.9501
12.5469
25.4356
11.0092
9.57435
18.4214
16.7695
12.0407
20.5775
29.6556
9.59269
11.155
15.1733
18.9645
15.6769
7.40159
35.8757
11.1253
45.1997
10.5434
40.5595
12.1893
7.83971
26.9689
32.5321
20.3837
6.37368
11.2595
21.5128
21.7266
13.7053
34.3015
13.7596
8.05758
10.545
7.03735
27.4726
19.2044
20.7578
20.4205
16.8951
25.7721
6.16373
18.0466
5.77426
10.8215
13.3872
21.7277
18.2678
11.7817
11.6855
40.5421
15.2022
13.734
20.1946
13.4113
10.8279
24.4384
13.8542
14.0227
11.7235
27.9459
13.1059
28.6828
13.458
18.6343
7.97133
10.0579
8.69524
23.1091
42.031
15.3488
19.135
25.0062
32.9378
10.4302
31.4587
13.7407
7.11963
38.06
34.9226
32.2044
18.4753
26.6782
24.5961
15.2566
41.0149
14.3647
20.7195
20.7565
37.7556
16.5416
21.2301
23.6995
33.8937
9.18022
14.2659
46.1462
11.5931
43.696
14.372
12.088
6.69313
6.41253
13.6112
20.7946
21.6804
9.67558
4.58693
23.4828
27.0013
17.8256
8.49925
8.77999
8.0786
8.14257
32.1129
16.3106
13.6949
14.2852
26.1197
12.3952
29.459
25.0999
17.084
8.74563
14.4361
19.376
7.68331
17.222
10.256
14.6917
27.3379
7.17067
9.85533
37.4522
18.7622
22.1693
10.1865
16.0336
14.2011
38.6082
38.1433
14.2346
13.1058
22.1818
9.91532
12.1714
26.7377
31.9624
9.15419
40.4003
10.3784
9.44814
14.6436
19.3502
35.9549
27.6332
13.018
38.3218
8.02858
23.2448
18.4085
8.564
16.227
5.53815
35.3286
32.382
17.9572
9.7078
25.6077
47.3082
5.65265
38.7526
18.3037
19.2937
10.8286
24.1605
30.1399
21.6875
22.9469
14.9899
10.7715
7.67613
9.89895
6.58481
29.519
38.5852
14.5987
22.9395
26.9123
8.53919
36.7719
12.5949
28.7734
43.2878
6.76394
53.2415
18.7929
16.6294
37.7082
10.6832
18.038
16.9598
19.8285
9.82096
16.3989
21.2975
14.5624
9.32705
7.83946
8.80017
21.8021
13.2189
10.1468
29.9685
15.8717
16.3384
20.4018
39.6869
5.12712
22.8628
17.6231
13.6257
7.91801
11.2138
36.0505
13.5129
9.52735
17.5205
11.5026
23.7759
33.0439
24.0947
15.9647
7.05672
12.8203
37.2472
8.82632
23.8805
9.38776
16.4058
37.6702
25.7141
13.0067
15.1943
8.29251
9.74584
14.6066
53.4666
20.0582
46.5493
26.5524
31.2249
18.4304
11.2047
36.3686
17.4929
12.1517
16.6247
14.0095
15.3997
8.16956
31.5563
20.9027
11.023
24.2578
23.8625
26.5942
26.2592
16.3476
13.0318
11.6775
27.7953
23.778
5.82745
38.2847
11.0569
38.9882
38.0979
12.7128
14.995
11.4314
55.4878
26.0382
13.0751
20.6622
7.94131
10.6947
36.6011
27.0699
15.5593
14.0777
14.942
17.1942
10.7652
48.9986
35.8083
11.409
50.8807
26.7784
24.2574
13.4581
24.7016
19.5451
11.4387
18.2811
10.4903
51.145
12.8665
9.95246
21.625
11.3944
25.7472
