19.6857
31.6629
45.2855
32.3376
30.7561
25.0423
42.6246
45.4139
29.6267
51.9284
59.3288
22.2137
62.6338
46.3065
22.5842
9.10469
67.091
37.64
48.6172
68.2924
52.4372
41.6942
40.623
43.161
24.7812
43.8617
42.8641
68.0532
61.5104
48.1246
52.0939
70.3693
36.2573
64.848
39.9117
43.4613
56.7442
57.5849
51.397
24.5524
51.2896
71.0145
36.9798
57.7026
48.1316
34.9509
28.9906
32.1165
48.9839
50.1858
35.8663
70.2427
17.0583
26.1779
41.8805
27.7514
56.4598
8.84776
67.5411
62.2308
52.6744
12.4404
66.4748
29.6567
34.2914
51.0495
37.2552
40.522
34.461
69.8749
50.8766
63.1043
76.1863
50.4696
40.3694
55.5084
40.265
35.469
57.1144
26.1998
59.1887
51.5836
4.88317
66.9449
55.074
34.5547
46.73
27.5864
17.6686
62.257
66.8787
53.8839
20.5274
49.1811
44.4759
25.338
43.1533
68.9302
16.5218
45.8754
18.5512
31.5793
15.4046
29.6231
27.5974
41.4188
34.0266
65.5421
79.8645
36.3909
36.1778
58.312
35.7966
71.5431
31.0544
61.3149
20.9946
22.8368
69.7466
65.7583
39.7514
33.3598
53.796
43.4427
62.6447
60.6199
75.3372
55.185
69.5259
14.0704
26.6832
57.9478
57.2934
19.1591
26.9424
32.5295
61.2995
31.0784
59.1717
53.8105
48.8853
71.6387
65.6413
43.322
43.4267
43.865
25.3829
27.8784
68.6646
30.8441
60.8449
52.3737
50.6242
71.3645
35.9704
41.3131
53.7819
65.4799
39.8345
30.6439
61.9919
26.6313
56.758
45.3128
44.215
23.14
34.753
39.0333
63.9064
24.5474
32.9464
62.5447
65.9147
45.5537
61.6697
71.8741
49.6548
42.9297
19.0214
43.8109
34.8672
56.1341
57.3448
22.6559
45.6226
29.6654
34.4564
13.6784
45.9503
50.546
66.507
41.5013
59.1947
46.5275
38.0844
63.0516
53.2664
35.7628
41.258
42.032
67.4652
72.1284
32.1954
56.5256
10.9293
63.276
35.2797
53.3526
57.7084
23.6966
71.6991
47.0281
50.0621
41.2938
66.4524
37.1367
51.9398
43.0204
64.4626
54.5188
54.4891
22.2819
35.1796
56.0132
32.8842
38.7806
42.6973
70.0536
33.0932
20.3748
44.3816
60.0525
35.9858
12.3046
48.6695
73.0151
26.5088
63.4111
34.2252
38.2322
37.1313
31.5488
59.9372
67.7489
27.575
44.1009
18.1645
47.0545
68.9862
68.785
27.5705
29.7534
10.438
10.4888
35.7104
23.2451
62.2425
23.5202
73.1855
37.6134
25.9202
64.8445
61.9037
46.9647
42.686
45.4465
67.008
19.8435
44.0883
44.1187
55.7047
20.0191
56.013
33.9619
26.8191
52.8218
44.6187
48.2063
10.3386
37.4577
31.2869
12.147
39.7793
68.3521
54.0099
12.0311
13.2118
22.2454
41.1169
68.4634
66.6219
20.0143
28.556
42.129
56.7189
73.766
27.262
41.9544
35.9929
15.8479
17.6268
20.4567
29.5174
29.5985
47.3881
37.9028
31.3128
41.2618
18.5248
13.2757
28.4106
33.0195
57.3452
39.1687
69.1745
36.5313
14.1133
69.2983
11.6681
37.0316
22.3316
58.2595
39.6568
28.8877
63.96
72.1792
26.2749
49.3126
52.8687
63.6866
48.5878
46.9477
55.1746
51.5825
23.8883
57.5868
41.2229
43.5589
45.9947
32.8817
10.7913
56.0318
67.7379
39.1029
23.2799
10.5193
68.378
25.2596
11.3892
56.9744
68.9761
23.4683
46.7257
10.0863
37.8062
66.4701
77.4503
26.9623
34.5026
40.5177
67.785
13.6388
19.6923
17.1392
16.1151
32.7361
34.4021
42.6258
61.1733
26.382
59.029
49.8752
35.8048
39.6543
55.88
24.485
28.3707
76.6779
46.3692
30.368
30.7683
49.7846
65.2714
39.9196
51.4735
60.1228
18.2976
70.3503
70.0468
58.0575
66.25
49.9089
73.3692
44.5964
48.0382
44.1155
38.3922
44.7459
64.3098
50.9082
21.9688
20.5343
35.9788
49.9795
55.0155
32.3719
41.111
66.5163
47.0855
75.7247
43.9338
65.6851
17.3321
23.9763
48.2951
62.416
14.5752
36.4344
22.3174
33.7141
71.5519
20.7308
22.334
36.3662
60.9622
71.3425
44.1223
48.0506
41.5352
34.0314
19.0002
27.0118
19.2852
14.3474
42.5096
42.395
31.6506
34.4425
35.2122
44.1926
27.2307
44.386
48.1696
44.1003
44.4166
41.0899
63.2978
52.339
16.3372
36.3915
37.8093
69.6745
35.4561
38.6529
18.6773
47.0905
25.503
67.0333
26.8758
45.7157
55.3195
64.5417
20.3415
41.0192
35.2071
35.7626
56.4159
26.8871
33.4714
21.8699
47.0307
46.7693
19.626
17.7629
53.9015
42.0085
70.9255
63.6143
58.1838
23.1564
19.3313
34.1379
43.3794
27.6705
55.0483
52.8314
41.8071
25.4803
52.0021
67.2648
55.2302
56.6868
63.9056
67.1049
35.0801
54.6128
56.9789
58.397
42.9309
54.6559
36.9667
67.3937
21.3985
37.7065
70.8951
35.4928
13.3092
28.3663
54.8423
68.3145
67.2689
65.4362
45.9265
54.6712
71.566
59.6349
39.6913
18.307
14.5956
34.3178
52.3519
68.9394
21.3482
73.8746
27.4107
77.5803
17.5999
42.7169
56.3851
25.2451
64.7169
49.595
64.9865
46.2328
45.3609
24.9819
49.1233
43.6144
20.5777
43.6676
25.0743
64.6733
59.9265
62.2304
55.0744
36.9715
34.8269
45.334
59.6838
74.5078
13.1308
28.9392
58.7814
17.6392
59.5404
34.4072
54.9218
53.2733
45.2049
52.5688
29.853
35.632
27.2181
50.2363
35.7745
24.2096
34.5354
46.4328
65.8001
28.2207
23.4358
56.4109
67.0761
23.5571
35.3083
38.6064
75.4352
45.2118
34.6829
4.93662
54.9097
25.8438
50.5558
33.7879
73.5558
48.5237
70.8875
74.2653
28.5834
51.9831
18.097
46.1486
32.2293
38.0725
69.4423
44.3734
22.6107
54.1874
26.8218
30.9381
48.8083
46.7365
29.1975
61.7483
46.3055
72.8379
68.1222
33.913
44.0844
51.5757
62.1471
51.0431
35.4383
57.8639
26.883
24.2873
43.8439
54.5784
30.9089
55.2286
57.7765
67.7698
42.0011
62.1654
41.6058
28.9485
51.9156
58.4782
32.1419
45.9275
21.6327
31.4538
64.9696
39.0335
42.7785
52.7937
58.4156
54.2889
77.5034
25.7502
68.4038
67.7294
54.9995
13.9738
61.8987
40.0673
35.5244
64.9536
39.9489
56.4094
53.1687
71.4163
59.9821
70.5956
70.1862
38.6463
44.4111
46.4754
22.8446
18.1902
21.5529
66.2971
18.0108
33.3903
73.3376
32.3048
13.2409
38.5344
43.7133
22.5614
69.4904
45.5339
44.9736
52.0378
18.5108
57.1934
45.1302
60.5476
73.4203
47.9578
40.8842
45.4887
66.4753
36.0553
60.5876
69.9191
45.5173
20.5831
65.9252
35.874
59.1761
39.1253
25.2671
65.9767
45.9162
17.0615
51.5234
63.0513
48.6516
51.7488
57.7371
24.4986
39.9755
59.1316
27.2972
21.3037
72.2169
35.5
62.3974
33.8724
34.8234
65.8554
33.6557
29.8152
52.5516
25.0583
37.7341
55.1042
13.7304
30.5014
58.6369
18.5427
55.7198
65.8266
32.0308
13.5509
56.7229
64.9819
63.9383
28.9492
69.1205
19.4642
29.0475
61.7749
67.8077
67.1498
29.8263
41.6204
59.7121
67.8728
19.6442
17.9015
17.7064
42.2065
55.4622
24.5458
47.9153
26.8477
47.5807
29.4602
42.1425
25.3843
22.1633
36.7383
72.0364
50.6333
48.9868
33.2715
54.4877
39.2516
25.7415
16.2495
43.3079
18.794
49.6676
47.852
43.548
39.8592
67.4554
34.5761
50.6221
28.6378
48.3174
17.5085
67.8799
40.264
47.5601
63.5886
26.266
55.3219
63.1228
28.8473
70.1435
31.1465
56.2412
58.7132
61.0903
52.187
56.0785
28.7225
52.1421
75.1613
38.9873
74.7189
25.2946
57.5153
40.0362
53.4248
41.5062
18.5042
53.9607
55.5655
43.2506
59.5354
76.2022
52.4449
50.4104
23.5007
57.3968
4.75085
24.4033
62.0732
31.9269
52.3978
13.3689
70.7624
56.0658
65.6504
49.5671
62.2117
29.6911
60.5569
60.917
43.2284
22.6068
30.9353
29.0896
46.4525
55.8011
23.4067
33.7904
24.567
62.1166
25.9777
36.5036
63.5424
34.751
59.6986
25.3957
71.9124
32.7808
12.747
50.3002
42.2771
35.4229
69.6856
59.4189
38.0092
54.3388
52.9171
41.8815
67.5823
74.6139
31.5445
67.6272
16.7321
73.922
48.6532
43.5115
60.9234
59.7492
64.6397
30.077
35.9429
65.1151
59.0227
45.1478
25.9172
66.0847
53.0257
66.626
43.0876
74.0363
19.0558
46.9201
77.6069
72.3753
39.5906
58.148
23.0536
46.4704
71.7632
53.8648
57.4212
41.1865
35.8939
58.0482
31.3789
53.7792
51.918
44.5954
34.9945
41.3337
32.4178
42.1637
56.5561
28.6964
17.2075
34.2017
40.6947
27.2436
27.9701
40.9148
40.8254
30.1705
60.8853
31.2241
38.6434
51.0119
48.6811
16.9719
40.4633
28.9099
40.484
37.1539
49.6265
72.3957
39.2415
62.2295
25.7783
13.7267
71.0368
31.9147
13.2171
32.4949
58.8416
64.0784
41.0784
39.1157
50.1165
40.1526
22.8203
67.8638
59.4294
65.0046
66.1843
28.0488
30.3699
32.0943
42.9978
9.56194
32.6345
53.0368
17.6295
58.563
66.864
22.1564
16.0915
23.3719
72.1196
58.5043
41.2607
36.1467
53.9768
17.2838
33.3229
57.3112
45.0601
56.935
35.8234
31.9775
70.1251
54.4862
54.6519
30.3947
42.9702
17.4304
57.0533
63.1168
58.4972
37.4687
48.792
57.2509
26.0048
22.5156
59.8868
41.5538
61.4124
45.1664
15.9889
10.657
24.2824
40.9192
48.9349
56.3322
36.1206
38.9654
35.4355
18.3059
25.6423
55.2997
33.0673
61.6501
49.2521
44.7219
42.477
46.0243
20.115
35.2904
16.5254
53.6896
9.40965
42.0945
52.1242
55.8999
52.7269
25.8401
64.0835
66.8175
10.6789
30.7791
41.6755
34.8958
57.7246
72.8428
45.5684
44.8753
35.3586
40.6205
54.9708
24.4986
44.3395
55.1559
52.4089
43.3483
17.771
74.3888
34.239
57.7388
69.7015
29.0065
71.2035
39.3754
36.692
42.5118
35.8171
25.7571
52.6751
71.2846
66.4673
29.4781
70.3624
65.1049
40.8442
30.4205
11.9381
72.9669
37.642
33.6721
62.6145
69.7045
66.3035
68.6046
73.5657
67.1786
26.8845
48.6295
33.7887
57.0385
41.6852
45.1213
33.2174
35.0207
52.1812
53.0904
53.4368
49.1541
62.2963
56.5652
33.7646
60.8052
57.6067
60.8057
52.098
48.0959
51.4152
50.4682
25.7381
21.1445
41.9424
64.377
51.0802
43.7569
63.5471
48.6706
12.8173
38.4589
38.4582
26.9994
39.3187
73.3914
74.7385
27.0164
52.837
71.9788
74.9972
51.4921
25.3488
31.3222
36.8757
16.5782
27.8012
15.9649
59.5446
24.6755
52.6195
31.1061
47.3697
19.0496
63.3579
68.1034
52.2888
43.2078
27.4015
45.0267
68.0875
14.2562
46.5028
33.8185
15.0183
22.7362
66.9423
45.7873
40.8787
54.1081
64.0742
28.1353
38.095
72.7753
51.9449
45.6908
51.9248
25.8789
35.1232
71.6633
28.7653
54.171
40.7578
69.3171
22.3722
29.8302
69.3224
41.5222
29.8858
19.8865
41.1627
41.7068
77.4583
48.6749
15.7925
42.9962
19.8786
20.9252
14.3713
38.5926
51.1296
12.4842
33.8262
44.9738
52.893
56.3305
31.2461
15.4378
10.421
33.742
61.6398
