-0.179450
-1.499950
-1.121850
-0.774600
-0.697250
-0.663300
-0.737300
-0.608400
-0.370250
-0.788950
-0.414450
-0.644550
-1.042700
-0.777050
-0.676300
-0.436100
-0.271900
-1.156650
-1.075500
-0.754950
-1.044500
-0.672350
-0.990150
-1.194850
-0.570450
-1.503600
-0.632000
-0.573200
-1.430150
-1.007500
-0.723250
-1.221050
-0.531950
-1.077400
-0.707750
-0.307800
-1.010350
-0.518350
-0.705050
-0.444550
-0.705100
-0.520450
-0.519050
-1.174250
-0.971650
-0.302300
-0.436800
-0.853700
-0.791150
-1.346450
-0.727000
-0.451400
-1.238350
-0.497200
-0.468950
-0.596200
-1.427650
-0.688500
-0.617350
-0.956450
-0.783850
-0.345900
-0.741600
-1.253550
-0.512300
-0.628850
-0.530200
-1.016450
-0.870900
-0.565000
-0.412750
-0.784350
-0.336450
-0.615950
-0.433400
-1.279750
-0.357050
-1.237950
-0.554700
-1.060150
-0.975850
-0.920700
-0.240300
-0.497650
-0.833600
-1.079500
-0.679100
-0.646050
-0.154000
-0.632350
-0.501300
-0.704300
-0.291250
-0.502600
-0.609200
-0.780750
-1.135150
-0.966900
-0.764450
-0.371000
-0.990350
-0.563150
-1.009400
-0.866950
-0.778900
-0.856000
-1.178350
-1.002300
-0.327950
-0.803050
-0.902050
-0.948150
-0.504000
-0.947400
-0.580450
-0.624250
-1.460550
-0.302450
-0.716350
-0.467600
-0.384500
-0.592300
-0.465600
-1.619350
-0.359900
-0.706850
-0.330850
-0.532050
-0.832600
-1.096200
-0.678250
-0.590850
-0.735200
-1.192550
-0.372900
-0.696900
-0.591450
-0.636700
-0.680100
-0.973050
-0.903650
-0.871450
-0.461650
-0.836400
-0.739200
-0.292050
-0.721900
-0.521050
-1.033600
-0.663250
-0.862500
-0.713200
-0.188700
-0.145250
-1.035850
-0.573250
-0.446150
-0.752950
-0.816300
-1.093400
-0.572450
-0.392550
-0.424850
-0.656650
-0.588800
-0.784250
-0.721400
-0.930950
-0.646800
-1.060100
-0.510850
-0.552500
-0.560100
-0.438050
-0.745300
-0.800200
-0.632050
-0.447850
-0.564100
-0.394650
-0.930850
-0.499700
-0.892100
-0.276100
-0.485000
-0.700400
-0.632950
-0.846050
-0.398650
-1.232950
-0.379950
-0.801600
-0.395200
-0.418350
-0.789600
-0.599300
-0.378400
-0.412450
-1.271300
-0.459200
-1.061800
-1.155400
-0.613400
-0.413550
-0.455500
-0.703300
-0.218250
-1.107800
-0.425250
-0.416100
-0.885950
-0.605100
-0.455600
-1.443250
-0.626550
-0.642800
-0.822650
-1.424000
-0.635200
-1.070800
-0.676800
-0.921800
-0.622300
-0.548700
-1.510300
-0.696400
-0.550550
-0.223700
-0.270550
-0.868650
-0.932250
-0.608450
-0.606750
-0.721650
-0.534350
-0.804600
-1.045250
-0.686900
-1.068800
-1.292650
-0.519150
-0.427200
-1.329050
-0.575250
-0.725350
-1.364200
-1.257950
-0.647950
-0.493600
-0.488350
-0.388250
-0.850550
-0.503900
-0.533500
-0.947100
-0.309150
-0.743450
-0.573250
-0.521250
-0.715600
-0.840650
-0.697000
-0.153750
-0.910000
-0.879300
-0.479700
-0.523000
-0.913600
-0.462250
-0.679950
-0.670750
-0.482200
-0.899450
-1.064600
-0.676100
-0.437100
-0.620500
-0.735200
-0.513800
-0.397850
-0.984200
-1.641950
-1.045700
-0.686500
-0.776350
-0.914750
-0.934300
-0.646300
-0.297700
-0.419300
-1.427200
-1.003700
-0.753300
-1.721850
-0.226350
-0.920350
-0.731150
-0.900900
-0.617550
-0.722100
-0.724250
-0.803250
-0.732900
-1.002650
-0.640550
-0.730900
-0.896300
-0.547000
-0.537500
-0.340600
-0.954050
-0.527250
-0.801650
-0.720150
-0.614500
-1.225500
-0.743900
-1.664250
-0.939950
-1.006850
-0.875450
-0.328600
-0.594550
-0.238750
-0.886900
-0.617050
-1.193750
-1.342650
-1.038500
-0.560450
-0.886300
-0.359700
-0.632450
-1.014450
-1.372200
-0.693000
-1.153800
-0.218800
-0.413900
-0.559000
-0.669950
-0.594950
-0.794450
-0.928150
-0.516250
-0.740050
-1.435550
-1.430700
-1.202400
-1.666900
-0.884550
-0.225000
-0.385500
-0.266450
-0.563200
-0.572300
-0.403400
-0.805250
-0.286900
-1.024650
-1.382000
-0.827550
-0.984450
-0.701750
-0.673650
-0.679450
-0.615500
-0.530500
-0.770350
-0.507400
-0.482150
-0.318000
-0.818300
-0.495000
-0.299100
-0.637600
-0.924500
-0.772750
-0.382800
-0.287600
-0.594700
-0.362300
-0.373250
-0.617900
-0.342300
-0.529450
-0.691400
-0.516350
-1.107800
-0.546900
-0.441600
-0.453100
-0.446250
-0.964900
-0.533200
-0.768200
-0.942550
-0.607150
-0.562700
-0.469250
-0.827750
-0.480400
-0.697700
-0.431600
-1.076000
-0.582650
-0.799650
-0.428850
-1.243700
-1.127700
-0.992000
-0.212500
-0.475200
-0.763300
-0.875350
-0.514450
-0.383400
-0.434850
-1.208250
-0.530900
-0.944900
-0.445400
-1.066350
-1.126100
-1.460000
-0.990200
-0.673750
-0.920300
-0.630350
-0.532900
-1.273350
-0.620600
-0.409000
-0.284200
-0.946100
-0.343100
-0.716700
-0.816100
-0.488400
-0.753100
-0.714800
-0.638300
-0.200850
-0.998450
-0.746900
-0.467550
-0.549300
-0.958450
-0.509650
-1.210750
-0.734650
-0.851950
-0.361500
-0.506000
-0.990850
-0.577800
-0.432150
-0.562100
-0.345850
-0.343650
-0.630000
-0.668000
-0.886850
-0.499800
-1.061700
-1.626650
-1.153100
-0.503550
-1.156000
-0.746850
-1.464700
-0.260850
-0.983300
-0.679750
-1.054350
-0.286500
-0.649150
-0.525400
-0.527550
-0.408050
-0.679350
-1.257050
-0.507100
-0.438950
-0.367050
-0.637100
-1.054100
-0.577800
-0.847100
-0.964600
-0.754150
-0.410800
-1.014900
-1.381400
-0.966200
-0.582950
-0.949350
-0.399000
-0.843250
-0.225950
-0.601100
-0.519750
-0.819450
-0.423850
-1.385300
-1.057950
-0.219250
-0.205000
-0.556100
-0.588350
-0.504950
-0.732550
-0.479050
-0.381100
-0.714550
-1.187400
-0.382650
-1.001000
-1.271350
-0.583300
-0.472450
-0.984500
-1.016750
-0.779100
-0.725950
-0.601750
-0.268250
-1.045500
-0.856450
-0.431450
-0.482500
-0.495500
-0.407150
-0.650200
-1.026700
-0.448950
-0.723300
-0.920700
-0.242900
-0.834250
-1.068600
-0.548900
-0.953600
-0.197850
-1.442650
-1.097900
-1.432300
-0.393600
-0.623650
-0.368800
-0.652750
-0.374250
-0.751550
-0.763350
-0.856600
-0.830600
-0.499850
-0.949800
-0.926000
-0.761400
-0.263600
-0.613250
-0.555100
-1.035500
-0.607750
-0.396500
-0.603800
-0.528100
-0.352200
-0.625650
-0.656200
-0.575800
-0.931500
-0.655100
-0.538150
-0.772150
-0.602150
-0.647650
-0.574250
-0.596750
-1.694800
-1.263450
-0.179950
-0.477200
-0.435950
-0.645300
-1.238750
-1.120450
-0.538500
-0.906650
-1.080800
-0.629800
-0.547950
-0.724050
-0.617550
-0.564350
-1.327200
-0.786050
-0.775800
-0.418200
-0.592250
-0.633350
-0.760950
-0.379900
-0.742600
-0.516950
-0.518550
-0.196100
-1.154500
-1.038100
-1.008150
-0.395300
-0.740950
-0.419900
-0.744850
-0.590000
-0.519500
-0.555700
-0.870200
-0.511500
-0.568750
-1.268550
-0.820450
-1.001600
-1.273900
-0.995500
-0.776600
-0.767350
-0.726900
-0.230100
-0.360400
-0.527000
-0.248850
-0.800900
-0.475700
-0.612950
-0.551950
-1.048300
-0.702050
-0.794350
-0.507300
-1.263350
-0.347000
-0.730700
-0.828050
-0.759100
-0.319550
-0.580200
-0.915700
-0.531300
-0.869850
-0.325850
-0.970850
-0.268700
-0.967800
-0.566500
-0.687200
-1.097950
-0.457850
-0.895100
-0.490050
-0.881350
-0.484800
-0.607750
-0.977400
-0.326600
-0.472250
-0.777850
-0.815450
-0.336700
-0.342850
-0.492750
-0.630950
-0.746650
-0.340600
-0.595700
-0.284450
-0.561800
-0.551200
-0.417200
-0.801100
-0.661850
-1.250950
-0.488600
-0.624550
-0.716600
-0.484800
-1.361400
-0.608150
-1.384800
-0.903250
-0.644400
-0.926350
-0.575000
-0.678050
-1.400350
-0.425900
-0.439900
-0.820600
-0.463000
-0.978350
-0.758900
-0.953650
-0.538850
-0.731550
-0.967050
-1.646200
-0.434100
-0.621750
-0.836150
-0.625400
-0.675450
-0.958700
-0.531850
-0.524600
-0.240600
-0.548700
-0.830650
-0.686000
-0.438550
-0.560500
-0.330800
-1.158400
-0.490950
-0.692650
-0.983800
-0.216500
-0.731200
-0.509650
-0.211700
-0.651650
-1.192500
-0.428900
-0.355200
-1.374500
-1.042250
-1.436450
-0.699150
-1.453000
-1.188450
-0.652800
-0.873650
-0.517250
-0.620250
-0.774400
-0.390950
-0.724250
-1.390500
-0.949750
-1.487800
-0.870800
-0.640250
-0.645950
-0.729450
-0.457500
-0.646300
-0.451950
-0.928100
-0.284400
-1.678400
-0.755550
-0.664150
-0.446450
-0.471350
-0.295600
-0.509650
-0.452850
-0.865350
-0.541450
-0.976400
-0.499650
-0.668700
-0.690900
-0.387100
-0.627000
-0.622050
-1.089800
-0.823850
-0.480500
-0.968150
-0.944100
-0.515050
-0.574400
-0.457350
-0.872100
-1.411000
-0.846950
-1.590650
-1.152750
-0.446600
-0.482400
-0.607000
-0.885500
-0.510450
-0.450600
-0.829600
-1.501800
-1.002350
-0.697900
-0.581800
-0.337500
-0.889150
-0.574450
-0.754950
-0.428950
-0.613800
-0.370100
-0.459100
-0.487850
-1.050100
-0.423650
-1.229650
-0.651600
-0.411200
-0.714700
-0.912900
-0.373150
-0.790750
-0.600450
-0.650550
