1.153890 6.662710 9.303290 2.271570 0.553420 0.111979 0.157142 118.394000
0.653800 20.670300 10.393000 1.748440 1.001400 0.153575 0.157570 117.766000
0.303508 14.288000 9.309360 0.782083 1.443280 0.145078 0.057837 117.676000
1.339460 7.921200 5.832070 1.634250 1.623880 0.169629 0.137168 140.418000
0.742704 11.478600 7.874770 2.307270 1.374090 0.041546 0.125982 82.438400
0.781638 6.267740 14.195800 2.025770 0.779792 0.190528 0.098372 86.860700
0.321742 16.770300 9.227920 2.627320 1.534100 0.126911 0.156603 145.326000
0.537434 13.226100 9.509710 2.624300 1.991140 0.044086 0.060981 120.616000
1.214400 13.172400 17.327100 2.273690 1.233720 0.148538 0.146730 144.493000
0.416840 7.229890 13.666700 2.647240 1.812010 0.023196 0.123345 159.342000
1.170210 6.649940 13.726600 1.854810 0.964039 0.086542 0.180383 116.963000
0.610221 6.314260 10.463400 1.025570 2.713820 0.182317 0.053324 155.657000
0.321411 12.403100 7.131030 2.710070 1.624970 0.175329 0.125438 122.845000
0.345335 17.099900 15.973900 1.651840 1.015930 0.144070 0.065567 125.268000
1.333330 6.071970 16.377700 2.256710 0.447030 0.086079 0.196448 120.495000
0.469318 16.299200 6.804950 2.645860 1.641130 0.115071 0.124136 129.081000
1.035210 13.345100 10.280800 2.250210 0.950703 0.114884 0.179609 152.983000
0.864976 9.329410 14.726600 1.928180 0.795315 0.184742 0.192933 136.828000
0.308467 8.629760 6.860420 1.643610 0.914219 0.195786 0.115167 126.111000
0.643433 14.106700 13.281700 1.763900 0.948708 0.097646 0.078145 97.038900
1.058440 9.957970 6.379000 2.038580 1.082340 0.015616 0.181796 117.877000
1.149200 9.159500 5.790150 1.018170 1.913920 0.071413 0.061435 146.817000
1.148530 15.330800 10.577600 2.504110 0.793660 0.072192 0.176618 129.283000
0.516641 10.552500 10.969400 2.480750 0.862420 0.073882 0.119422 80.119400
0.756696 9.532790 11.501000 2.878130 1.457330 0.023459 0.132733 115.806000
0.301647 13.133900 5.764300 2.106400 1.321820 0.128737 0.118247 91.921600
0.812879 12.784700 19.853300 1.395310 1.098970 0.061766 0.091387 106.594000
0.343568 6.549800 18.242700 0.940252 1.110360 0.098377 0.148992 159.398000
1.187300 17.610700 6.043200 1.932940 1.133890 0.113932 0.127052 131.106000
1.015230 12.227700 8.548550 1.537640 1.007340 0.057992 0.181890 141.975000
0.536262 8.351050 9.619030 0.808824 1.676240 0.114012 0.096424 158.858000
0.433191 8.043820 10.656700 2.225200 1.180740 0.008798 0.182843 98.133400
0.584671 6.824610 15.878600 2.011570 1.142350 0.130056 0.055541 83.408300
0.727483 8.334390 8.122640 2.684410 0.613209 0.115457 0.128484 133.933000
0.766795 11.328500 8.715430 2.017260 1.270190 0.154540 0.159352 130.148000
0.354668 20.749000 10.201600 2.197980 1.119830 0.150365 0.152486 137.949000
1.198700 10.334200 12.096200 1.678710 1.563670 0.017861 0.050616 155.741000
0.775281 13.769300 14.465300 0.968328 1.304690 0.143676 0.074454 119.133000
0.789911 11.385600 7.541550 2.815630 1.313920 0.112943 0.170951 113.695000
0.830841 12.490800 9.684490 1.619520 1.400670 0.187303 0.150838 137.874000
0.693420 18.447600 10.754800 0.614349 0.869517 0.151088 0.167825 154.122000
0.584641 17.365200 19.920400 2.126640 0.934350 0.101732 0.154211 94.496000
0.457239 15.014100 15.567700 0.603171 1.125610 0.152074 0.152140 156.908000
0.415438 11.043300 14.804800 2.218470 1.732430 0.053666 0.079074 88.902400
0.847923 17.002300 10.047700 2.565630 0.960040 0.160595 0.160240 126.546000
0.334334 15.169100 13.676900 0.705807 1.619180 0.090018 0.083916 129.585000
0.910091 14.298300 11.518700 1.805180 1.237240 0.082319 0.158664 128.300000
0.451610 8.814610 6.899520 1.296170 1.434650 0.075992 0.118932 155.127000
0.396318 10.312300 9.773840 2.622030 1.188340 0.177364 0.190237 125.576000
0.877973 9.087420 19.407100 1.944790 0.725982 0.116027 0.118789 105.039000
0.331111 17.197400 10.063100 1.821970 1.057530 0.117185 0.194349 122.480000
0.336667 11.726900 7.852620 2.167120 1.274060 0.186273 0.062407 141.524000
1.074640 18.233000 8.212300 2.452520 0.924701 0.075829 0.082435 132.408000
0.335257 19.673000 6.880830 2.561120 1.162070 0.196598 0.195534 111.943000
1.079290 7.054980 13.418100 1.846230 1.074430 0.122952 0.176035 116.155000
0.767549 7.617020 12.835000 2.692940 1.335690 0.175051 0.188219 103.724000
1.313700 20.891000 13.224700 2.592760 1.088460 0.109380 0.165208 150.573000
0.795212 16.394300 9.917800 1.187030 1.022810 0.042202 0.123928 95.802400
0.487197 7.268570 6.394930 0.748430 0.902081 0.122822 0.178306 94.239400
0.840908 20.162500 17.940400 2.753780 0.579469 0.172878 0.184957 116.349000
0.499997 15.755200 8.659970 1.756000 1.709430 0.132519 0.115984 155.240000
1.205780 13.951700 14.448900 2.840890 1.390170 0.170064 0.094732 151.707000
1.189040 10.831000 13.163100 1.146260 0.744486 0.024753 0.100689 123.947000
0.557796 8.917360 11.962600 1.903730 1.159340 0.179969 0.162612 103.516000
1.312650 7.337450 12.700700 1.982520 1.412570 0.187603 0.055177 117.983000
0.877253 13.479300 6.614000 1.425500 1.267020 0.014049 0.139004 150.343000
0.493624 12.644000 15.170700 2.486310 0.965944 0.108309 0.133104 81.050800
0.879798 9.797670 13.864100 2.702950 1.111920 0.079046 0.150395 82.241000
0.749424 7.401670 14.401000 0.633016 1.011800 0.057787 0.133777 101.089000
0.350910 18.287100 19.287600 1.977110 1.525360 0.161291 0.080450 117.367000
1.331670 10.845800 8.961490 1.635920 1.963020 0.165756 0.062220 154.338000
0.780544 6.570890 18.263400 2.559980 2.329760 0.063038 0.058248 102.093000
0.524164 18.608700 12.386000 2.959480 0.808202 0.044601 0.193062 143.823000
0.353046 18.537100 18.366900 2.763340 1.044450 0.037058 0.158532 91.581700
0.422728 6.034660 19.949700 1.576110 1.865580 0.075025 0.090100 116.894000
0.646010 10.994900 6.788990 0.723036 2.107940 0.194769 0.054859 140.520000
0.307329 13.186200 15.320000 0.250993 2.099100 0.103576 0.064033 152.098000
1.070270 13.596700 9.569330 0.505735 1.064190 0.082133 0.142214 137.491000
0.391982 11.338300 17.363700 2.888370 1.416300 0.115651 0.178458 113.228000
0.512636 16.411500 12.174200 2.529120 1.663380 0.104209 0.091862 106.930000
0.996130 9.067530 11.754600 1.029270 0.887516 0.063461 0.103891 154.562000
0.329752 7.664150 14.307500 2.331550 1.555210 0.040079 0.187464 158.128000
0.677078 14.191300 16.683100 0.839577 1.138380 0.193742 0.193406 153.365000
0.312371 20.002300 10.603500 0.814568 1.835950 0.078533 0.054485 111.046000
1.100880 12.908600 16.702900 2.077840 1.614310 0.032061 0.054648 91.229400
0.899911 6.618820 6.284890 2.979670 0.893316 0.107830 0.175215 111.266000
0.929617 16.076400 10.253000 1.878340 1.530100 0.118956 0.065824 104.558000
0.852392 9.356210 8.865820 1.894830 1.066970 0.094019 0.087546 134.527000
1.134020 13.832200 7.509150 2.475110 0.592238 0.099205 0.145605 146.013000
0.368875 7.800040 7.766680 2.949430 0.781645 0.033540 0.138066 119.703000
1.345160 6.474250 6.470380 1.787560 1.627560 0.008691 0.054729 86.373500
1.380980 8.161650 15.180400 2.730120 1.975770 0.172479 0.051421 80.461200
0.428878 10.416900 15.838200 2.084610 1.773140 0.191746 0.123202 130.771000
0.495394 6.280800 16.933700 0.872080 1.658960 0.193073 0.126832 149.501000
0.551327 12.337100 13.873200 2.872010 1.253410 0.191177 0.143031 120.969000
0.441300 9.729410 11.398100 2.114020 1.368140 0.101916 0.099393 149.055000
0.751562 14.093600 11.796200 1.870660 1.087120 0.111852 0.166212 105.894000
0.949131 17.124400 6.545240 2.356510 1.630160 0.108753 0.110177 122.045000
0.944266 12.063700 18.132200 1.538830 1.510350 0.147227 0.102069 142.655000
0.868299 9.444100 13.488800 2.497760 1.355610 0.120821 0.124664 83.687300
1.207130 17.458700 12.110300 1.274060 1.076780 0.188651 0.115820 153.710000
0.649431 17.616400 16.595400 2.820190 0.765465 0.051796 0.163525 111.194000
0.360038 17.916800 13.934300 2.744010 1.284180 0.043830 0.094566 81.371100
0.750152 6.509640 13.835700 1.302230 1.325600 0.079288 0.108254 138.547000
0.476582 11.115500 19.513800 2.737380 1.359690 0.167641 0.071110 151.529000
0.905894 16.800900 13.765000 2.022770 1.800260 0.170973 0.069513 138.777000
1.060200 17.157000 12.144600 1.550480 1.301580 0.196786 0.141453 141.566000
1.159560 14.724900 10.103000 2.803740 1.943920 0.128787 0.087728 153.643000
0.622612 16.205400 9.476300 2.797220 1.224740 0.198052 0.148088 137.361000
1.174000 8.196050 18.375500 2.118060 1.361800 0.025832 0.133319 143.295000
1.382610 16.678200 17.341700 1.510990 0.791544 0.134203 0.088185 145.522000
0.698568 13.216200 13.393300 2.635060 1.072450 0.076314 0.180007 151.324000
0.504282 20.573500 8.536490 1.455600 1.396480 0.179276 0.074983 109.081000
0.553214 6.681940 7.282160 1.288570 1.950590 0.049660 0.094492 148.884000
1.343940 13.113900 9.828600 1.563120 1.201360 0.135955 0.127280 136.491000
1.306840 6.935230 6.771080 1.727390 1.481590 0.049936 0.055100 97.338100
0.594720 12.298000 16.915000 1.466560 0.706436 0.033842 0.124827 96.435600
0.873511 7.815410 13.506200 2.137460 0.832508 0.040325 0.120758 132.963000
0.744630 20.077400 9.111300 1.350060 0.932467 0.136945 0.110447 119.918000
1.293660 17.440500 11.113500 1.724480 0.810343 0.063649 0.153276 152.002000
0.850983 20.933400 16.418200 1.654290 1.067540 0.127385 0.131766 159.215000
1.268340 8.440550 12.335400 2.276390 1.203480 0.157228 0.058593 130.528000
0.619603 19.363900 9.604080 2.618580 1.079660 0.099363 0.189645 139.331000
0.796443 8.068890 16.763900 1.816620 0.733775 0.122404 0.107739 124.662000
0.960142 12.701500 19.753000 1.780240 1.466020 0.179496 0.061946 158.682000
0.777268 16.815400 14.160100 2.764800 1.622000 0.072390 0.120954 144.847000
1.221410 14.251700 5.573810 2.489290 1.337130 0.136330 0.136481 120.121000
0.466368 10.405100 14.181500 1.400630 1.865350 0.160770 0.084269 100.864000
1.386870 14.311500 9.120700 2.842060 0.955136 0.087551 0.081165 109.415000
1.244160 8.685640 14.728800 1.013490 1.068960 0.066156 0.125822 111.511000
1.252280 15.366900 11.627900 1.735620 1.106090 0.182558 0.172152 157.367000
0.320786 19.958500 16.974700 2.869840 1.449020 0.030490 0.083094 152.642000
0.865819 15.805300 10.877400 1.859230 0.991769 0.016828 0.173855 99.904600
0.342120 18.686500 16.424100 2.530660 1.816190 0.196666 0.054076 123.548000
0.413780 13.863700 7.226910 2.996430 1.561870 0.125651 0.130866 144.692000
1.158850 11.484500 13.702700 0.756539 0.883641 0.064123 0.060518 154.128000
1.299580 20.441000 15.458300 1.965880 1.181250 0.034998 0.105787 130.922000
0.522358 8.477910 17.561900 1.633150 1.888630 0.023728 0.084099 114.964000
0.460879 6.761990 5.516680 1.653300 1.100410 0.042032 0.194022 80.948000
0.541400 18.138700 19.432300 1.993610 1.569880 0.171334 0.069206 155.069000
1.144460 12.764000 18.021500 2.223470 1.565960 0.111520 0.099649 150.251000
0.860507 15.225500 8.518230 2.524010 0.619232 0.190112 0.171605 118.865000
0.971347 12.636700 11.360100 2.315830 1.171450 0.069802 0.188841 112.448000
1.080690 19.173900 10.957200 2.544180 1.000530 0.046152 0.153265 146.375000
0.651722 10.094400 16.925400 1.672680 1.396860 0.139206 0.176813 145.509000
0.822207 8.950550 11.861800 1.333420 2.028490 0.096356 0.052584 101.650000
0.493887 16.024500 7.682710 0.776592 1.280000 0.116587 0.087405 102.853000
0.935851 15.101400 19.274800 1.843960 1.230560 0.052240 0.071804 127.165000
0.850459 6.147590 13.672700 2.904240 1.074180 0.111390 0.157951 146.298000
1.039790 9.093860 9.415570 1.327710 0.693909 0.131116 0.166189 100.752000
0.301084 13.269100 19.040200 2.233990 1.465490 0.152722 0.094455 99.269800
0.336862 18.075900 11.504700 2.578270 1.408150 0.194694 0.108108 121.265000
0.702988 12.658900 9.001110 0.620281 1.837860 0.039286 0.055208 147.543000
0.343101 18.506500 19.263400 1.916450 1.404130 0.046883 0.085101 112.237000
1.091230 6.672830 11.881700 2.594120 1.898060 0.059917 0.096088 144.813000
0.600352 15.348300 8.445910 2.361880 0.878471 0.013896 0.104100 111.827000
1.240020 8.589980 11.430700 2.719740 1.436290 0.056749 0.088468 134.016000
0.987481 18.758300 9.447670 1.645250 1.497570 0.100977 0.101884 152.340000
0.341014 12.825100 8.495190 2.000670 1.493390 0.141117 0.182401 156.313000
0.310577 13.912000 5.932420 2.623230 0.795141 0.167723 0.125242 126.097000
0.997384 16.949700 14.170500 1.289330 1.025530 0.121917 0.142463 137.671000
0.693826 11.754300 12.491400 1.890250 1.400870 0.049832 0.163050 135.224000
1.347080 13.793600 13.941800 2.749310 1.134280 0.148909 0.127938 115.848000
0.709841 15.513100 16.003700 1.791410 0.762743 0.090930 0.159738 104.943000
1.352280 17.781200 7.239470 1.611340 1.015680 0.011326 0.174375 130.113000
0.726436 6.254510 18.412600 2.717810 1.601660 0.177983 0.148952 144.629000
0.370078 7.756980 8.676220 0.355842 2.154990 0.109045 0.063609 130.541000
0.900935 6.283920 12.502900 1.517690 0.906695 0.073679 0.077503 80.663700
0.469049 11.927000 6.277670 2.661030 1.159070 0.033585 0.153793 97.528300
0.947493 12.452500 13.922400 2.819090 1.109760 0.091602 0.162350 104.346000
1.065180 18.679200 8.003900 2.848900 1.118680 0.147713 0.116331 110.851000
1.345620 13.938700 9.997820 1.762900 1.211110 0.017569 0.146243 158.213000
1.113290 12.042900 11.152100 1.169910 1.689700 0.162374 0.078668 134.233000
1.212050 20.116500 10.968700 1.410970 1.426690 0.090838 0.062738 154.981000
1.130160 9.897570 18.980700 1.989520 1.695170 0.087703 0.066519 102.438000
0.496577 14.485800 6.116320 1.369730 1.770170 0.033127 0.057921 137.826000
0.588889 13.606700 11.126300 2.429710 1.215900 0.011997 0.099839 105.318000
0.570722 12.297100 7.792010 1.306660 1.997350 0.047544 0.077355 115.649000
1.387780 16.961600 8.596310 2.240180 1.035190 0.145319 0.094269 108.364000
0.608822 11.188000 8.134470 1.537460 1.358350 0.110768 0.137224 139.487000
0.859603 10.145100 12.372500 1.690220 1.235260 0.065077 0.103097 111.105000
0.616818 6.573080 16.649300 2.391810 1.066270 0.166307 0.162381 158.042000
1.305090 6.989490 11.745300 1.320530 1.419000 0.128376 0.094003 135.472000
0.572943 6.717800 7.612380 2.602070 1.902340 0.198494 0.127054 156.246000
0.313335 14.909200 18.215000 2.784090 1.521950 0.135925 0.161035 133.684000
1.200600 17.269500 18.564400 2.964190 1.486720 0.105949 0.065740 120.034000
0.432923 12.120900 18.642400 2.791040 1.912480 0.086841 0.074995 133.971000
0.601104 9.737330 13.221300 1.295640 0.922198 0.172119 0.146696 102.356000
0.437102 15.285700 18.575600 0.735337 1.499030 0.104230 0.086372 121.861000
1.054050 14.565300 8.919110 2.305230 0.671781 0.123781 0.181149 118.198000
0.398936 9.959200 7.296720 0.270423 1.854630 0.166674 0.062827 156.165000
0.488235 18.351000 5.725190 1.104410 1.219660 0.055771 0.133093 117.294000
0.993362 8.603570 9.231520 0.688426 1.355660 0.141550 0.096862 108.750000
0.335533 15.135800 15.934600 2.673240 1.520760 0.159982 0.062419 112.159000
1.316650 8.498380 10.358200 2.457770 1.651160 0.031274 0.140496 157.324000
0.358576 9.064690 16.571500 2.887660 1.291570 0.027759 0.151159 157.178000
0.330925 9.408870 12.028800 1.838840 2.173970 0.063024 0.063162 90.804200
0.643417 10.571900 17.410300 2.435860 2.003700 0.100755 0.069935 159.851000
0.835465 9.472390 12.270900 1.207630 2.251830 0.019898 0.056594 158.153000
1.165210 8.400960 12.911900 1.955420 1.062220 0.116136 0.150158 93.413400
0.318430 8.961590 8.546300 1.043430 1.332610 0.142555 0.134985 98.785500
0.339545 16.053600 12.740000 2.588230 0.587569 0.055496 0.168014 105.490000
1.378640 6.364360 12.623200 2.306990 0.932639 0.181395 0.156506 153.254000
0.447013 10.723700 12.400900 2.059950 0.875331 0.074459 0.194783 110.664000
0.515329 20.658500 14.112200 2.154040 1.255130 0.051267 0.169012 148.895000
1.087770 16.335600 18.943700 2.742360 1.366450 0.048461 0.073329 98.279800
1.089090 14.138200 6.844120 0.748105 0.980896 0.069043 0.165185 150.056000
0.326157 8.562400 10.767600 0.506192 1.324130 0.162544 0.118839 124.422000
1.124590 7.145980 9.582530 2.323770 1.536120 0.082505 0.097692 99.799000
0.940283 20.590000 8.324330 2.902580 0.776293 0.138086 0.081461 138.417000
0.365744 8.935220 5.615680 2.093160 1.054570 0.117926 0.135905 110.232000
1.001020 16.558500 8.992640 0.835952 1.701430 0.081690 0.068792 131.405000
0.874277 12.281700 7.364320 0.646681 0.868674 0.188755 0.093195 139.744000
0.787699 13.647900 15.323800 1.345730 1.045370 0.166169 0.186283 139.023000
0.846799 19.916700 14.789900 2.122300 1.311410 0.176680 0.126001 121.960000
1.104060 10.970600 14.935100 2.285660 1.422230 0.161575 0.142082 124.815000
1.340580 9.447190 11.595800 2.255640 1.013450 0.159461 0.171079 94.472900
0.848361 19.698200 17.634600 2.863790 1.125190 0.081450 0.138928 138.917000
1.166720 12.381000 11.221900 1.767990 1.151880 0.164770 0.177315 126.484000
0.333295 13.204100 14.806800 1.468230 1.738220 0.068749 0.116575 148.747000
0.979680 11.886200 7.185270 0.521305 1.091060 0.078602 0.196546 131.880000
0.421124 13.548100 18.616100 0.907416 1.317520 0.032711 0.059098 100.103000
1.226370 13.358600 16.105800 2.916890 1.456450 0.150853 0.052068 101.521000
0.477815 10.120100 13.520800 2.714150 1.249210 0.011413 0.126726 121.557000
0.659727 10.826900 17.967900 2.830460 2.071340 0.185678 0.052318 159.073000
0.344714 8.841050 18.958700 1.408290 1.411770 0.060698 0.147519 90.371200
0.670114 13.575100 13.646200 0.942880 0.949928 0.056236 0.179870 109.299000
0.722464 10.665000 9.202050 2.892340 0.495639 0.111899 0.196937 150.644000
0.498863 15.528100 16.300700 2.191820 1.315070 0.063764 0.060052 98.953800
0.447702 17.581700 17.296100 2.115580 1.778250 0.169159 0.062218 103.203000
1.085070 6.535770 8.132980 0.540871 0.986495 0.135309 0.185092 128.319000
0.578147 17.493800 6.548380 1.667260 0.958180 0.055307 0.131847 98.643300
1.059770 6.591950 7.904900 2.470500 0.757594 0.095362 0.149437 109.679000
0.956220 10.224500 6.331990 0.759876 1.165270 0.039088 0.136318 136.972000
0.739012 13.001400 6.818090 2.175680 1.301500 0.030088 0.171507 116.806000
0.631358 12.890500 19.523500 1.826220 1.363730 0.182265 0.092394 102.716000
0.533276 11.967500 6.705740 2.019750 1.111790 0.089986 0.170451 107.292000
0.378690 9.732910 16.615000 2.956450 1.563840 0.062037 0.112733 97.396800
0.928258 11.805100 7.522380 2.794010 1.600080 0.112177 0.136672 124.105000
0.501947 17.601700 7.253300 2.900650 1.646250 0.188945 0.081848 146.008000
1.056510 10.614300 11.851000 1.593060 2.090760 0.040014 0.050469 93.081300
1.333280 10.508200 10.535800 2.637540 1.020600 0.012795 0.175744 87.057100
0.544641 6.312560 13.880800 2.932390 0.732480 0.197242 0.087601 125.305000
0.933985 9.957820 15.271200 2.852350 1.004090 0.158288 0.051435 126.731000
0.534108 11.995900 15.494400 2.053410 1.026560 0.101481 0.130381 121.784000
1.328700 15.440400 13.174100 2.237300 1.039250 0.097314 0.095541 152.922000
0.576887 13.880200 9.375670 1.449880 0.834963 0.095284 0.158028 105.830000
0.790980 19.661700 12.504900 1.865900 1.281900 0.169729 0.087971 125.179000
1.014800 16.874500 12.142500 2.385410 1.649350 0.056810 0.101280 149.344000
0.476308 20.889200 11.754000 1.649450 0.864023 0.112897 0.187080 127.790000
0.926150 12.641600 8.561420 2.161380 1.070750 0.058660 0.190950 91.523800
0.413290 15.502700 6.596980 1.703570 1.596280 0.052360 0.064374 151.928000
0.520238 10.978000 7.361540 1.531810 0.992024 0.112363 0.060870 84.948400
1.093050 12.490100 10.449800 1.140870 1.287050 0.062612 0.074617 130.653000
0.858046 14.611500 12.896600 1.675430 1.295110 0.156824 0.090501 93.860500
0.795070 10.034100 10.756200 2.922730 1.017270 0.075121 0.151738 140.102000
0.767470 20.447600 11.900700 2.242490 0.689965 0.058091 0.179278 141.643000
0.895633 8.466510 13.928200 1.225040 1.445570 0.186604 0.074181 84.070300
0.848966 8.578770 17.068200 2.628150 2.048560 0.170822 0.057253 113.468000
0.330981 17.698700 7.903400 1.922350 1.792510 0.050371 0.081714 105.718000
0.911367 8.795150 10.640700 0.906280 2.087300 0.082480 0.051882 106.236000
0.445382 12.117400 10.770100 0.834731 1.573400 0.026650 0.106591 106.542000
0.890424 11.597800 9.609610 0.635029 1.395820 0.148946 0.062447 113.155000
0.539214 8.945580 11.576300 2.708400 2.290940 0.189725 0.053871 104.377000
0.555236 17.892600 7.444320 0.697823 1.603830 0.168814 0.071725 149.003000
1.019960 12.906700 16.330800 2.650330 1.105330 0.121634 0.158337 94.646400
0.487464 6.872800 10.862700 2.021960 1.456810 0.118027 0.099507 117.371000
0.771356 20.823400 9.242560 1.965390 0.928051 0.154194 0.175984 109.033000
0.389532 7.275480 8.762580 0.225887 1.362260 0.158156 0.138890 89.990900
0.584918 9.943890 18.609300 1.808360 1.973720 0.032875 0.058222 144.782000
0.709189 14.465000 5.938740 1.578010 1.404230 0.187058 0.086669 145.604000
1.060780 16.587400 12.999200 1.309120 0.780344 0.094026 0.169472 149.240000
0.681530 8.124540 11.270000 1.398260 0.649096 0.076712 0.108303 119.014000
0.872159 16.667500 6.296370 2.475090 1.827550 0.099787 0.082180 140.616000
0.526474 9.349130 19.687500 2.100730 1.488590 0.151271 0.098461 121.011000
0.883029 19.922500 15.385600 2.957980 0.904169 0.195645 0.198849 109.320000
1.313800 12.919700 18.462700 2.566680 1.182370 0.053681 0.137125 126.883000
0.981668 10.605100 14.024400 2.912000 0.672926 0.100001 0.193771 81.047900
0.678779 17.367000 12.339000 2.019800 1.256920 0.034557 0.056938 137.491000
0.605003 10.230800 11.631900 1.912060 1.651210 0.175647 0.120624 153.898000
0.410571 10.487900 16.419800 1.379110 0.987158 0.046970 0.197640 132.382000
0.442828 8.347520 6.028610 0.461898 1.517560 0.060702 0.177538 145.150000
1.317370 12.263700 11.989800 1.639680 1.326540 0.197527 0.141071 140.692000
0.610653 19.556200 18.252500 2.545140 0.866462 0.147299 0.112318 157.765000
0.803368 10.754400 6.683550 2.079670 0.686310 0.177145 0.173592 151.398000
0.753863 17.085000 14.874000 1.288700 1.816910 0.157775 0.081032 156.893000
0.855137 15.334100 13.458700 2.845760 0.830918 0.189227 0.166960 83.935800
1.289420 7.137580 13.456600 1.907360 1.675820 0.034660 0.069143 100.568000
0.560797 8.798940 8.302340 2.153730 2.561200 0.177688 0.056177 106.971000
0.570382 9.856400 18.033900 1.535070 0.692697 0.180252 0.128068 98.132800
1.393520 6.402740 17.637600 1.696230 1.148180 0.062052 0.076552 114.240000
0.661634 7.738690 12.595100 0.931485 1.570860 0.023004 0.079720 104.012000
0.994398 14.695600 7.574930 2.898390 0.799921 0.054127 0.190639 83.843600
0.546812 9.766910 7.714000 2.146350 2.403440 0.194449 0.054338 95.398800
0.358976 8.442410 16.915500 2.357700 1.817650 0.123328 0.109620 86.019200
0.810319 12.722800 7.746170 0.354550 1.356750 0.095007 0.114432 143.852000
0.657338 11.252800 11.594800 1.188910 0.960750 0.159422 0.190881 140.735000
0.439625 6.994300 17.593000 1.130720 0.827856 0.034932 0.172133 152.592000
1.319840 14.173000 15.770200 2.982600 1.825070 0.162489 0.077451 119.800000
1.208640 8.482590 14.407500 1.838470 1.428000 0.162644 0.079122 110.565000
0.746371 15.451900 6.015930 1.304420 2.188520 0.107577 0.055964 123.472000
1.131610 6.980820 8.902200 2.108280 1.461960 0.121180 0.068441 80.754700
0.637893 6.718590 17.153600 2.999520 1.280200 0.064606 0.157602 132.737000
0.985998 10.369700 11.226300 2.092530 1.731440 0.166959 0.071518 136.646000
0.449405 14.875300 13.609300 1.791440 1.287490 0.060241 0.109858 144.962000
0.585872 12.585000 11.453100 2.482990 1.171920 0.111438 0.063467 98.493400
0.930603 7.889520 12.966100 1.698270 1.109090 0.126633 0.106828 85.892600
0.685838 13.348500 19.017800 1.615430 0.887843 0.188146 0.192640 101.653000
1.025990 12.690800 14.444700 2.712000 1.503720 0.059901 0.102255 105.452000
0.354480 13.245400 9.004810 0.124755 0.587263 0.033529 0.181595 123.699000
1.031820 14.892000 18.304000 2.945090 1.141600 0.091452 0.198516 152.801000
1.398500 17.665900 16.689400 1.902130 0.813399 0.014276 0.109978 145.689000
1.060360 14.843500 11.007900 2.586980 1.239780 0.085820 0.073187 120.270000
0.837992 6.483100 5.789620 0.859180 1.411180 0.086190 0.169819 98.571900
0.647069 6.811130 10.726900 2.876100 1.683580 0.061225 0.133994 153.747000
0.876003 20.584700 8.064700 2.579810 1.000390 0.157537 0.164962 106.299000
0.930446 11.839700 15.259400 2.083400 1.094540 0.085468 0.111486 92.104500
0.864369 7.642990 6.335990 2.344910 1.512820 0.043589 0.169329 150.911000
0.328813 9.759770 5.652940 0.948473 1.473410 0.130620 0.154215 138.998000
0.505399 7.819100 7.082390 1.439310 1.358030 0.029946 0.077306 128.983000
0.787983 7.083830 18.994900 2.646350 1.331120 0.119745 0.086199 92.178700
0.572527 12.189400 17.378500 2.447350 1.348510 0.033973 0.080475 84.741500
0.886404 9.878630 14.815400 2.682810 1.711860 0.127352 0.110297 147.371000
0.325661 14.778100 16.563100 0.673132 0.743268 0.079038 0.181729 118.792000
0.312974 7.190010 14.077900 1.174310 1.018920 0.011457 0.165397 86.168900
0.797776 20.014300 12.380000 2.016380 1.382250 0.172197 0.083525 126.393000
0.828378 10.048500 11.347200 2.550370 1.373220 0.102782 0.060451 139.132000
0.340801 9.580140 11.663300 0.794382 2.116460 0.062246 0.073946 108.108000
0.877128 18.139000 10.670900 1.884890 2.189930 0.164060 0.056585 145.525000
0.821585 12.974000 7.090240 2.085260 1.046700 0.149963 0.179625 151.797000
0.308133 17.011200 15.470900 1.517010 1.449470 0.024134 0.059043 100.328000
0.323406 14.565000 5.747580 1.154520 1.350300 0.194709 0.142803 125.912000
0.870951 7.522300 6.712180 0.865298 2.160370 0.168382 0.065227 153.377000
0.461395 20.671100 6.147170 2.173580 1.435690 0.169042 0.166714 150.428000
0.367712 17.942800 18.986900 2.263620 1.233610 0.107953 0.062860 104.818000
0.842058 12.631600 12.128500 2.887450 0.936742 0.121515 0.184712 116.447000
0.509165 8.237870 18.163300 2.891500 2.154500 0.041850 0.073541 104.997000
0.471513 15.582600 18.088500 2.542710 1.092160 0.195777 0.115096 104.343000
0.347162 11.714800 19.419600 1.945350 1.493810 0.015096 0.100718 120.047000
0.599424 20.406700 12.765800 2.005130 1.626090 0.119923 0.113664 150.568000
0.714306 9.264460 10.902200 0.937056 1.117320 0.027683 0.079461 89.603500
0.993855 13.151100 6.923210 2.893050 1.131530 0.039018 0.099583 154.623000
0.484759 10.199000 19.891500 2.726940 0.550177 0.122299 0.197926 141.320000
0.765991 13.502600 6.880780 2.948900 1.083970 0.016516 0.083729 97.202600
1.133690 18.603200 11.380100 2.561510 1.963480 0.096356 0.064701 127.883000
0.302704 10.095300 19.633000 1.472120 0.566701 0.076312 0.187271 158.630000
0.846834 14.999400 9.768690 2.288310 1.046970 0.108497 0.106499 86.637300
1.274820 10.254400 6.637370 1.436010 1.242360 0.106558 0.055855 115.878000
0.496528 9.299100 15.757700 1.757950 1.251290 0.132245 0.185652 118.843000
1.301760 17.810100 12.828600 2.557820 1.379090 0.089237 0.082996 157.229000
0.470280 8.718040 15.371700 2.822720 1.219860 0.184618 0.180085 96.358400
0.763914 7.495100 19.785600 1.686720 1.132970 0.042118 0.068055 93.403300
0.386578 11.141600 17.857500 2.205360 1.193730 0.120313 0.140253 80.140200
0.311132 13.934700 14.510500 2.221230 1.152300 0.114160 0.129448 152.681000
1.118390 12.571700 13.717600 2.396740 1.146080 0.036439 0.176306 116.286000
0.385222 15.053200 16.603900 1.839850 1.459560 0.074487 0.143129 148.857000
0.480179 11.556700 7.877820 1.642490 2.106060 0.122464 0.078223 137.864000
0.601086 19.783100 16.760900 2.928560 1.097120 0.036505 0.124468 150.091000
0.454368 16.812200 19.600500 2.416660 0.714763 0.129472 0.128415 106.462000
0.621316 13.515200 10.473700 2.405080 0.935495 0.081207 0.178166 83.337000
0.372305 10.460600 13.495400 0.622256 1.343010 0.196357 0.140662 134.252000
0.634968 13.376500 12.840000 1.648980 1.314250 0.106828 0.099688 126.483000
0.432139 7.263260 19.228300 2.576740 2.194200 0.061429 0.052575 129.230000
0.392953 17.627100 7.252120 2.841760 1.304630 0.142628 0.173191 108.543000
0.878278 15.354300 17.501800 2.548410 1.511670 0.124180 0.086159 115.567000
0.362646 7.467030 7.760670 1.671970 1.463910 0.088034 0.130644 148.145000
0.583748 7.008260 11.770300 1.956900 1.414570 0.057870 0.196788 144.332000
0.632008 6.324170 16.515300 1.487700 1.585980 0.078136 0.077801 92.868000
0.483682 10.726900 5.975970 0.630490 0.931940 0.164501 0.101735 130.264000
0.857126 18.279500 7.218070 0.804423 1.614720 0.113213 0.083851 154.699000
1.030950 20.575100 9.164940 2.795820 1.179990 0.159850 0.097240 118.670000
0.494771 7.984890 14.722900 0.619993 1.539040 0.102590 0.080879 141.937000
0.701195 7.119620 7.061280 0.512210 0.812489 0.014603 0.195706 122.530000
0.942435 6.666180 15.721400 1.453840 1.201340 0.037929 0.174970 136.471000
0.873559 9.381330 6.782340 0.173493 1.207970 0.023839 0.124928 142.664000
0.631906 17.171400 7.694270 2.349010 0.895128 0.058038 0.101696 152.112000
0.649840 20.282500 19.725500 2.161800 1.309160 0.147759 0.144244 142.875000
0.572256 17.364500 8.777400 1.143740 1.098150 0.024972 0.191088 123.588000
1.008270 13.015000 17.678400 1.987360 1.434540 0.174346 0.073348 126.999000
0.797875 18.556200 6.187360 1.085220 1.137140 0.058677 0.147856 145.569000
1.231130 20.819000 14.824100 2.305640 1.049280 0.102452 0.189633 144.694000
0.722466 9.917740 13.381900 1.718620 1.339140 0.014190 0.146588 114.167000
1.076860 6.810010 9.004520 2.573650 0.649174 0.182371 0.197219 108.566000
1.347300 14.157100 19.803100 2.847650 0.739178 0.152318 0.082464 120.029000
1.071940 18.725000 13.427600 2.940290 1.580320 0.196838 0.091232 118.800000
0.503820 12.242400 16.531000 2.481680 1.236830 0.176471 0.185190 123.301000
0.439389 9.118180 13.009300 0.477987 1.270700 0.029681 0.106856 87.507600
1.342210 14.411200 17.059600 2.110820 1.319420 0.157885 0.109516 152.953000
1.321100 10.205300 13.470500 2.796390 1.696780 0.191837 0.051372 144.136000
0.794651 18.420300 6.458410 2.507880 1.550150 0.161878 0.090136 108.613000
0.770140 12.466900 6.033230 0.352944 0.559847 0.185216 0.197595 129.411000
0.355256 13.921200 7.169220 2.381740 1.658400 0.199496 0.124112 122.472000
0.447995 7.206680 11.564600 0.552425 1.648630 0.040113 0.085551 100.279000
0.406709 12.965500 11.403000 0.949668 1.590120 0.168809 0.089906 145.724000
0.467323 9.580600 17.103000 1.786620 1.706970 0.189471 0.070432 85.955800
0.811704 19.004200 12.769500 2.802110 0.947046 0.107503 0.074954 142.607000
1.332110 20.618900 8.300020 2.936490 1.390290 0.172226 0.067516 124.230000
1.385070 15.093200 15.818400 2.516980 0.491637 0.089634 0.187032 132.330000
0.356041 18.520800 8.873500 2.015280 1.318370 0.075527 0.085780 128.325000
0.469531 13.479400 15.424900 2.326650 2.253950 0.087517 0.052522 96.441600
1.355750 18.308000 18.153700 2.056550 1.751030 0.152789 0.060891 153.762000
0.465565 12.726700 17.879200 1.582890 1.111730 0.030513 0.177339 114.845000
0.727996 10.375300 12.348300 0.696736 1.115080 0.015764 0.121437 107.053000
1.135580 8.854640 7.746320 1.827630 1.600810 0.168333 0.064431 118.628000
0.829610 6.875770 16.016400 2.880470 2.175590 0.061137 0.085019 145.059000
0.638079 9.715770 16.316700 2.233420 1.154090 0.199895 0.111162 95.544300
0.885137 16.699200 6.094020 1.691150 2.358200 0.142911 0.050362 135.801000
0.881478 9.478790 8.855630 1.923880 1.645720 0.035581 0.061608 106.469000
0.498150 6.604210 9.891630 2.215310 0.602054 0.156375 0.177948 117.782000
1.157980 7.191620 16.566600 1.957810 1.273330 0.135449 0.129836 148.698000
0.301052 10.065800 13.095300 0.617463 1.121450 0.196345 0.120623 92.771900
0.520698 8.132440 11.797100 2.618630 1.612540 0.106508 0.186266 156.417000
0.569090 10.041900 10.423800 2.888940 0.950393 0.052218 0.195084 97.193700
0.806439 20.473900 5.958130 1.825580 1.007330 0.087254 0.056498 152.607000
0.546685 13.288600 11.249000 1.419180 1.480420 0.135731 0.112418 94.053000
0.482244 18.278600 7.596890 1.184710 2.028000 0.144454 0.056185 134.113000
0.346803 8.253290 9.501250 2.609100 1.624690 0.094673 0.086933 87.858500
0.434584 9.430010 14.321700 1.278390 1.638420 0.188555 0.113521 139.159000
1.073060 9.785520 10.113700 2.727550 0.547965 0.140579 0.196667 149.927000
1.251740 7.011130 19.306600 2.796050 0.954537 0.194133 0.113222 104.380000
0.633791 8.437870 7.620030 2.236040 0.956713 0.013367 0.177062 99.708900
0.587033 10.219700 17.216700 1.886490 0.819191 0.131662 0.073738 97.830600
1.243110 12.814700 8.039120 2.969170 0.908651 0.070501 0.190090 115.606000
0.317008 10.768200 6.973480 2.754390 1.052530 0.187374 0.079820 92.027500
1.004740 13.541900 18.661500 2.282720 1.156000 0.053623 0.150361 135.010000
1.128420 12.053100 7.529370 1.746330 0.827212 0.061550 0.175425 85.260100
0.963497 10.008000 9.918600 2.634030 1.250220 0.069391 0.148323 139.450000
0.809763 16.034100 8.609070 2.734830 0.985444 0.190894 0.144490 114.564000
0.335868 14.181700 16.842400 1.676510 2.119820 0.086589 0.055105 113.162000
0.398352 6.433290 8.025470 1.942450 1.137960 0.175339 0.186413 102.656000
0.410704 14.586200 11.127200 2.145120 0.901487 0.008501 0.140526 100.644000
0.618676 6.090030 18.831700 1.832790 0.679656 0.084934 0.125109 122.036000
0.673991 14.601500 14.463400 0.867285 1.209580 0.167986 0.130096 157.661000
0.322804 15.793000 9.208160 2.768210 1.180860 0.172368 0.157862 92.587100
0.743029 8.117850 6.584860 1.691610 0.887151 0.110966 0.089338 94.171900
0.331902 15.499300 10.231000 2.999290 2.301740 0.094016 0.057833 126.704000
1.097860 7.722420 6.832290 1.700840 0.872555 0.053950 0.092482 146.057000
0.352944 8.229270 7.481200 0.842925 1.332190 0.130066 0.163654 96.618600
0.580637 9.520470 6.959800 2.199130 1.551150 0.067365 0.121082 111.425000
1.100000 17.270100 14.672600 2.284340 0.658504 0.101080 0.117624 134.778000
0.676088 6.753420 6.824910 2.968770 1.630670 0.014933 0.146313 117.926000
0.472739 13.058200 19.664000 0.764945 1.790430 0.080616 0.087666 158.893000
0.461438 7.060890 9.254560 2.906310 1.352790 0.190195 0.166384 83.873800
0.748819 11.368300 16.466200 1.490920 1.532920 0.058504 0.085009 115.193000
0.560707 15.746200 19.543400 1.821790 0.801258 0.077078 0.157389 143.256000
0.755524 16.547800 15.282400 0.766868 1.329630 0.140280 0.070855 154.094000
0.631681 6.484390 9.701360 2.044340 1.369200 0.025365 0.135954 82.319900
0.395232 10.322100 12.038600 2.985200 1.054740 0.022919 0.196569 130.046000
1.114290 7.743130 11.841700 1.664130 1.019560 0.080558 0.191921 110.400000
0.397343 12.687100 17.759700 2.877220 1.884560 0.163886 0.095749 143.306000
1.371880 13.306700 17.595200 2.701180 1.145040 0.106873 0.109164 136.363000
1.168170 8.067160 10.208500 2.807500 1.832560 0.191241 0.071412 88.544800
0.688711 8.024420 9.440120 1.631090 2.445790 0.170866 0.050934 143.129000
0.349000 16.492400 13.810600 1.352600 1.188910 0.182827 0.074766 125.194000
0.561135 11.637200 19.525200 1.041430 1.305610 0.089379 0.130998 141.646000
0.419093 20.725200 9.757000 1.958610 1.359340 0.088595 0.114815 133.753000
0.807177 6.227140 17.339700 2.065780 1.643250 0.032150 0.133337 155.121000
0.938247 9.277670 5.945540 2.561790 1.211460 0.067739 0.148007 106.488000
1.086080 14.846000 8.971850 1.696500 0.881845 0.123962 0.127485 97.276200
0.565155 18.500300 14.289200 2.627060 1.401380 0.101513 0.114250 146.715000
1.037710 14.624600 15.082900 2.360720 0.767180 0.021970 0.099460 105.573000
1.322420 6.000250 18.569800 2.741990 0.960192 0.187161 0.068962 119.444000
0.478470 11.756100 9.053750 2.696520 1.248040 0.034539 0.184996 88.247500
0.770774 20.557700 13.130400 2.470120 1.030340 0.045325 0.112845 141.905000
1.176220 11.535800 6.681390 0.789365 1.748910 0.164143 0.058343 109.179000
1.229010 10.084500 10.617200 2.872320 0.760920 0.079766 0.080030 143.481000
0.884065 8.814930 8.529140 1.163010 1.430030 0.149202 0.126956 151.051000
1.180680 7.451510 6.422300 0.654374 1.535100 0.054949 0.071903 86.764700
0.653116 10.997100 8.151490 2.051240 1.232790 0.192354 0.176425 113.885000
1.131320 11.166500 6.013170 1.741960 1.186230 0.105993 0.113685 96.855100
0.965917 19.191800 14.222100 2.981570 0.563036 0.092128 0.167451 130.961000
0.692749 14.402300 15.161600 2.715580 1.042610 0.170357 0.199521 104.375000
0.492144 9.648270 8.933830 2.532210 1.824800 0.066424 0.076967 87.301700
0.684344 11.888200 13.900700 2.271900 1.764070 0.035057 0.065032 125.506000
0.642841 16.907000 14.181900 0.957624 0.850196 0.170144 0.173231 158.238000
0.812592 13.965000 10.929300 1.562060 1.415200 0.132953 0.163142 155.779000
1.103250 18.824800 8.466660 2.958310 2.045350 0.102861 0.053058 128.223000
1.336660 9.727850 16.484800 2.467150 1.689690 0.025928 0.055150 90.439500
0.743948 8.506430 5.670430 1.286760 1.726330 0.121771 0.116140 128.886000
0.825410 9.550690 10.484100 1.596990 1.710470 0.174845 0.090310 139.887000
0.713360 16.756100 11.973300 2.183440 1.280920 0.079385 0.115568 100.788000
0.853322 9.290950 19.101300 2.330280 1.829210 0.027099 0.084343 147.301000
0.615872 12.011600 16.754500 2.821370 1.341620 0.028547 0.068653 86.825200
0.650736 20.197500 8.711250 2.681240 1.912110 0.149555 0.056906 132.966000
1.338250 18.477400 13.628500 2.599210 0.931361 0.088773 0.195215 109.704000
0.755264 13.836500 19.440300 2.337520 1.055760 0.024623 0.153380 101.078000
0.487743 6.659170 5.698250 2.318940 1.722580 0.169944 0.109999 124.705000
0.642013 10.533000 11.263900 2.356330 1.067040 0.130636 0.162149 145.837000
0.751946 18.223600 6.807380 2.226970 1.126580 0.183056 0.158724 141.038000
0.775826 15.023500 17.739100 2.990830 1.674300 0.160267 0.061198 88.310200
0.757638 8.904330 13.214400 1.881070 2.016440 0.071312 0.051979 108.296000
1.129480 13.184600 9.642890 2.423600 1.094210 0.156871 0.197051 130.531000
0.997095 11.292700 16.081100 2.886440 1.457710 0.160578 0.122073 133.240000
0.563739 13.797100 7.706970 2.058370 0.592225 0.083180 0.172847 147.384000
0.885880 14.851900 16.886000 1.992510 0.846096 0.062959 0.145900 114.997000
0.322293 15.284100 8.507240 1.540530 1.223980 0.094905 0.152435 99.830600
1.263750 11.518100 10.229000 2.025200 1.396250 0.189888 0.106319 122.282000
1.219180 20.523800 9.211080 0.910059 1.191040 0.093431 0.108871 149.604000
1.311070 16.297900 5.893860 2.291350 1.178240 0.189624 0.149766 105.747000
0.882997 8.662270 13.667000 2.736310 1.129260 0.069784 0.121882 98.819600
1.236600 8.293130 14.060400 2.026090 1.722710 0.091003 0.052033 107.417000
0.716010 10.667000 12.346900 1.079110 0.831274 0.047022 0.089319 134.295000
0.913956 13.951900 7.338200 1.510830 1.240550 0.077446 0.094274 101.682000
0.301606 6.189460 8.397810 1.136590 1.823570 0.120826 0.112774 111.935000
0.689907 19.462900 5.506040 2.981430 0.664801 0.139776 0.173628 86.894500
0.802468 16.085300 7.976180 1.588160 1.315250 0.159619 0.056568 127.445000
0.518210 14.214800 7.260720 2.390740 1.414840 0.115751 0.154015 156.858000
1.276060 8.754360 18.684700 2.007310 1.287020 0.030152 0.092065 89.540800
0.409236 17.756200 9.024540 2.944930 0.913017 0.016051 0.160982 86.474000
0.797974 9.513070 6.239970 2.166400 1.017020 0.032684 0.160316 91.266100
1.015030 14.857800 7.613250 1.089160 1.259460 0.139070 0.094016 98.094300
0.919429 17.677400 18.825600 2.728920 1.034200 0.051011 0.187945 112.155000
1.037670 15.217200 17.134800 2.195320 1.349100 0.150458 0.078356 154.718000
0.613710 18.404800 17.239600 1.320460 0.970025 0.100869 0.180905 145.132000
0.868173 12.934900 13.517000 1.898750 1.261780 0.147412 0.071492 125.186000
0.747505 8.955770 9.829610 1.056540 0.866953 0.069328 0.089477 128.313000
0.447296 6.156200 8.025870 2.230470 1.828120 0.023417 0.061217 147.056000
0.446442 14.921400 10.784200 1.657070 1.046720 0.115054 0.161698 127.576000
0.429790 6.140450 5.901700 0.320414 0.862918 0.188784 0.179003 112.451000
0.526308 13.534000 12.529400 2.699190 0.987991 0.128286 0.166700 154.900000
0.578388 18.533000 10.201000 0.751936 1.042570 0.173243 0.150960 149.281000
0.817197 8.839720 8.589420 2.430230 1.451090 0.138193 0.059425 113.865000
0.614854 8.409750 6.502140 2.823670 1.290670 0.092335 0.159685 120.328000
0.686457 9.218980 14.369700 2.976210 1.591120 0.085156 0.085854 96.955200
0.713918 8.240050 13.295600 2.942730 1.492320 0.110284 0.133829 113.010000
0.520105 19.479600 9.778450 1.842070 0.778615 0.034314 0.163535 103.267000
0.745694 10.855900 11.763300 1.006930 1.529290 0.027637 0.129474 140.672000
0.795502 11.119100 11.511100 2.560490 1.120770 0.030596 0.177584 100.747000
0.375897 17.694800 17.863100 0.605857 0.853680 0.063297 0.157966 121.258000
0.549567 13.567800 10.141700 1.119990 1.330980 0.061254 0.127153 115.810000
0.395326 6.516960 5.932860 0.651922 2.002530 0.022036 0.080895 119.741000
1.199940 16.486700 8.682270 2.677110 0.822787 0.025097 0.091648 101.121000
0.496890 19.449900 11.740900 2.784370 0.860531 0.037910 0.126333 93.468800
0.766407 12.543300 14.999900 2.280750 1.690490 0.084172 0.096384 107.570000
1.205940 7.958640 16.125700 2.994730 1.752170 0.166712 0.112178 136.110000
0.683381 15.838800 6.840660 2.017950 0.924905 0.061242 0.115985 103.879000
0.628073 15.721800 12.508900 2.425620 1.134910 0.021273 0.191395 145.766000
0.707316 9.008300 11.446100 0.602279 1.619880 0.023692 0.072072 143.089000
0.679322 11.037600 8.831480 1.485960 1.564000 0.065805 0.110762 147.526000
1.307440 15.860800 19.375500 2.526340 1.302610 0.088563 0.063340 113.482000
0.591694 14.122500 16.184400 1.990110 1.571430 0.115934 0.086192 140.015000
1.140840 16.390300 14.009000 2.295220 0.789027 0.064393 0.167489 97.382900
0.462080 7.803990 11.839400 0.640531 1.859510 0.120095 0.063312 152.125000
0.521271 8.744530 18.226900 0.696124 1.641470 0.159743 0.066245 100.539000
0.843081 7.578110 7.834190 1.390170 2.009710 0.160285 0.073196 87.375600
0.956828 11.728500 7.952660 1.279030 1.460540 0.084964 0.120333 126.962000
0.547731 15.380800 19.412300 0.998451 1.186970 0.051606 0.138028 118.893000
0.668479 16.054500 12.578600 1.393210 1.391180 0.122348 0.095385 124.201000
1.049470 6.660840 11.039800 2.787500 0.562456 0.125278 0.126625 124.353000
0.804468 20.404200 7.774700 0.892431 0.806665 0.087178 0.192342 135.097000
1.384530 16.097600 10.242700 2.365120 1.517890 0.156062 0.079933 116.769000
0.920875 10.079900 16.652700 2.110640 2.140590 0.085670 0.066306 146.551000
0.808149 13.804800 13.857200 1.454930 0.819608 0.187622 0.159427 135.343000
0.883317 10.727700 17.380000 2.745080 1.206750 0.133336 0.147156 102.262000
0.417609 15.418600 14.746800 1.071980 1.316840 0.074332 0.155021 134.589000
0.505104 12.616400 16.067900 2.611390 1.381090 0.165997 0.112367 157.299000
1.326500 17.810500 8.635320 1.053850 1.150740 0.078030 0.123011 130.292000
0.897799 6.929820 16.119700 2.556540 0.764587 0.046291 0.067154 125.504000
1.200810 13.403900 19.119300 2.081150 1.736370 0.185087 0.079554 133.568000
1.028810 11.525800 15.412900 1.297190 1.453400 0.081755 0.079178 141.045000
0.679061 14.807600 17.158500 2.003600 0.919779 0.178965 0.061740 120.887000
0.321837 10.280400 13.633500 1.629870 1.889720 0.106772 0.104133 144.412000
0.996847 8.511510 19.696900 1.976930 1.029470 0.044846 0.143301 123.560000
0.894774 7.729550 9.047450 2.327450 1.385470 0.113897 0.199667 128.258000
0.585079 10.754000 15.503800 2.474190 1.417190 0.140522 0.081098 128.512000
1.233690 11.911900 13.805500 2.627700 1.421500 0.178130 0.105982 127.159000
0.962955 18.189500 7.227160 2.715030 1.628610 0.089397 0.082468 134.810000
0.745909 11.889900 5.948350 1.994140 1.040510 0.181427 0.163230 148.353000
1.280390 14.611700 14.901600 2.619330 1.682560 0.054461 0.069318 138.509000
0.335193 17.565700 19.450800 2.235500 1.784480 0.093213 0.077470 109.798000
1.203190 6.943610 14.844500 2.563150 1.363570 0.180653 0.119885 109.143000
0.404313 12.849100 19.908200 2.738580 1.116690 0.199885 0.122406 153.887000
0.741179 6.035850 7.429480 1.105140 1.400030 0.068788 0.160691 89.028200
1.024380 13.029000 6.009510 2.339290 1.896370 0.035823 0.083906 149.358000
1.385930 19.606400 15.913800 2.960050 0.939250 0.090636 0.121605 122.819000
1.150090 13.440700 16.142200 2.779530 1.126310 0.156475 0.178429 153.702000
0.355620 16.030900 15.579500 2.530110 1.325200 0.169866 0.113238 147.641000
0.415781 15.200100 8.658910 2.940520 1.442860 0.133211 0.115572 137.649000
0.649947 16.762600 13.710600 2.666890 1.576400 0.117961 0.119603 136.380000
1.250740 8.139240 12.726700 2.346870 0.928676 0.192303 0.158495 118.006000
0.854440 15.684200 12.855600 2.318870 1.481100 0.030064 0.052402 154.610000
0.748438 12.347600 12.040500 2.739840 1.171480 0.190641 0.168674 149.150000
0.970227 12.473000 7.351670 0.982832 1.717230 0.177799 0.087777 140.523000
0.508665 8.535000 19.998000 1.303640 1.139500 0.116847 0.130229 106.864000
0.437514 10.328700 11.353000 2.948930 1.223020 0.113161 0.146669 89.833100
0.710370 8.268580 18.422000 1.370210 1.187880 0.138755 0.194153 118.247000
0.900015 11.336300 18.779700 1.311290 0.980536 0.042556 0.175877 128.163000
0.385451 19.972200 17.021100 0.977758 1.021680 0.130402 0.187212 150.287000
0.609884 17.927400 19.441100 2.826240 1.940590 0.035446 0.062494 133.747000
0.423387 13.615300 13.459100 2.644350 2.512590 0.196787 0.058069 152.090000
0.414298 10.494900 10.025700 1.536580 1.730100 0.152327 0.103721 107.325000
0.693569 14.992700 11.928500 2.494440 0.647122 0.111629 0.134933 156.343000
0.772591 6.591770 10.440300 2.564580 1.397230 0.172709 0.051396 137.373000
0.487612 7.969050 6.868830 2.795840 0.904614 0.178284 0.088670 96.416200
0.588440 6.365490 18.604300 1.197050 1.375490 0.116428 0.115707 157.117000
0.564655 11.304100 10.219300 2.754110 0.800092 0.012845 0.099007 88.956200
0.328430 8.877970 13.365400 0.327966 1.765720 0.117560 0.056241 89.634700
0.339473 11.656600 14.240300 2.009230 1.275930 0.186818 0.156529 85.445800
0.350337 7.435230 15.702800 1.919160 2.156340 0.154603 0.077535 154.536000
0.392802 11.852600 10.298500 0.800993 0.983777 0.112560 0.142248 96.599700
0.335028 19.011800 14.434000 0.545248 1.101740 0.048007 0.189967 143.419000
0.324955 13.654600 19.837300 2.158750 2.115480 0.105759 0.060514 138.541000
0.943577 11.863100 8.146920 1.151920 1.221080 0.198216 0.191354 122.361000
0.688877 6.176630 12.052700 2.165820 1.455760 0.073942 0.177483 120.859000
0.868863 16.440600 10.059400 2.237290 1.492440 0.178092 0.061883 136.418000
0.865176 15.102500 9.059510 2.199670 1.337090 0.090826 0.123317 112.239000
0.322926 8.658990 7.427940 2.274510 1.746760 0.123608 0.076887 105.626000
0.434709 13.400500 17.137400 2.910960 1.072310 0.131026 0.176922 154.436000
0.575957 20.236500 10.620300 1.757240 1.268830 0.119185 0.131001 125.379000
0.839047 7.252910 15.447100 1.990570 1.501620 0.078221 0.097628 143.740000
0.969597 9.664180 7.531810 0.813856 0.688195 0.051357 0.168340 83.176100
0.913282 16.704500 8.932760 1.913330 1.555130 0.197444 0.130404 155.800000
1.212230 9.966730 7.472120 2.997050 1.348360 0.043111 0.158562 145.800000
0.452133 9.576010 13.639500 2.819950 2.030970 0.101351 0.080670 121.599000
0.547063 9.553220 19.436900 2.160050 1.683330 0.101083 0.135509 148.289000
0.370995 7.870910 14.747000 2.972550 1.485130 0.041371 0.146956 106.986000
0.564367 10.066700 15.688300 1.974820 1.013120 0.073048 0.150046 114.345000
0.881164 18.011800 18.405500 2.712180 1.266290 0.174373 0.129935 133.442000
0.658605 11.724100 12.644500 1.012280 0.807100 0.164626 0.093518 143.521000
0.829082 14.724500 7.810410 1.516700 1.566660 0.175444 0.089502 127.538000
0.957915 17.422600 15.816800 2.264940 1.431990 0.177179 0.100446 115.759000
0.734453 20.756400 7.150190 1.998400 1.712060 0.195390 0.050663 98.095500
0.381753 10.312800 17.762700 0.954362 1.546910 0.126181 0.106951 105.522000
0.308423 20.974600 10.413900 1.822870 1.419770 0.187905 0.098820 129.394000
1.310580 14.748200 9.706080 2.336170 1.591740 0.063239 0.078776 118.333000
1.320040 16.076000 13.360700 1.645550 1.960610 0.059994 0.058775 150.788000
0.859246 20.777200 18.051500 1.867460 0.575774 0.188316 0.165944 143.299000
0.581916 6.849410 19.756400 2.376350 1.537720 0.098199 0.088990 110.086000
0.589476 10.705000 19.333900 1.591760 1.344960 0.061289 0.106479 148.200000
0.501011 15.526500 7.609260 1.348350 1.064060 0.114508 0.074881 143.623000
0.481363 7.398290 8.327040 1.890170 0.941235 0.122572 0.119140 108.185000
0.638619 11.690200 13.821800 1.938120 0.597252 0.107384 0.153710 119.126000
0.997897 9.141480 14.394600 2.575810 1.011100 0.134121 0.193458 110.569000
0.667100 11.658800 12.452800 2.710770 1.585180 0.075122 0.122586 125.972000
0.350980 8.826010 9.639590 0.963613 0.635732 0.051169 0.150830 120.299000
0.553028 18.883200 10.039200 1.575220 0.874653 0.150551 0.167075 113.949000
0.757334 20.334700 7.165400 2.141730 1.213220 0.148820 0.138560 120.545000
0.854600 7.053240 15.039600 1.866460 0.656155 0.154178 0.156203 86.507500
0.860687 16.987600 5.553400 1.224060 1.552090 0.187214 0.085991 155.667000
0.463435 13.551900 14.908600 1.148190 2.332250 0.145655 0.056399 143.481000
1.145600 15.810700 11.393600 1.278830 0.804917 0.088385 0.172931 128.807000
1.356570 6.705660 15.867900 2.221260 1.239980 0.163334 0.188064 116.989000
1.316910 15.921500 12.171500 1.466790 1.191520 0.134990 0.108204 146.204000
1.036700 19.833000 13.889000 2.149760 1.098420 0.029736 0.098621 136.909000
0.370874 18.176600 6.610880 0.900056 0.705386 0.055225 0.191176 98.250300
1.004730 14.105000 18.968100 1.481680 1.083600 0.113347 0.101586 117.297000
0.401900 8.258620 6.925290 1.528370 1.941950 0.196508 0.061463 148.516000
0.498382 7.467340 11.012600 2.440680 2.083720 0.192124 0.092221 147.814000
0.733923 18.300600 17.007000 1.478600 0.967951 0.193314 0.188504 134.067000
0.586027 11.965800 6.705300 2.840000 0.712931 0.188843 0.078922 115.595000
0.810363 19.393500 8.771150 2.377980 1.531770 0.113680 0.053490 137.440000
1.008150 12.667100 9.943430 1.482520 1.133030 0.095558 0.087162 123.773000
0.591966 17.234900 14.033100 1.435510 1.416480 0.091582 0.110749 157.517000
0.562254 15.241700 12.618100 1.351290 1.525760 0.083928 0.144468 158.564000
1.097460 14.314200 19.223900 2.799050 1.120900 0.075199 0.164862 123.957000
0.604065 13.721000 5.893120 2.897970 1.303200 0.149327 0.151114 110.475000
0.644028 9.652610 16.070800 2.892770 1.656610 0.044064 0.126134 131.747000
0.440454 14.689200 16.649400 1.929220 1.194720 0.080752 0.177634 119.810000
0.775747 15.283500 12.889700 0.967709 1.539940 0.065754 0.079337 119.342000
1.349650 14.638700 13.779500 1.490220 1.696420 0.032656 0.054105 129.710000
0.673175 8.696330 12.519200 0.784987 1.171160 0.183639 0.166182 98.496400
0.709048 7.958120 7.678780 1.615110 2.104870 0.157675 0.057534 125.245000
0.851649 6.274030 7.043540 2.720260 2.032650 0.049148 0.057882 91.328200
0.365687 17.573800 8.412280 2.271100 1.723400 0.087064 0.084135 102.581000
0.519545 8.446060 14.007300 1.599930 1.511110 0.160513 0.058275 119.562000
0.588580 20.933300 17.668000 1.689320 0.938294 0.126490 0.116245 131.975000
0.790299 13.161200 19.347900 1.649320 1.450430 0.166196 0.062440 99.776900
0.355786 11.998700 8.213040 0.584274 1.529810 0.028516 0.071448 102.134000
0.577943 6.118720 13.665300 1.146770 0.950519 0.175359 0.112801 118.062000
0.799579 9.371570 9.148010 0.936969 0.871791 0.140221 0.067222 145.714000
0.476024 17.172300 18.336400 2.253980 1.402740 0.171178 0.056471 109.742000
1.271790 8.472080 11.961900 2.913300 1.549860 0.181860 0.098032 102.992000
0.982810 19.074400 18.842800 2.074890 1.087280 0.103630 0.119852 130.963000
1.184030 15.856700 19.648800 2.062720 0.962349 0.084618 0.172424 153.848000
1.267550 12.532000 16.828800 2.966710 1.718320 0.055014 0.062149 109.577000
1.256140 8.084610 17.372100 2.748780 1.023500 0.083273 0.118117 138.618000
0.321428 10.188000 6.685400 2.313310 1.879760 0.188971 0.064728 82.973800
0.914711 20.054400 10.398900 2.508480 1.673800 0.136816 0.105304 148.638000
0.499653 6.968440 9.312160 2.127770 1.284680 0.050935 0.113777 81.724600
0.590683 11.914800 16.316300 2.277650 1.928430 0.066978 0.078365 141.502000
1.221290 9.793340 18.877900 1.948640 2.224630 0.042777 0.056250 156.022000
1.100890 10.036700 8.235640 2.999170 1.105890 0.015710 0.182446 121.868000
0.774096 11.279600 18.020100 2.495540 1.675810 0.199181 0.062173 103.649000
0.694513 20.110600 18.394800 2.467060 1.111800 0.033402 0.106278 110.996000
0.890978 19.351700 7.869150 1.237560 1.623400 0.089185 0.072463 121.353000
0.315727 16.387000 14.197500 0.669975 1.363830 0.141209 0.138973 155.477000
1.389380 14.887300 5.837810 2.927800 1.464070 0.128845 0.111130 107.998000
0.554147 18.842000 12.156800 0.772997 1.104240 0.090561 0.118841 129.347000
1.146720 15.671300 9.281990 1.515230 1.923500 0.141510 0.051973 142.376000
0.341534 14.054900 5.533670 2.527010 1.410970 0.121173 0.125869 102.745000
0.541280 10.633100 13.052400 0.996516 1.244070 0.126756 0.180810 139.611000
0.736107 7.928700 15.593800 2.245370 1.390320 0.087456 0.118638 110.882000
1.070980 12.414900 12.214600 0.493403 0.900875 0.052449 0.177247 144.520000
0.720240 15.541400 5.940880 1.401000 1.333180 0.109240 0.115400 96.285100
1.219280 9.063120 19.283900 1.309460 1.044030 0.156307 0.094589 131.570000
0.414490 11.411900 5.501800 2.978290 1.293670 0.192956 0.190938 135.269000
0.664766 20.155000 18.983900 1.769520 0.798533 0.057192 0.166958 123.050000
1.373470 14.280100 16.156500 2.039540 1.153600 0.047358 0.155350 135.183000
0.454342 18.435900 18.168000 2.241200 1.322470 0.080238 0.081174 90.579400
0.899997 19.674900 11.500200 2.620330 0.833703 0.031172 0.162637 135.333000
1.249100 9.427950 7.862740 1.471000 1.159710 0.056365 0.146162 114.021000
1.359270 12.631100 16.563100 1.906340 1.272060 0.081032 0.101573 121.019000
0.717624 16.337400 16.149000 2.624630 0.895641 0.045568 0.184366 128.799000
0.825609 11.695400 11.610600 1.679620 0.557620 0.031936 0.153738 99.008400
0.874793 8.204160 5.689810 1.868700 0.811145 0.088644 0.168252 82.256200
0.433407 7.533760 11.535300 1.431900 1.135750 0.071402 0.197773 127.514000
0.775523 6.883750 10.558400 2.084510 2.279890 0.059607 0.083989 159.865000
0.576664 8.751780 7.862270 2.435530 1.183320 0.075877 0.138676 140.891000
0.748889 16.710000 11.505000 2.384930 1.081580 0.181722 0.129184 150.061000
1.237980 9.624610 13.960300 2.339840 1.228320 0.089308 0.182563 119.727000
0.410351 12.636100 10.666100 2.444880 0.911627 0.051801 0.189576 96.074900
0.599844 9.460080 9.305370 2.709140 2.176180 0.079598 0.060811 127.155000
0.855482 16.602500 8.302150 0.732723 1.318770 0.100496 0.050580 155.963000
0.361233 19.286000 10.259000 1.815970 1.103230 0.174417 0.066810 101.242000
1.066650 19.011800 10.990500 2.769730 0.777575 0.078266 0.160678 148.346000
1.133800 9.842260 12.632500 2.149780 1.130210 0.021911 0.192989 108.648000
1.254820 7.173860 6.470300 1.921420 1.358930 0.182361 0.134139 124.616000
0.422344 6.927530 12.621800 1.817190 1.971320 0.031055 0.100999 126.328000
0.720365 10.845100 14.913500 2.755020 1.828530 0.170904 0.051447 116.396000
0.811924 8.860550 16.471100 1.375320 0.985288 0.074902 0.141147 112.966000
0.914682 8.427620 10.648800 2.914070 1.172200 0.160032 0.106776 88.459500
0.897142 14.868300 14.713100 1.884940 1.223760 0.175682 0.149827 139.495000
0.794833 19.624500 16.106200 2.835530 1.164800 0.043667 0.171320 119.606000
0.581641 8.007840 10.537400 1.496100 1.717920 0.066652 0.084433 110.401000
1.247540 15.247200 11.804000 2.530310 2.039290 0.135970 0.053254 117.967000
1.252420 20.869700 12.762000 1.931280 1.115590 0.106620 0.114277 133.689000
0.336146 16.891100 11.416300 2.405720 0.975704 0.144365 0.129363 82.038000
1.271530 17.606200 6.453820 2.227440 1.472500 0.165869 0.106171 144.051000
0.691269 8.985040 8.498820 2.322370 1.199910 0.109783 0.086797 109.185000
0.568896 8.328160 15.198000 1.715540 1.775340 0.198611 0.092398 144.870000
1.065340 6.039560 15.697800 2.245520 0.998870 0.090422 0.057190 131.213000
1.285990 17.736100 18.040300 1.229930 0.921565 0.059268 0.198231 155.641000
0.396034 8.102230 15.823100 1.642800 2.022720 0.173339 0.087798 117.161000
0.836710 7.639780 13.189600 1.596530 2.181760 0.093782 0.060693 103.113000
0.445679 19.463500 6.998240 2.141850 1.291920 0.193720 0.158667 103.145000
0.944350 13.752500 7.391530 2.691300 1.059960 0.097466 0.120733 109.852000
1.002860 10.721700 15.128000 2.787370 0.544700 0.143455 0.134256 152.547000
0.854876 10.121400 7.500770 2.298520 1.615750 0.197251 0.135111 157.331000
0.980555 7.021890 6.162330 2.855210 0.587760 0.135688 0.182588 122.430000
1.164550 7.319360 9.867270 1.872840 1.536530 0.081167 0.107415 148.484000
0.771914 12.228100 7.775060 2.558770 1.146260 0.188323 0.155794 104.012000
0.799676 8.063700 18.839900 2.607600 0.691726 0.079177 0.187135 156.534000
1.011160 14.775000 10.240000 2.239140 1.279990 0.094030 0.155549 142.191000
0.802200 20.989700 9.473870 2.161600 0.979184 0.161512 0.169362 152.418000
0.666095 14.618400 8.131840 0.430730 1.287740 0.011932 0.105153 138.929000
0.871064 15.192200 17.636500 1.427980 0.652102 0.028218 0.171030 112.824000
1.225190 15.358300 7.086230 2.928710 1.404830 0.147304 0.056413 139.418000
0.715314 12.268400 10.088000 2.171300 1.421990 0.073479 0.112626 133.592000
0.418432 11.133600 8.919820 2.234200 0.872702 0.027711 0.097204 142.523000
0.306985 7.905640 14.997000 2.153360 2.001140 0.139262 0.121154 151.253000
0.516582 14.527300 18.104800 2.041910 1.012420 0.198025 0.137208 114.077000
1.137390 14.849600 5.961980 2.646110 1.286850 0.046520 0.139628 133.161000
1.209150 6.160400 10.680000 1.530530 1.645780 0.163934 0.095025 141.419000
0.413395 7.163540 16.295100 1.094520 1.180260 0.063607 0.179293 113.160000
0.348254 14.066500 12.062400 2.102850 1.321180 0.024123 0.128049 155.591000
0.911989 12.952600 12.657400 1.354790 1.212680 0.023656 0.077795 118.587000
0.714556 9.656900 11.863500 2.034780 1.264170 0.100992 0.192627 149.243000
0.945229 8.901130 17.190500 2.907280 1.362900 0.185826 0.154279 101.472000
0.799497 6.447550 13.128100 1.577710 0.914458 0.135484 0.077509 84.604900
1.265730 10.556000 12.869300 1.900420 1.186440 0.090154 0.196192 123.722000
0.866748 14.763300 5.854860 1.137040 2.075320 0.180625 0.056211 120.510000
1.255370 10.571400 17.091500 2.403730 1.761830 0.142502 0.075340 124.472000
0.671317 19.205900 6.353370 1.626120 1.149290 0.078371 0.097436 114.837000
1.343140 15.161700 16.529000 1.593770 0.669395 0.189937 0.116603 131.632000
0.356139 13.768100 13.639700 2.675810 1.352540 0.191267 0.176417 130.880000
0.404916 15.522500 18.328900 1.100420 1.241600 0.192569 0.188109 152.799000
1.384270 9.452020 8.644520 2.478990 1.606370 0.081960 0.109228 97.385300
0.709953 20.439800 10.896700 1.381050 0.996245 0.118506 0.095166 126.377000
0.761943 16.270300 12.154800 1.628680 1.076210 0.107638 0.117735 99.230800
1.142460 18.882200 8.139690 2.213870 0.611050 0.043963 0.140087 130.685000
0.303121 12.468500 8.002900 1.272200 0.938219 0.123300 0.077345 121.578000
0.595190 9.259470 7.551250 0.782836 1.086490 0.114217 0.153948 98.248400
0.935459 7.924650 17.756800 2.758110 0.666317 0.161282 0.081509 108.953000
0.739470 17.768500 15.736300 2.718030 1.057850 0.111976 0.179041 115.339000
0.499386 14.347300 18.447600 2.217870 1.445590 0.104326 0.135001 114.377000
0.674061 13.106500 8.703350 0.931707 1.504240 0.180145 0.067013 108.055000
0.352992 19.837100 16.385700 1.702930 0.905311 0.023309 0.188519 137.667000
1.096890 13.719500 13.294000 1.789510 1.050670 0.109348 0.164814 99.157100
0.903049 17.206800 18.768500 1.953580 1.075710 0.077023 0.070299 156.909000
0.948117 9.231460 9.840380 1.622900 2.229820 0.054920 0.059034 107.386000
0.489583 20.630600 5.579820 2.552710 1.427160 0.055099 0.090221 115.882000
0.389654 8.358360 13.837300 1.741990 0.841028 0.130018 0.121336 121.437000
0.796864 6.067580 7.495600 1.452500 2.479830 0.144290 0.067306 156.099000
0.735186 9.414360 17.958200 2.584350 1.235410 0.154627 0.187725 115.121000
0.938530 13.120800 13.746900 2.952870 1.149780 0.080033 0.078823 116.748000
1.145850 12.903700 5.892670 1.694450 1.593480 0.138801 0.051505 129.663000
0.965460 12.417700 8.827150 2.613860 1.245830 0.117821 0.174246 97.333900
0.306283 6.601810 10.748000 1.916510 1.618420 0.102593 0.186859 148.365000
0.569885 11.470100 13.328700 1.275760 1.455650 0.027223 0.108662 119.377000
0.842365 8.455710 13.513500 1.160700 1.900860 0.170441 0.073027 151.560000
0.626282 16.234000 11.122700 0.756969 0.865849 0.198852 0.163450 111.555000
0.718375 10.350600 15.653500 2.277810 1.122350 0.012373 0.094352 99.559600
1.057910 16.945000 15.322200 2.737560 1.220110 0.193122 0.162615 136.111000
0.575889 13.663800 14.833400 1.260120 1.631920 0.150470 0.092773 110.329000
0.472978 14.482300 10.381100 2.076940 1.420180 0.069441 0.145455 109.011000
0.428410 15.669600 6.822600 1.336390 0.890035 0.012002 0.176217 100.316000
0.395477 7.614410 6.571090 2.306140 0.590249 0.098779 0.124566 147.059000
1.349620 8.248670 8.768120 1.779590 2.045520 0.052934 0.055429 128.455000
0.870288 6.619850 9.193790 2.219670 0.735325 0.177276 0.143099 101.731000
0.483484 10.863700 19.705900 2.288750 0.791942 0.019213 0.115005 111.200000
0.527021 12.717000 17.600800 2.596950 1.784060 0.149843 0.083548 126.911000
0.399616 8.965360 19.949700 2.845240 1.863600 0.063885 0.085388 134.406000
1.190800 11.170200 18.637700 2.263750 0.993177 0.199661 0.145036 125.291000
1.032130 14.839900 19.449300 2.398430 0.602706 0.194873 0.140662 111.076000
1.224590 11.106100 18.574600 2.204510 0.988156 0.044842 0.156779 99.408200
1.079540 12.011300 19.034500 2.707100 1.610200 0.025336 0.052706 110.626000
1.048440 8.884090 15.220700 1.699450 0.742751 0.037103 0.087032 122.265000
0.881707 8.494850 8.283120 2.712640 0.457771 0.071623 0.185190 131.469000
0.521484 8.735350 17.376800 0.726363 1.873860 0.077870 0.074498 127.496000
0.543291 8.239880 18.674200 1.225240 1.740150 0.103084 0.093196 130.069000
0.781726 9.549840 11.927100 0.870730 1.571630 0.089159 0.098574 137.942000
0.405364 17.655100 13.658900 2.142350 1.378230 0.168926 0.181403 148.605000
0.368806 16.537600 5.556490 2.747020 1.724080 0.070730 0.115541 118.158000
0.300008 14.027000 9.359300 1.913360 1.168080 0.063040 0.077126 129.080000
0.487307 17.500000 9.489490 2.061050 1.730710 0.194370 0.103868 151.395000
0.342189 10.918900 7.184620 1.500970 1.522840 0.055643 0.131783 120.096000
0.823112 16.672000 8.417470 2.770610 0.761410 0.020176 0.100821 102.332000
0.423682 6.325010 11.445500 0.200891 2.197700 0.124827 0.054395 115.621000
0.435740 18.578300 7.229920 2.867300 1.583070 0.129307 0.066862 104.449000
1.130790 6.637580 9.763100 1.776410 2.168440 0.142625 0.054093 85.379200
0.591783 8.819160 8.935440 1.478000 1.410360 0.057490 0.094941 159.804000
0.601852 8.892960 6.245710 1.273360 1.872620 0.073309 0.099337 141.500000
0.382551 13.376900 15.860300 2.932460 0.702070 0.122286 0.098831 158.413000
0.898594 16.247500 9.277700 1.658560 1.315910 0.139897 0.053532 97.235700
0.441151 6.376840 12.295200 0.999734 2.399550 0.092582 0.059510 156.181000
