9.697630
22.356760
20.623120
15.791290
14.643850
16.936070
18.375560
16.571420
20.453130
18.873080
12.827290
17.349340
16.315480
21.586620
19.012270
14.401360
11.527760
18.429220
17.032030
19.980680
21.156840
14.133260
18.222720
20.894560
14.515870
19.241860
15.799540
18.292700
23.464230
15.753110
12.889330
18.210560
12.821210
20.163280
16.591020
10.946950
18.433130
15.381280
15.271750
13.041360
15.478100
14.315990
17.106020
18.506130
21.129510
11.488840
17.630160
20.672350
15.722850
15.814730
18.037320
17.003310
20.955140
13.983170
17.120700
13.848840
20.443420
19.584440
15.193200
17.589540
17.438750
12.848880
16.758750
19.266310
13.694450
15.916200
18.927080
17.965790
19.683080
18.655640
13.222780
14.535080
11.943660
14.901270
13.511030
21.883230
10.622640
18.319720
15.265610
18.503850
17.878280
20.890770
10.414650
15.335810
17.107330
22.082010
14.914030
14.652380
8.416380
19.539410
12.895800
17.412100
14.908500
14.856150
17.928740
16.203290
17.000620
18.055750
19.436050
13.531470
19.558240
14.681830
17.600370
19.637620
18.951800
19.860000
19.769370
20.046470
11.227890
18.287050
14.608460
16.272240
15.729510
14.721950
14.848430
19.121590
20.545240
16.744790
20.093730
12.188200
14.130980
12.175590
15.482980
20.482830
16.139490
14.517250
12.704100
13.852010
20.969310
21.416060
19.041130
16.592570
17.571660
21.023240
15.322240
16.810150
13.752270
18.034330
15.917620
22.341200
17.307330
23.487890
13.313560
17.546790
17.150360
10.588810
16.566430
16.104240
15.465650
11.738890
18.605250
18.075720
8.380600
8.638470
17.688250
13.394830
14.254630
16.432330
14.528870
17.332620
17.049340
14.009970
13.330900
16.142430
12.295830
18.802740
15.286840
16.378190
17.467750
19.411610
13.793760
12.544850
17.549790
14.326600
13.701760
21.425070
16.234460
13.609290
14.968310
11.895680
18.355020
17.372790
18.080020
10.979130
13.205650
18.061090
14.476450
20.381590
13.836390
17.820080
16.340800
16.808280
14.662260
13.439160
16.161480
15.076590
13.693710
13.782740
17.644860
15.015120
15.482620
18.422400
13.827310
11.249270
16.530250
19.844100
11.884010
17.975060
12.622300
12.530620
15.813860
20.507280
16.543630
20.331010
15.987110
17.760370
16.689250
19.833520
18.374680
19.060700
18.374570
19.108860
17.177770
13.705690
15.364420
18.319100
15.678800
11.678330
12.320760
17.103910
19.778510
11.921730
15.147890
17.139740
15.415380
18.700580
16.090470
17.809150
15.438130
23.591230
13.621210
11.439350
20.633890
19.731020
12.883770
18.804420
15.960950
16.940890
18.156140
11.754310
15.588220
17.009220
13.679080
18.084710
15.443230
13.062360
20.164770
15.657940
12.269490
14.896750
20.385250
12.736950
9.857520
16.025240
21.836790
14.115080
11.762540
17.672900
14.587360
17.377430
11.776270
12.913590
21.973690
18.627250
15.390510
13.876530
17.768230
16.432460
16.581750
11.820600
21.075020
17.549460
20.894030
16.007440
17.162020
16.988830
19.978510
19.715750
10.885670
14.522180
18.949430
23.306900
20.635180
20.398660
12.212250
17.297090
18.554450
15.914530
13.476100
15.850210
13.380920
17.491930
20.928460
15.371780
19.248310
19.310680
15.305840
12.920620
16.377550
11.888540
22.173830
13.746890
18.462190
16.884560
17.904550
20.585310
16.913710
20.942320
17.936140
18.218700
14.478570
11.108920
15.482400
10.297780
16.130350
12.418270
16.787410
20.631600
22.098710
14.386840
17.431810
10.784810
15.382750
16.305440
19.599120
18.037080
17.403520
9.435930
12.926270
17.304300
15.103980
14.118640
18.694160
15.231150
14.746100
14.858530
19.649490
17.404780
19.850190
21.044240
17.268400
12.311920
11.032330
9.962310
18.953340
18.769780
19.911770
15.015590
11.611940
16.949700
25.025880
15.626530
15.726430
18.093040
16.913570
17.662200
15.951130
16.495620
20.451070
20.995560
12.478500
10.064910
25.505420
14.876990
11.205240
17.318940
16.740840
13.755080
13.960090
12.647700
18.891490
15.094820
14.064520
12.566680
10.674940
13.339440
13.320350
16.862550
21.318250
16.407860
11.039610
12.925980
15.197480
20.584590
13.552280
15.362700
25.199860
17.086570
13.664600
11.628600
18.792680
13.021790
17.645880
13.390510
12.127650
14.960740
17.301520
13.244200
19.639030
19.415830
14.534420
9.641930
13.192060
14.544590
13.739860
15.305010
15.577650
14.644410
17.818750
15.304790
22.799370
15.665720
22.413870
20.225550
19.411870
13.793650
14.284700
16.198670
16.951790
12.933660
21.050750
14.986660
14.973090
10.261510
17.700350
14.313160
20.252640
20.840990
13.508840
14.453270
17.824290
17.372470
10.770320
18.653380
14.412450
17.290720
12.351210
16.371810
14.111990
21.211340
14.822310
16.031940
13.707250
14.143230
23.278760
14.240400
16.737850
19.735670
9.208850
9.899020
16.092930
19.699860
18.146100
14.084430
19.593560
16.654580
19.032500
13.583580
18.497730
17.832640
19.747370
10.805340
14.969680
19.200720
23.808280
12.823790
18.229210
11.850370
16.430300
11.511710
18.769160
18.515550
19.758250
14.421210
13.632310
16.839200
18.162870
14.953890
17.710430
16.658960
16.944760
11.951270
23.451430
21.166750
18.602660
16.633620
19.755910
13.005460
18.909830
11.875120
14.926630
12.178720
19.505350
13.430520
20.269900
17.418040
12.073690
11.664060
16.077610
15.380550
15.616460
15.181380
14.550990
12.436490
18.654610
16.207030
13.638020
19.665620
17.589310
14.687430
13.070680
14.161880
20.145370
16.240380
12.791520
15.308800
11.169850
22.962700
18.173830
14.676560
12.923410
13.809130
14.314870
15.651370
15.505810
18.114360
18.707210
20.853480
12.616750
19.800280
19.788150
14.317620
19.621150
12.268530
18.453740
14.784750
23.453130
13.259600
14.709020
12.612040
13.851590
12.820810
17.395810
21.152410
17.555170
19.671610
9.744410
22.435180
16.896360
17.469900
10.735260
16.110660
11.972640
18.798840
14.111960
10.934620
16.587400
15.416250
15.059660
17.114570
17.511890
17.990210
18.641640
16.317570
15.984400
15.821830
17.298290
17.368770
17.123250
14.044640
19.965890
21.272690
8.869580
14.509240
11.423630
12.338950
22.750090
16.238700
14.162090
13.898200
19.520280
15.815830
16.298740
14.791320
13.650260
16.988300
17.423080
17.487010
15.659630
13.371460
14.371570
19.524500
16.288260
11.888710
19.199310
16.006380
13.895940
11.597290
16.004010
14.206930
18.887610
12.616340
19.847490
11.942490
12.135570
11.060860
14.669770
16.346060
20.102380
13.477890
15.265560
21.326310
17.784480
13.490340
18.763270
15.902190
17.371350
16.859520
18.920830
11.602840
13.756700
13.282020
11.533320
18.797230
14.375330
18.883460
15.595140
18.782370
18.224320
14.454180
12.680680
21.556600
11.924160
18.831800
19.441960
16.462190
12.312760
15.378700
12.607610
12.583520
16.857240
12.874490
14.422600
14.354610
18.325790
14.963050
16.853600
21.119650
14.744260
15.960480
17.977900
14.545590
13.549120
16.176950
19.105170
11.339130
12.583910
21.309530
15.767370
12.866650
14.012620
14.182580
15.302250
17.745110
16.069330
15.511350
12.440060
13.885710
13.469260
12.346530
18.010230
18.783340
24.090270
16.550000
17.777730
15.996940
11.513600
17.340240
18.503700
21.067460
19.135880
14.443360
16.232730
10.504980
13.687560
21.568720
11.438870
14.388700
17.470520
12.700680
11.161130
20.681690
15.436050
11.812470
14.288570
15.299050
18.464110
12.862640
16.830040
16.977500
14.871830
20.159110
20.171010
17.302930
14.797970
9.747590
13.282950
16.014240
18.552510
16.541400
13.491300
11.745500
18.098790
12.636690
15.143180
18.043820
10.650770
18.814680
13.521860
11.447360
16.201460
17.173310
15.959200
11.147340
23.278180
23.974840
17.863970
14.808640
21.170170
20.941190
20.088050
19.725860
16.330420
10.230390
17.732700
14.811760
18.227520
13.386190
14.778320
17.071890
18.268250
18.961420
16.109140
15.235240
12.227520
16.835510
12.730770
17.305470
10.816330
18.938900
15.897680
13.254870
12.769430
15.799290
10.780780
12.447310
13.943060
17.549370
13.652530
22.319490
16.040600
16.289950
12.923480
12.800090
12.399040
18.382500
19.661290
16.322520
14.469980
21.085840
19.486820
14.530170
15.373120
18.643030
20.562700
18.519070
18.888760
19.652940
15.649490
17.581720
12.506300
15.518720
16.599900
13.091270
13.097860
18.180030
18.224070
15.044220
14.377890
15.722030
14.353840
18.781370
15.825560
18.092050
15.245590
16.944780
12.445330
15.381820
14.914060
18.045470
14.124070
16.313300
16.459080
14.164980
19.693690
16.160970
13.751780
18.432190
14.392200
13.305950
