17.704390
22.356760
20.623120
16.936070
18.375560
20.453130
18.873080
12.827290
19.765050
17.349340
16.315480
14.401360
15.043840
11.527760
18.429220
17.032030
19.980680
21.156840
14.133260
20.894560
14.515870
19.241860
15.799540
14.030330
18.292700
12.889330
15.551560
18.210560
12.821210
20.163280
20.357520
11.761220
10.946950
16.658680
18.433130
15.381280
15.271750
13.041360
15.478100
14.315990
17.710890
18.506130
11.488840
17.630160
20.999260
13.082120
15.814730
18.037320
17.003310
20.955140
18.164710
13.983170
13.848840
20.443420
19.584440
15.193200
17.589540
17.438750
16.758750
19.266310
15.916200
14.395290
14.835070
17.965790
19.683080
13.222780
14.535080
11.943660
14.901270
13.511030
10.622640
17.828590
17.080390
15.265610
18.503850
17.878280
20.890770
10.414650
15.335810
14.381490
18.351070
17.107330
11.627440
22.082010
14.914030
15.384510
14.652380
12.895800
15.268250
17.412100
14.908500
14.856150
17.928740
17.000620
18.055750
15.489620
13.531470
19.558240
14.681830
12.694400
14.980250
13.132020
19.637620
13.371120
17.671830
19.860000
19.769370
23.207640
20.046470
11.227890
18.287050
14.608460
16.272240
15.729510
14.721950
14.848430
19.121590
20.545240
15.739730
16.744790
20.093730
12.175590
21.346880
15.482980
16.139490
14.517250
12.704100
12.837300
13.852010
14.723100
20.969310
21.416060
17.571660
11.454450
21.023240
16.810150
13.752270
18.034330
15.917620
22.341200
17.149210
17.307330
17.546790
17.150360
10.588810
14.937920
16.104240
15.255240
15.465650
18.075720
8.638470
17.688250
13.394830
14.254630
17.537610
17.332620
20.323200
17.049340
14.009970
15.444870
13.330900
16.142430
12.295830
17.645570
18.802740
15.286840
13.508140
17.467750
14.770790
19.411610
13.793760
12.544850
17.549790
14.326600
13.701760
21.425070
22.263310
16.234460
13.609290
14.968310
11.895680
18.080020
10.979130
13.205650
18.061090
14.476450
13.836390
17.820080
19.159030
16.340800
19.844450
19.640090
16.808280
14.662260
13.439160
16.161480
15.076590
13.693710
13.782740
14.858480
18.819940
14.473250
17.644860
15.015120
15.110870
15.316120
15.482620
18.422400
12.096270
12.234410
13.827310
16.530250
11.884010
17.975060
12.622300
12.530620
20.507280
20.331010
15.987110
17.760370
16.689250
19.833520
18.374680
19.060700
16.919590
19.108860
13.705690
15.364420
18.319100
15.678800
18.573970
14.662550
17.103910
14.518560
13.943160
15.147890
17.139740
18.700580
17.809150
23.591230
13.621210
11.439350
19.731020
16.905860
18.804420
10.971050
14.219160
16.077540
15.960950
16.940890
18.156140
19.985300
15.588220
13.679080
18.084710
13.062360
12.269490
14.896750
20.385250
12.736950
9.857520
16.025240
12.145990
16.159030
14.587360
17.442310
20.347870
17.377430
11.776270
12.913590
21.973690
18.627250
15.390510
13.876530
17.768230
16.028170
18.361770
14.924200
16.432460
11.820600
21.075020
17.549460
10.434540
16.007440
17.162020
16.988830
19.978510
19.715750
10.885670
14.522180
18.949430
23.306900
20.635180
20.398660
18.665770
17.318250
12.385860
17.297090
18.554450
15.914530
18.210040
13.476100
15.824990
15.850210
13.380920
17.491930
20.928460
14.349410
15.371780
19.248310
19.310680
15.305840
12.920620
16.377550
11.888540
13.746890
18.462190
12.445590
12.692110
22.807230
16.884560
17.904550
20.585310
16.913710
15.430380
20.942320
17.936140
18.218700
11.108920
15.482400
11.920910
10.297780
16.130350
9.638090
14.465380
16.787410
22.098710
19.375580
17.431810
10.784810
15.382750
16.305440
19.599120
18.037080
16.971860
17.403520
9.435930
12.926270
17.304300
15.103980
18.240170
10.808060
13.488890
15.231150
11.314590
14.746100
14.858530
15.992600
17.404780
21.044240
18.191160
17.268400
12.311920
8.405750
11.032330
18.953340
18.769780
19.911770
15.015590
11.611940
16.949700
25.025880
15.626530
18.093040
16.913570
17.662200
15.951130
16.495620
16.123760
20.995560
12.478500
14.877790
10.064910
25.505420
17.318940
9.511060
16.360260
16.740840
13.755080
17.879270
13.960090
20.901980
18.891490
15.094820
14.064520
12.566680
10.674940
13.339440
13.320350
12.556790
16.862550
18.323310
21.318250
11.039610
15.197480
20.584590
11.488040
15.362700
17.724060
20.217400
22.215790
19.888530
13.021790
17.645880
12.127650
14.960740
13.244200
19.639030
7.998060
19.415830
16.874100
14.534420
9.641930
13.525660
14.544590
15.577650
14.644410
17.818750
15.304790
22.799370
15.665720
20.225550
19.411870
14.284700
16.198670
11.937800
14.986660
12.475330
14.973090
20.562590
10.261510
13.472490
14.313160
12.958800
20.252640
20.840990
13.508840
14.453270
20.725580
17.824290
19.091410
18.653380
14.412450
17.290720
16.371810
14.111990
21.211340
14.822310
18.709420
13.312600
16.031940
13.707250
14.143230
23.278760
18.408310
16.737850
19.321230
19.735670
9.208850
12.513460
9.899020
16.092930
19.699860
18.500270
14.084430
19.593560
16.654580
19.032500
13.583580
9.020430
18.497730
16.740450
15.959210
17.832640
16.344390
19.747370
10.805340
14.969680
12.823790
18.229210
11.850370
14.143120
16.430300
14.190780
11.511710
15.548070
18.515550
19.758250
13.632310
16.839200
10.679180
17.710430
16.658960
16.944760
11.951270
16.318830
12.450830
23.451430
11.959240
12.111810
18.602660
20.140630
16.633620
21.901130
17.908220
13.005460
11.875120
14.926630
17.247760
12.178720
20.269900
17.418040
14.584530
12.073690
11.664060
16.077610
15.380550
15.481270
15.616460
15.181380
12.982740
12.436490
13.525660
16.207030
19.665620
17.589310
13.070680
14.161880
20.145370
11.382300
9.320560
16.240380
15.308800
12.540710
22.962700
18.173830
12.923410
13.809130
12.810910
13.677680
14.314870
18.707210
20.853480
12.616750
14.317620
19.621150
12.268530
18.453740
13.259600
14.709020
21.384130
12.612040
13.851590
12.820810
17.395810
21.152410
17.555170
19.671610
16.896360
17.469900
15.405720
19.751040
16.110660
11.972640
18.798840
14.111960
10.934620
16.587400
15.416250
17.064760
15.059660
11.711870
17.114570
18.259240
17.990210
12.553740
18.641640
16.317570
15.984400
17.298290
21.139790
17.368770
14.287070
17.123250
14.044640
8.869580
18.537400
11.423630
12.338950
14.743210
22.750090
14.162090
13.898200
19.520280
16.298740
13.395720
14.791320
12.987390
13.650260
19.761770
16.988300
15.973630
17.423080
15.659630
13.371460
14.371570
16.288260
16.006380
13.895940
11.597290
16.004010
12.019060
18.887610
12.616340
19.847490
11.942490
12.135570
11.060860
16.346060
20.102380
15.265560
17.784480
12.982070
13.490340
18.763270
18.211880
17.371350
16.859520
18.920830
11.602840
13.756700
18.727050
13.282020
11.533320
18.797230
14.375330
18.883460
15.595140
18.782370
18.224320
12.680680
15.392560
21.556600
11.924160
18.831800
16.462190
17.241070
12.607610
16.857240
12.874490
14.354610
18.325790
14.038180
14.963050
18.711050
16.853600
21.119650
14.744260
15.960480
17.731730
14.329340
17.977900
14.545590
13.549120
16.176950
11.339130
15.964100
12.583910
23.023720
21.309530
12.492300
14.012620
17.745110
15.557100
16.069330
15.511350
12.440060
13.885710
11.224570
22.663480
11.478380
24.090270
14.435050
17.777730
11.513600
17.340240
21.067460
19.135880
16.232730
10.504980
13.687560
21.568720
11.438870
14.388700
14.060650
17.470520
12.700680
11.161130
20.681690
15.436050
21.832640
11.812470
17.838550
18.464110
12.862640
16.830040
14.871830
20.159110
20.171010
17.302930
15.282560
19.426410
14.797970
13.282950
16.014240
18.552510
16.541400
13.491300
11.745500
14.459340
16.271780
18.098790
12.636690
15.143180
18.043820
18.814680
13.521860
11.427800
11.447360
14.990120
23.278180
23.974840
14.808640
21.170170
20.941190
13.178920
16.614820
19.725860
10.230390
17.732700
14.811760
18.227520
13.386190
14.480400
14.778320
17.071890
18.268250
11.869480
16.109140
15.235240
19.305650
16.835510
12.730770
17.305470
10.816330
18.938900
15.897680
13.254870
12.769430
15.799290
17.221520
18.033340
12.447310
13.943060
13.652530
16.040600
15.763840
13.851670
16.289950
12.800090
19.314950
12.399040
18.382500
19.661290
16.322520
14.469980
19.486820
14.530170
15.373120
18.643030
18.888760
19.652940
15.649490
16.599900
13.091270
13.097860
18.180030
15.044220
14.377890
14.353840
18.781370
15.825560
18.092050
14.254720
15.245590
16.944780
21.667950
14.914060
18.045470
18.950080
10.127480
16.755710
16.459080
14.164980
16.160970
13.751780
18.432190
14.392200
19.568160
13.305950
