0.383740 5.419700 10.279000 1.149800 1.337200 0.019886 0.139760 104.860000
0.437450 11.129000 11.039000 1.234000 1.030300 0.012860 0.133160 89.911000
0.349570 8.078500 8.723800 0.869460 1.275700 0.025008 0.074553 107.950000
0.553440 9.525200 10.551000 0.883210 1.165100 0.018044 0.072717 116.520000
0.380380 11.268000 7.722400 1.429400 1.062500 0.014166 0.104540 84.778000
0.270520 7.455400 8.162000 0.851660 1.176600 0.021740 0.090722 74.409000
0.270520 7.455400 8.162000 0.851660 1.176600 0.021740 0.090722 74.409000
0.526540 11.931000 13.043000 1.207300 1.214500 0.024642 0.096612 132.170000
0.452290 8.940200 11.410000 1.351200 1.051400 0.017037 0.072803 73.967000
0.491830 11.319000 9.854300 0.799300 1.102400 0.015009 0.107400 112.880000
0.454780 6.657300 12.134000 1.279000 1.074800 0.012834 0.065229 72.872000
0.517300 6.748800 9.069800 1.185200 1.322700 0.026113 0.089505 108.720000
0.554610 11.592000 12.743000 1.396600 1.140800 0.024700 0.123720 103.600000
0.516490 9.794000 12.684000 1.073900 1.222700 0.026642 0.062637 129.800000
0.461340 12.374000 8.178500 1.501000 1.189500 0.016647 0.102570 126.690000
0.509590 10.117000 10.065000 1.369000 1.207600 0.026263 0.130930 102.770000
0.531480 9.735400 12.530000 0.738670 0.997750 0.016740 0.136890 87.055000
0.467070 8.270100 9.168200 0.849460 1.186400 0.021025 0.089029 102.050000
0.245100 5.520700 11.770000 1.433600 1.305600 0.020262 0.138280 78.279000
0.316420 7.342800 8.735900 1.254000 1.247300 0.019489 0.090868 86.528000
0.501480 7.123600 13.081000 1.266200 1.164600 0.027335 0.116160 82.382000
0.404500 9.337100 10.668000 0.684890 0.981350 0.015051 0.087992 74.273000
0.541520 9.912100 8.910900 1.344700 1.081100 0.027272 0.117390 76.817000
0.341760 5.462200 13.122000 1.089200 1.349100 0.027743 0.139880 106.130000
0.491430 7.220500 12.124000 1.279400 1.140400 0.027730 0.136990 75.440000
0.287970 7.364000 12.750000 1.390900 1.213700 0.022065 0.130720 78.885000
0.265030 5.570800 9.578000 1.490100 1.332600 0.020083 0.113650 74.648000
0.552330 11.182000 11.697000 1.429700 1.310500 0.027607 0.125010 144.300000
0.250290 5.430300 12.024000 1.325900 1.310900 0.020710 0.117850 77.810000
0.356510 6.232500 12.339000 1.464500 1.222300 0.024698 0.131660 74.387000
0.258270 5.836900 10.803000 1.321400 1.302700 0.017229 0.122350 80.926000
0.314070 5.408700 10.251000 1.246900 1.389000 0.026699 0.130070 90.703000
0.264560 6.059400 12.181000 1.394200 1.320700 0.026977 0.134240 75.852000
0.266280 5.640700 13.086000 1.509200 1.273300 0.016587 0.128430 83.668000
0.516900 11.358000 13.046000 1.532600 1.255000 0.025387 0.132490 138.110000
0.330200 8.018700 12.243000 1.532100 1.229700 0.022975 0.136390 81.122000
0.294430 5.656700 10.865000 1.216000 1.249700 0.018091 0.132880 72.273000
0.251200 5.546900 6.472900 1.144900 1.349200 0.026030 0.137750 75.293000
0.306730 5.928900 13.153000 1.382300 1.146100 0.012846 0.071024 72.988000
0.269130 5.407900 9.911000 1.396300 1.362900 0.026190 0.114490 74.754000
0.297960 6.108200 12.913000 1.364000 1.317300 0.023872 0.132210 88.614000
0.533410 5.409300 11.595000 1.507500 1.334500 0.024976 0.128630 97.000000
0.552000 11.229000 12.632000 1.377600 1.048500 0.027677 0.131690 78.695000
0.271550 5.488400 11.364000 1.468600 1.302500 0.019261 0.101080 78.370000
0.441790 6.967700 12.537000 1.450300 1.262200 0.024824 0.136590 86.121000
0.249230 7.820500 11.474000 1.500100 1.239300 0.027018 0.136290 77.500000
0.323750 7.136100 13.103000 1.482200 1.210800 0.021534 0.123880 74.959000
0.526070 12.384000 10.346000 1.501100 1.069800 0.024649 0.139220 88.001000
0.555630 11.597000 11.943000 1.402300 1.297900 0.027785 0.112980 152.100000
0.325730 5.505900 12.603000 1.356500 1.286500 0.021285 0.122510 83.452000
0.240420 6.451900 12.543000 1.410500 1.246200 0.019983 0.116160 74.788000
0.269760 5.550600 11.770000 1.510500 1.358200 0.026922 0.105180 80.559000
0.377600 5.610800 12.838000 1.230600 1.225100 0.021873 0.136980 80.065000
0.310070 7.636400 13.164000 1.476600 1.263300 0.021329 0.130220 86.337000
0.523810 12.246000 12.455000 0.674310 0.783960 0.014160 0.133420 75.191000
0.283970 6.210000 12.517000 1.531000 1.237900 0.022568 0.107280 74.905000
0.439110 7.474500 12.949000 1.355200 1.244500 0.027438 0.134250 88.965000
0.256770 6.774000 9.875000 1.502900 1.277700 0.016901 0.132930 79.262000
0.457860 10.216000 13.116000 1.526600 1.176700 0.027384 0.119610 88.929000
0.541260 12.056000 13.173000 1.472900 1.198700 0.025182 0.100660 120.560000
0.360570 5.679100 12.692000 1.344500 1.233600 0.018860 0.135260 74.167000
0.291810 7.134000 12.746000 1.348400 1.203500 0.015464 0.139900 88.207000
0.286200 5.611000 12.949000 1.381900 1.377300 0.025703 0.137990 89.794000
0.290340 5.818600 9.691500 1.401500 1.251000 0.017120 0.133500 78.406000
0.558670 5.949100 12.732000 1.457800 1.337700 0.025706 0.138400 109.790000
0.394590 6.058300 12.979000 1.533500 1.270500 0.023982 0.134920 81.910000
0.557970 7.678300 10.581000 1.495800 1.160700 0.027801 0.125310 74.525000
0.471970 5.869700 12.083000 1.483700 1.157700 0.012870 0.065919 82.363000
0.269330 6.317900 12.015000 1.071500 1.274400 0.027411 0.135610 74.754000
0.277050 6.501300 11.525000 1.383000 1.305400 0.026892 0.136240 87.555000
0.295090 6.632700 10.310000 1.522500 1.191100 0.014791 0.135930 77.093000
0.297400 6.139000 8.043800 1.536000 1.290900 0.019346 0.132120 76.217000
0.541210 12.145000 12.970000 1.355900 1.029600 0.027785 0.138200 87.093000
0.315790 6.252500 12.404000 1.509800 1.256400 0.027017 0.113110 74.946000
0.401660 6.524700 12.337000 1.504300 1.281800 0.027830 0.137120 87.254000
0.248380 5.955600 6.364000 1.500600 1.304900 0.017962 0.132130 72.208000
0.247600 5.546600 8.812900 1.473200 1.289700 0.018617 0.139550 73.405000
0.281590 5.414900 10.488000 1.205300 1.282400 0.026575 0.123620 74.182000
0.425800 6.050900 12.927000 1.530200 1.294400 0.025659 0.111210 86.495000
0.510070 6.757700 13.000000 1.515600 1.173000 0.021108 0.133110 76.745000
0.554320 10.868000 12.735000 1.296200 1.045600 0.026351 0.120440 82.754000
0.372680 5.800800 12.055000 1.472300 1.285500 0.025337 0.115690 79.428000
0.305410 6.275500 12.571000 1.404100 1.266800 0.014384 0.136920 97.604000
0.277200 6.391500 11.988000 1.490100 1.180600 0.012444 0.125320 75.881000
0.472360 6.410600 11.475000 1.528900 1.259800 0.026416 0.130940 87.148000
0.380510 6.201400 12.047000 1.531400 1.396300 0.026357 0.139330 107.990000
0.546650 12.178000 12.648000 1.216100 1.286000 0.027649 0.086359 160.980000
0.519740 7.633400 12.530000 1.507300 1.190600 0.026752 0.119510 81.063000
0.384370 6.553500 12.655000 1.478700 1.223300 0.022398 0.135040 81.142000
0.335270 5.898900 12.380000 1.248400 1.259400 0.021442 0.134690 84.027000
0.493360 11.467000 13.161000 1.529600 1.156100 0.027250 0.121970 102.310000
0.527120 11.250000 12.316000 1.357700 1.141600 0.026355 0.134720 98.354000
0.539740 11.840000 11.843000 1.454800 1.306500 0.027673 0.128500 153.310000
0.538120 5.830200 8.440800 0.780170 1.269200 0.022073 0.086398 99.873000
0.541510 7.735100 5.733700 1.105900 1.180500 0.026896 0.064769 75.936000
0.415020 12.349000 9.366200 1.002300 0.991360 0.024669 0.079307 73.665000
0.340910 6.599500 11.514000 0.895670 1.093400 0.012323 0.131130 76.903000
0.517650 8.889700 7.116200 0.761900 1.076100 0.013706 0.107730 87.836000
0.439010 11.252000 6.854800 1.187300 1.204400 0.014122 0.088301 130.120000
0.469390 9.062300 6.611900 0.683480 1.259400 0.020227 0.129100 114.740000
0.505610 10.015000 10.838000 1.287000 1.259100 0.017129 0.121950 135.830000
0.546500 11.494000 5.821300 1.346900 1.297300 0.024948 0.069204 133.830000
0.412350 8.189300 9.312600 0.860480 1.166300 0.026461 0.072683 82.531000
0.538640 12.081000 7.972400 0.844520 1.287000 0.023426 0.066499 159.250000
0.500840 11.451000 7.826000 0.689590 1.079900 0.026645 0.131990 89.098000
0.330330 11.881000 6.219500 1.072900 1.112300 0.015569 0.067452 97.000000
0.434830 12.079000 9.127200 0.667020 0.982570 0.017948 0.115650 87.335000
0.415130 8.286100 7.754100 1.175300 1.291700 0.017244 0.077781 121.990000
0.434130 5.974700 5.841400 1.321600 1.278200 0.022786 0.066925 77.020000
0.429920 6.254700 10.824000 0.793610 1.221200 0.021118 0.111770 88.073000
0.348770 7.101500 7.900100 1.248400 1.224500 0.027793 0.082425 73.757000
0.279430 7.066600 7.247600 0.872850 1.259400 0.027287 0.123670 76.889000
0.447530 12.326000 9.971100 0.776190 1.057700 0.015080 0.086772 106.480000
0.481900 5.770700 9.851900 1.244300 1.362000 0.027006 0.118500 115.290000
0.538110 7.023300 11.948000 1.423400 1.193700 0.017249 0.066717 92.011000
0.557190 10.748000 8.532500 0.813210 1.053000 0.014434 0.087800 96.647000
0.546540 9.355000 9.866400 0.974440 1.144100 0.018136 0.084463 104.860000
0.498140 9.830800 8.745500 1.224800 1.192500 0.027579 0.079063 96.444000
0.452750 5.773100 9.562700 1.020700 1.332300 0.021889 0.099007 112.170000
0.400640 6.831000 10.355000 1.272800 1.213700 0.026205 0.095799 78.190000
0.473590 11.247000 11.501000 1.412600 1.209500 0.017605 0.113170 128.080000
0.451640 7.643000 11.486000 1.415500 1.286100 0.025185 0.097121 100.910000
0.419060 10.794000 10.404000 1.433700 1.216700 0.015634 0.133020 119.990000
0.526880 11.939000 9.796000 0.931230 1.127900 0.019031 0.139120 111.000000
0.450460 8.614200 7.118300 1.104900 1.261500 0.025506 0.073452 100.500000
0.509950 10.429000 7.801700 1.278600 1.388600 0.027566 0.133440 152.140000
0.514210 6.044600 12.268000 1.310700 1.183200 0.024981 0.103910 78.305000
0.375100 6.738200 10.311000 0.745220 1.186900 0.016709 0.133570 91.974000
0.453830 10.299000 6.293500 0.775300 1.159300 0.012920 0.094572 120.460000
0.372500 5.871900 7.132200 1.450700 1.270100 0.017059 0.097805 76.182000
0.517840 11.774000 9.102700 0.691810 0.944570 0.026144 0.131150 79.337000
0.544320 11.171000 12.170000 1.534700 1.262600 0.018882 0.115810 144.490000
0.337820 5.696500 6.068600 1.386600 1.285500 0.014786 0.068817 82.286000
0.462040 6.748800 9.148500 0.839800 1.303600 0.027056 0.139490 119.530000
0.324450 6.692100 10.972000 1.336300 1.233900 0.023914 0.077026 77.947000
0.455080 9.332900 6.168100 1.344500 1.291600 0.015980 0.071741 133.570000
0.320460 7.762900 7.282000 0.812830 1.216700 0.027313 0.085332 81.013000
0.319440 8.838500 9.425300 1.351700 1.131400 0.015681 0.068620 80.885000
0.527080 11.334000 10.562000 0.801380 0.893750 0.017222 0.102550 77.225000
0.515050 10.326000 9.349000 0.729840 0.970300 0.026923 0.135640 78.786000
0.493440 10.651000 13.178000 1.509200 1.136600 0.025749 0.100740 95.811000
0.327780 5.440100 11.132000 1.420100 1.274900 0.022494 0.083177 72.343000
0.324760 7.902300 9.661600 1.394300 1.220100 0.017616 0.138020 83.001000
0.511510 5.429200 8.190300 0.800760 1.302700 0.020554 0.096993 109.080000
0.409470 9.821000 8.624200 0.867850 1.214800 0.018934 0.077375 120.140000
0.366670 7.847800 12.333000 1.465500 1.136500 0.012581 0.137410 84.166000
0.547180 10.328000 12.091000 1.390000 1.199000 0.017263 0.137050 117.020000
0.459040 5.405900 11.691000 0.784840 1.265700 0.027913 0.119050 109.700000
0.503830 9.756700 8.491500 1.009900 1.223800 0.022475 0.074188 117.630000
0.454520 6.594300 8.217600 0.988950 1.351300 0.021288 0.087715 120.760000
0.470960 5.840200 8.474500 0.736030 1.249100 0.016519 0.121120 108.210000
0.378250 7.428200 12.071000 1.047000 1.176600 0.026664 0.133730 72.230000
0.531950 8.422100 12.719000 1.404200 1.309100 0.015771 0.132900 145.170000
0.484890 7.384300 8.170700 1.094400 1.204000 0.016044 0.064887 101.380000
0.545930 9.586000 12.427000 1.385300 1.322700 0.017664 0.106910 165.230000
0.466130 6.983300 9.814400 1.001000 1.165600 0.022520 0.098361 76.270000
0.529590 12.094000 11.712000 1.330500 1.178400 0.013994 0.113880 138.980000
0.520390 8.606200 7.122400 0.761720 1.162200 0.013838 0.089047 101.640000
0.490240 10.694000 11.685000 1.393000 1.210400 0.021995 0.139580 114.510000
0.313030 9.926300 8.793200 1.093900 1.011400 0.012736 0.078374 73.056000
0.294790 8.466100 10.493000 1.082200 1.081800 0.015843 0.061379 72.185000
0.317110 6.008200 6.371600 1.317500 1.347400 0.020060 0.109860 92.629000
0.429310 11.023000 8.023500 0.838560 1.213300 0.017998 0.097464 123.340000
0.403060 9.894300 11.360000 1.213500 1.164000 0.027860 0.114330 86.564000
0.407840 6.811600 6.424700 1.145900 1.248600 0.024640 0.073310 75.747000
0.462690 6.665500 9.950000 0.847490 1.245900 0.021584 0.097305 101.830000
0.550990 9.486700 10.163000 0.912660 1.175700 0.019383 0.096382 111.020000
0.287210 6.638600 10.273000 1.239800 1.245600 0.016548 0.092365 86.205000
0.423360 6.192800 10.130000 0.929540 1.248300 0.026540 0.113220 84.648000
0.489950 7.055900 10.109000 1.105800 1.254600 0.024190 0.085376 101.110000
0.489890 11.403000 8.006400 1.054700 1.018200 0.026923 0.106020 73.110000
0.510670 10.068000 8.099900 1.278100 1.201800 0.013667 0.076109 125.800000
0.548230 8.298000 10.946000 0.761480 1.046700 0.027273 0.138160 75.749000
0.442320 10.812000 7.958000 1.149000 1.133400 0.016128 0.108220 101.260000
0.522430 8.480900 6.752500 1.394900 1.187200 0.024890 0.089179 79.552000
0.511260 11.174000 11.593000 1.500200 1.147300 0.016858 0.135210 112.900000
0.487520 7.045900 10.152000 1.081800 1.310300 0.026751 0.108580 105.620000
0.303780 8.410000 7.143500 1.488300 1.135600 0.016650 0.090780 72.118000
0.424790 12.401000 6.883700 0.829970 1.044600 0.026129 0.086914 82.875000
0.421190 8.231400 10.494000 1.220900 1.220100 0.021083 0.077745 98.137000
0.348990 5.797600 11.568000 1.239700 1.206500 0.018579 0.064099 76.622000
0.551060 5.653300 10.131000 1.458000 1.262100 0.025586 0.112280 81.319000
0.313830 11.884000 6.538300 1.165000 1.038800 0.016668 0.090233 74.087000
0.501440 10.360000 9.968200 0.684490 1.151900 0.015112 0.084921 127.880000
0.554940 9.702800 10.838000 0.690650 1.027700 0.019971 0.094794 90.526000
0.514940 9.130300 8.027300 0.911510 1.193200 0.012680 0.099548 116.970000
0.273060 6.998300 12.576000 1.355700 1.199700 0.017499 0.067023 77.487000
0.530060 12.284000 8.829200 1.349200 1.125400 0.022945 0.136970 100.050000
0.453740 6.430700 6.178800 1.211400 1.364400 0.027041 0.080761 104.330000
0.459260 9.810900 9.934600 0.891470 1.133800 0.026799 0.114000 88.122000
0.418740 8.509300 7.336100 1.076300 1.255100 0.024036 0.074500 101.040000
0.534350 6.333100 13.025000 1.204600 1.188400 0.019086 0.128070 90.342000
0.455340 9.182600 8.073500 0.699080 1.180900 0.014098 0.123410 120.570000
0.492580 5.470400 10.125000 0.871750 1.360300 0.024100 0.119640 122.830000
0.557290 9.750700 7.536600 0.942790 1.273700 0.014906 0.100390 140.870000
0.520350 6.305000 7.765200 0.788220 1.285300 0.015087 0.113870 121.840000
0.549740 10.897000 6.661600 0.871710 1.265100 0.014492 0.095059 147.620000
0.425930 7.451000 7.705200 0.976020 1.177200 0.022824 0.066549 77.865000
0.473170 10.856000 10.812000 1.382300 1.137600 0.017328 0.121920 105.420000
0.315060 6.513200 11.880000 0.940470 1.148300 0.014514 0.137360 81.155000
0.419340 7.982300 6.512600 1.066300 1.304100 0.018552 0.071199 121.010000
0.395610 7.465400 8.187500 0.981470 1.265400 0.025082 0.098150 92.646000
0.424080 6.136400 11.606000 0.788890 1.266900 0.026779 0.126390 103.080000
0.557700 8.406100 6.731100 0.920500 1.204000 0.015877 0.074525 106.640000
0.378390 9.431100 7.075700 1.012100 1.076700 0.016524 0.081858 78.033000
0.517000 12.335000 8.471000 1.483500 1.222800 0.017695 0.121030 129.120000
0.437020 7.095500 9.396400 0.776330 1.161400 0.025878 0.117090 86.255000
0.313780 5.425800 10.774000 1.250700 1.299400 0.024788 0.090710 78.131000
0.366030 5.940900 5.777800 1.189100 1.290300 0.027475 0.076072 73.042000
0.444930 9.753900 9.304100 1.350200 1.178600 0.026038 0.097679 88.487000
0.451320 9.390800 6.982800 1.334500 1.243000 0.015550 0.065644 123.090000
0.496020 6.954800 8.334300 1.189700 1.316700 0.023310 0.080359 107.590000
0.494160 10.418000 11.237000 1.226900 1.235200 0.019055 0.129740 129.730000
0.512010 8.283400 12.516000 1.502000 1.279200 0.016246 0.129320 130.890000
0.385680 6.561500 9.122900 0.900910 1.340900 0.025036 0.122370 111.460000
0.243110 6.358300 9.083700 1.447600 1.179600 0.012552 0.060913 74.404000
0.329040 5.409700 9.436800 0.770890 1.282000 0.024136 0.126950 89.225000
0.502600 12.402000 10.504000 1.501100 1.030500 0.015813 0.136640 84.901000
0.391750 5.488100 6.548100 0.867080 1.281300 0.026227 0.105810 77.631000
0.505520 5.845100 8.959800 0.995610 1.377100 0.024783 0.113140 116.830000
0.299470 9.534000 7.976900 1.464900 1.142300 0.014474 0.087606 85.367000
0.470590 6.062500 12.690000 1.396200 1.364000 0.022816 0.131340 123.470000
0.445660 9.332000 8.654900 0.927480 1.270000 0.027462 0.139950 111.900000
0.555360 5.822300 8.934200 0.956130 1.262200 0.021738 0.079411 94.605000
0.513970 6.725700 11.018000 0.831310 1.217000 0.017139 0.123140 105.490000
0.456090 9.060100 12.646000 1.094200 1.069500 0.025183 0.065806 79.363000
0.420520 7.003000 9.499600 0.719540 1.109200 0.025312 0.102090 73.395000
0.251610 5.543600 12.977000 1.445100 1.262600 0.016991 0.115760 73.658000
0.519890 12.200000 9.226800 0.745110 1.090000 0.015275 0.124280 110.670000
0.464000 6.301300 8.237500 0.913280 1.310600 0.025341 0.135420 98.578000
0.545720 11.255000 9.121200 1.318100 1.278700 0.026001 0.107660 133.330000
0.463030 7.043900 6.610800 1.176500 1.304600 0.026728 0.113170 96.138000
0.462240 6.880700 12.285000 1.492600 1.127500 0.018158 0.068934 74.281000
0.323040 7.595400 7.467300 0.844020 1.247900 0.026358 0.122850 90.229000
0.521290 10.485000 6.730200 1.365900 1.267000 0.020457 0.083629 130.090000
0.417610 6.652900 9.691300 0.675440 1.172900 0.019269 0.103000 89.706000
0.383100 5.556300 10.148000 0.731850 1.247300 0.024102 0.131660 90.288000
0.452280 7.358100 7.629100 1.207000 1.210900 0.025054 0.066762 78.597000
0.519910 6.211300 12.547000 1.161900 1.189500 0.016968 0.133010 88.847000
0.386040 6.079200 10.125000 0.745570 1.257100 0.020579 0.108610 96.914000
0.528560 10.703000 10.070000 1.438600 1.234700 0.017839 0.112340 125.430000
0.547760 7.199100 7.985300 0.856670 1.285600 0.019397 0.091838 117.710000
0.546270 11.413000 7.202800 0.738920 1.211300 0.021133 0.118630 128.980000
0.538680 7.692900 13.178000 1.341000 1.123200 0.024489 0.066232 78.346000
0.534160 8.455700 10.174000 0.984640 1.180500 0.024104 0.102520 99.609000
0.474690 7.202000 7.025700 0.837000 1.261500 0.017700 0.097192 103.280000
0.282770 5.751500 12.143000 0.896290 1.224500 0.027361 0.121190 75.054000
0.425240 8.133800 10.845000 0.868270 1.053000 0.014827 0.125020 77.397000
0.475120 10.512000 6.945400 1.442200 1.237300 0.014685 0.109260 128.940000
0.382390 9.308200 12.133000 1.401000 1.140100 0.023561 0.081821 79.367000
0.449400 6.246000 8.647600 0.905820 1.278000 0.017466 0.122480 106.240000
0.450740 11.689000 9.276000 1.195700 1.193200 0.017541 0.117190 124.990000
0.389650 5.518700 12.943000 0.775730 1.187100 0.026973 0.132500 87.475000
0.433430 5.642700 9.394800 0.921830 1.320700 0.025124 0.087604 107.610000
0.278040 9.480600 7.489900 1.266000 1.109400 0.015372 0.062446 77.142000
0.503470 10.816000 10.731000 0.810870 0.933900 0.027612 0.135810 72.307000
0.356190 7.037800 7.760400 0.882630 1.211000 0.021114 0.074476 88.011000
0.531880 10.572000 8.524500 0.678470 1.151500 0.021629 0.104870 112.190000
0.450490 10.494000 8.181800 1.420700 1.140200 0.018287 0.139790 88.732000
0.363630 9.602400 9.123700 1.496700 1.159000 0.016449 0.133100 83.846000
0.508070 10.003000 6.914700 0.712320 1.081500 0.017068 0.109590 93.727000
0.477430 12.207000 9.646600 0.737130 1.085900 0.015470 0.125070 110.900000
0.540400 11.029000 5.876500 1.225500 1.195700 0.013724 0.066672 131.200000
0.402110 8.388700 9.900100 1.063300 1.137200 0.014869 0.138170 85.888000
0.310830 5.795400 10.642000 1.393200 1.293700 0.019009 0.106480 85.872000
0.300820 7.642200 9.954300 1.125200 1.133300 0.013857 0.066030 83.462000
0.493800 8.004300 9.262200 1.008000 1.123900 0.025700 0.132190 80.247000
0.436560 6.997200 11.592000 0.824790 1.130100 0.020472 0.133420 86.386000
0.468760 7.235200 8.204500 0.972350 1.381600 0.027503 0.130810 123.600000
0.412680 9.530800 10.718000 0.883520 1.042300 0.026192 0.116480 76.400000
0.349010 6.741900 13.071000 1.191300 1.273800 0.020652 0.131390 100.520000
0.373580 10.340000 6.726400 0.933000 1.130100 0.012344 0.072449 106.660000
0.549980 11.147000 10.153000 1.500200 1.183200 0.012933 0.099935 129.660000
0.249350 6.297700 8.847100 1.538300 1.239800 0.017679 0.084857 75.896000
0.549490 10.725000 12.654000 1.485400 1.236400 0.022954 0.129530 124.140000
0.349000 9.144100 8.394600 0.866190 1.207400 0.022649 0.083965 102.380000
0.277530 7.007800 8.211900 1.222000 1.291700 0.024943 0.087451 84.214000
0.351390 5.796000 11.269000 1.148100 1.314000 0.026269 0.118180 92.751000
0.352070 7.818000 11.555000 1.283300 1.212600 0.026242 0.133730 82.401000
0.486530 11.559000 6.997400 0.784780 1.021000 0.027497 0.104490 75.234000
0.316130 6.006700 8.409600 0.753570 1.276800 0.026482 0.130090 93.620000
0.467690 10.460000 9.597200 1.145100 1.158100 0.026333 0.066547 94.635000
0.509350 9.878200 7.126700 1.261200 1.330700 0.018066 0.102690 150.270000
0.466760 9.828100 8.768900 0.704590 0.983770 0.014749 0.078077 80.154000
0.337820 7.767400 7.552300 1.166700 1.210800 0.024147 0.066765 77.933000
