-0.58945
-0.35985
-0.3615
-0.28405
-0.3967
-0.38465
-0.91805
-0.7409
-0.52905
-1.519
-0.61535
-0.3165
-0.79655
-1.0659
-0.75745
-0.12065
-0.7333
-1.62445
-0.4073
-1.2674
-0.7824
-1.1029
-0.39205
-0.72925
-0.69025
-0.61775
-0.40685
-0.52675
-1.58595
-1.4038
-0.77865
-1.39705
-0.8671
-1.01135
-0.31385
-0.5626
-0.9112
-0.48
-0.2426
-0.18335
-0.89645
-0.6191
-0.89585
-0.9191
-0.5198
-0.2561
-0.977
-0.4479
-1.43655
-0.4477
-0.83065
-1.13665
-0.331
-0.42435
-0.55985
-0.3943
-0.64525
-0.4501
-0.793
-0.8392
-0.50165
-0.22975
-1.0718
-0.40945
-0.36335
-1.89375
-0.35185
-1.25065
-0.60695
-0.61305
-0.77915
-1.39585
-1.0481
-0.3385
-0.70275
-0.7292
-0.5365
-0.417
-0.6085
-0.25505
-0.39925
-0.3609
-0.3777
-0.67235
-1.1197
-0.39545
-1.12425
-0.28595
-0.7749
-0.9518
-0.6929
-0.7057
-0.43765
-0.96805
-1.3166
-1.0619
-0.92985
-0.8512
-0.3677
-0.59915
-0.9815
-0.19655
-0.3107
-0.5274
-0.36555
-0.73105
-0.87975
-0.63425
-0.93355
-1.0855
-0.2584
-1.78645
-0.7123
-0.8775
-0.3921
-1.08805
-0.53405
-0.1541
-0.65
-1.2352
-0.76175
-0.70165
-0.7585
-0.55225
-1.198
-0.71005
-0.77045
-0.4015
-1.49255
-0.3566
-0.2773
-0.75205
-0.566
-0.2265
-0.64765
-1.1539
-0.60335
-1.0878
-1.0509
-0.8044
-1.0161
-0.84915
-0.5732
-0.5545
-0.65625
-0.3617
-0.69115
-0.34195
-0.8126
-0.5723
-0.29365
-0.41465
-1.0645
-0.7656
-0.5147
-1.1774
-0.7726
-1.34825
-1.6189
-0.4221
-0.68045
-0.2012
-0.7481
-0.28375
-1.10955
-0.28445
-0.8053
-0.4295
-1.53065
-1.3578
-1.6438
-0.84435
-0.58895
-0.94345
-0.37855
-0.78905
-0.3583
-0.72675
-0.49745
-0.7706
-0.53005
-0.57485
-0.2818
-0.23445
-0.749
-0.2773
-0.2481
-1.116
-0.3641
-0.50175
-0.63375
-0.90745
-0.8893
-1.70225
-0.7272
-0.5639
-0.5957
-0.81345
-0.7466
-0.8528
-0.80485
-1.1833
-0.86735
-1.0318
-0.3173
-0.944
-0.5698
-0.70375
-0.81345
-0.32725
-0.82055
-0.3655
-0.2471
-0.777
-1.8237
-0.591
-1.04735
-1.26015
-0.6929
-1.3942
-0.4469
-0.29685
-0.4433
-0.4145
-0.5477
-0.6068
-0.85955
-1.0367
-0.93595
-0.3651
-0.7073
-0.754
-0.22125
-0.44165
-0.64525
-0.72545
-0.44355
-1.29785
-0.7427
-1.0018
-0.52015
-0.3039
-0.5448
-0.8484
-0.2769
-0.723
-0.4253
-0.4151
-1.0454
-0.5759
-0.74985
-0.64735
-0.6176
-0.378
-0.5035
-0.5066
-0.4491
-0.93505
-1.81425
-0.66145
-0.4796
-0.3766
-0.8979
-1.79515
-0.57895
-0.35665
-1.01035
-0.2646
-1.78995
-0.3644
-0.3288
-0.34225
-1.38935
-0.80215
-0.3518
-1.3065
-0.25225
-1.0572
-0.1957
-0.55845
-0.48255
-0.19965
-0.60335
-0.71955
-0.84555
-0.3747
-0.84625
-0.14985
-0.5818
-0.85075
-0.4797
-0.5784
-0.5666
-1.49295
-1.25185
-0.56985
-0.6161
-0.5434
-0.7821
-0.17185
-0.8898
-0.6879
-0.5672
-0.28485
-0.2795
-1.30765
-1.0078
-0.3502
-0.59225
-0.6087
-0.3892
-1.2949
-0.6445
-0.6347
-0.5888
-0.9492
-0.4971
-0.97205
-0.15855
-0.4584
-0.43895
-0.90065
-0.6355
-0.37385
-0.8226
-0.60925
-0.2605
-0.7527
-1.0444
-1.13345
-0.4195
-0.50855
-1.0472
-0.5943
-0.3083
-0.90055
-0.60415
-0.5175
-1.04655
-0.5439
-0.48325
-0.55505
-0.64625
-0.5483
-0.2396
-0.837
-0.71235
-0.93625
-0.17735
-0.5698
-0.74845
-0.366
-0.48095
-1.17615
-1.52925
-0.73385
-0.63665
-0.74425
-0.89085
-0.4241
-0.7313
-0.571
-0.456
-0.3398
-0.27635
-0.85315
-0.5499
-0.20155
-1.0095
-0.15525
-0.979
-0.5916
-0.5428
-0.3988
-0.5936
-0.33715
-0.31615
-0.92235
-0.66145
-0.39285
-0.50155
-1.15225
-0.71055
-0.7266
-1.35205
-1.0502
-0.27395
-1.33855
-0.797
-0.4564
-0.91755
-0.39
-0.5685
-0.50365
-0.84655
-1.1228
-1.22325
-0.26825
-0.3776
-0.86005
-0.5441
-0.2289
-0.57175
-0.64955
-1.0711
-0.22525
-0.4726
-0.57335
-0.76455
-0.96135
-0.63095
-0.8136
-0.26675
-0.6302
-0.42475
-0.83785
-0.33085
-0.6343
-0.3342
-0.50555
-0.7701
-0.316
-0.40725
-0.4694
-0.4925
-1.0002
-1.5584
-0.86425
-0.3842
-0.2947
-0.2904
-0.65255
-0.7622
-0.4042
-0.3832
-0.4521
-0.8194
-0.5768
-0.53185
-0.6192
-1.043
-0.6729
-0.459
-0.935
-1.00625
-0.46855
-0.5758
-0.5653
-0.4697
-0.882
-0.67935
-0.3401
-0.50245
-0.57425
-0.3448
-1.48435
-0.1913
-0.8405
-0.4198
-0.4512
-0.6842
-0.66915
-0.2119
-0.42145
-0.4314
-0.3726
-0.5935
-0.6637
-0.9258
-0.23465
-0.4384
-0.79105
-0.4854
-0.32405
-0.7627
-1.9437
-1.01735
-1.33935
-1.19215
-1.05975
-0.307
-0.467
-1.5342
-1.0605
-1.18235
-0.71545
-1.40135
-0.4144
-0.49935
-0.67385
-1.23765
-0.8337
-0.477
-0.35165
-0.85135
-0.8005
-0.59575
-1.50495
-0.4764
-0.427
-0.176
-1.7074
-0.3427
-0.39815
-1.56115
-0.50135
-0.25925
-0.739
-0.9932
-0.7008
-1.14025
-1.063
-0.90955
-0.9367
-0.73285
-0.4876
-0.2803
-0.4698
-0.1926
-0.4118
-1.5304
-0.9087
-0.2423
-1.3546
-0.2267
-0.9415
-0.3726
-0.46695
-0.46885
-0.2216
-0.9096
-1.0072
-1.10805
-0.7275
-0.80915
-0.50835
-0.68195
-0.85235
-0.45825
-0.6531
-0.93515
-1.343
-0.90075
-0.5467
-1.299
-1.1845
-0.5284
-0.2899
-0.75625
-0.4739
-0.5713
-0.15115
-1.124
-0.2242
-0.9159
-0.626
-1.23455
-0.3725
-0.6395
-0.35535
-0.4409
-0.28105
-0.50335
-0.4453
-0.3907
-0.64835
-0.80355
-0.58215
-0.4959
-0.2918
-0.77945
-1.1866
-0.8332
-0.2879
-0.6737
-0.9045
-0.73205
-0.6624
-0.9997
-0.25135
-0.73705
-0.42315
-0.59535
-0.43295
-0.9659
-1.7753
-0.8737
-0.49625
-0.50265
-0.5086
-0.2647
-0.27725
-0.2617
-0.44905
-1.01775
-0.4147
-0.4581
-0.81475
-0.73525
-1.4718
-0.75295
-0.4921
-0.41805
-0.34835
-1.10535
-0.86075
-0.62425
-1.10445
-0.5942
-0.9454
-1.444
-0.9155
-1.14195
-0.8467
-0.26285
-0.56545
-0.85775
-0.8179
-0.58085
-0.91625
-0.38595
-0.8763
-0.5102
-0.6653
-0.7731
-0.28525
-0.3699
-0.72595
-0.599
-0.83965
-0.9623
-0.60095
-0.75855
-0.8324
-0.4477
-0.9953
-1.25585
-0.67135
-0.86045
-0.3534
-1.1442
-1.56525
-0.4785
-0.2201
-0.89015
-0.3676
-0.94385
-0.6777
-0.5091
-1.20215
-0.45955
-1.2921
-1.43105
-0.5121
-0.81385
-0.8393
-0.41025
-0.33745
-0.51675
-0.37955
-0.39475
-1.2847
-0.67185
-0.85635
-0.79715
-0.5896
-0.3672
-1.0007
-0.4158
-0.5313
-1.2002
-0.5579
-0.7442
-1.01945
-0.29325
-0.94565
-0.51685
-1.26635
-0.7903
-0.65505
-1.45805
-1.11155
-0.5299
-0.69025
-1.10305
-0.717
-0.52165
-0.2775
-0.6936
-0.5444
-1.0305
-1.1132
-0.25445
-1.02525
-0.60555
-0.33235
-0.35965
-1.6263
-0.9908
-1.00185
-0.61495
-0.3642
-1.0654
-0.8274
-0.56015
-0.4707
-0.64505
-0.7404
-1.6907
-0.59965
-0.8093
-1.08255
-0.7729
-0.37365
-0.52395
-0.55805
-0.31845
-1.4804
-0.6344
-0.1756
-0.42085
-0.73595
-0.41975
-1.11245
-0.43795
-0.28865
-0.59965
-0.8313
-0.5139
-0.8762
-0.7598
-0.76685
-0.6881
-0.9344
-0.3966
-0.6343
-0.7402
-0.4868
-0.4835
-1.2464
-0.29285
-0.3684
-0.9025
-0.48095
-1.1721
-1.1764
-1.02755
-0.6076
-0.38355
-0.66785
-0.39265
-0.41285
-0.9391
-0.70055
-0.4847
-0.58365
-0.6868
-0.2776
-0.5202
-1.0565
-0.3853
-0.3097
-0.67055
-0.3573
-0.4453
-1.6998
-0.4603
-0.2529
-0.9606
-0.3216
-0.93725
-0.40955
-0.62345
-1.5304
-1.17255
-0.7091
-1.59695
-0.6626
-0.7095
-0.5946
-1.64545
-0.1758
-0.85505
-0.2834
-0.3752
-0.5066
-0.6003
-0.604
-0.5879
-0.3703
-0.6281
-0.59315
-0.2843
-1.0376
-0.78465
-1.46515
-0.7166
-1.28225
-0.51285
-0.74945
-0.53405
-0.35115
-1.41155
-1.49145
-1.1265
-0.73115
-0.81525
-0.3778
-0.6136
-0.30345
-0.5106
-0.4227
-0.47045
-0.6611
-0.3098
-0.4161
-1.11035
-0.5065
-0.6869
-1.03295
-0.4412
-0.235
-0.7005
-0.44235
-0.68385
-0.20415
-0.61945
-0.63795
-0.82235
-0.2832
-0.7841
-0.8247
-0.39665
-0.7559
-0.5657
-1.42115
-0.38625
-1.17855
-0.2952
-1.13805
-0.4632
-0.7113
-0.3433
-0.42915
-0.27265
-0.486
-0.6067
-1.32775
-0.45285
-0.40565
-0.54105
-1.02555
-1.90355
-0.3282
-0.8986
-0.50125
-1.33555
-0.7203
-0.4187
-1.16205
-0.72355
-0.6877
-0.599
-0.80045
-0.90845
-0.8194
-0.59275
-0.78145
-0.4825
-0.8704
-0.6012
-0.9462
-1.16795
-0.4184
-0.79795
-1.191
-0.4453
-0.5969
-1.7999
-0.4211
-0.61965
-0.69985
-0.8276
-0.48045
-0.4315
-0.6162
-1.31465
-0.7185
-0.44365
-0.5927
-0.5474
-0.28845
-0.80525
-0.25385
-1.12185
-0.8441
-1.73795
-0.4055
-0.6945
-0.5034
-0.2905
-0.6709
-0.7061
-0.41255
-0.4947
-0.8609
-0.3777
-0.6955
-0.86265
-0.4749
-0.4143
-0.58295
-0.6612
-0.535
-0.3571
-0.5333
-0.80915
-0.38705
-1.69905
-0.47895
-0.78905
-0.62135
-0.29655
-0.3419
-0.43405
-1.29585
-0.4507
-0.81135
-0.24775
-0.6514
-0.7173
-0.2301
-1.26525
-0.4862
-0.6026
-0.62015
-0.34545
-0.5078
-0.2344
-0.9171
-0.3453
-0.3312
-0.646
-0.41775
-0.88435
-0.65045
-0.1983
-0.5175
-0.54515
-0.3371
-1.28095
-0.27375
-0.5133
-0.6098
-0.73815
-1.876
-0.6369
-0.39235
-0.6135
-0.6818
-1.65435
-0.47175
-0.415
-0.7184
-0.6803
-1.3487
-0.64945
-1.0394
-0.58395
-1.14285
-0.71095
-0.54915
-0.80135
-0.3807
-0.1874
-0.9943
-0.5931
-1.7416
-0.3608
-0.2695
-0.6946
-0.42445
-0.971
-0.56165
-0.39335
-0.7112
-0.67565
-0.311
-0.3291
-0.44595
-1.22005
-0.4016
-1.35505
-0.36195
-0.3269
-0.45285
-0.45975
-0.29315
-0.78175
-0.42395
-0.3244
-0.15655
-0.9098
-0.3408
-0.86525
-0.9607
-0.5163
-0.99605
-0.7967
-0.12275
-0.42325
-0.2428
-0.82035
-0.47325
-0.97
-1.65285
-0.71485
-1.2233
-0.26325
-0.7131
-0.50435
-0.78525
-0.7703
-0.45695
-1.9299
-0.27615
-0.99215
-0.571
-1.33265
-0.87365
-0.38835
-0.75505
-0.5059
-0.80455
-1.1084
-0.7007
-0.82335
-1.9312
-0.79275
-0.5374
-0.3881
-0.9556
-0.84145
-0.66605
-0.2775
-0.35315
-0.8922
-0.3901
-0.71715
-0.7764
-0.62005
-0.76845
-0.48995
-1.06325
-1.3102
-0.3788
-0.59245
-0.45615
-0.71985
-0.5106
-0.62105
-0.8099
-0.7091
-1.0762
-0.3505
-1.0992
-0.91585
-0.62745
-0.8449
-0.43315
-0.6422
-0.5994
-1.7164
-0.3984
-0.48135
-0.7394
-1.23095
-0.4374
-0.2946
-0.85995
-1.5138
-0.8851
-0.5271
-0.57105
-0.37425
-0.3115
-0.43875
-1.1786
-0.81845
-0.609
-1.1684
-0.933
-0.54275
-0.74335
-0.96945
-1.1013
-0.7406
-0.58495
-1.1435
-0.49
-0.74005
-0.30025
-0.25345
-0.3246
-0.222
-0.58805
-0.57825
-1.15095
-0.347
-0.66065
-0.76905
-0.50255
-0.48105
-0.4194
-0.73365
-0.8108
-0.2188
-1.27145
-0.3924
-0.1876
-0.3428
-1.6025
-0.68695
-0.9781
-1.22475
-0.54125
-0.44215
-1.35515
-1.23135
-0.8362
-0.6641
-0.41095
-0.3643
-0.49635
-0.89575
-0.212
-0.79405
-0.5776
-1.17275
-0.8943
-0.93265
-0.5733
-0.5395
-0.5005
-0.6059
-0.49235
-0.51255
-1.41845
-0.50955
-0.16475
-0.5573
-0.2403
-0.2963
-0.24795
-0.82955
-0.5888
-0.2314
-0.48355
-0.50335
-1.00225
-0.85945
-0.8127
-0.3456
-0.3824
-0.6396
-0.86575
