9.800000
24.000000
24.600000
28.000000
35.800000
14.300000
28.000000
39.800000
26.600000
39.200000
26.700000
32.000000
28.300000
16.600000
9.600000
29.500000
25.300000
21.800000
16.500000
18.200000
41.800000
33.100000
24.100000
22.000000
40.300000
28.400000
26.600000
26.300000
27.900000
29.600000
29.500000
49.400000
18.800000
9.600000
27.200000
25.400000
37.000000
25.700000
28.700000
26.900000
23.000000
23.400000
24.900000
35.800000
24.600000
30.600000
29.600000
30.400000
26.000000
15.900000
26.400000
18.800000
17.100000
24.500000
26.600000
26.900000
27.100000
30.900000
24.900000
16.000000
29.400000
26.900000
16.300000
26.000000
23.800000
44.700000
23.700000
28.800000
28.300000
27.000000
30.200000
36.800000
27.400000
32.500000
33.600000
31.600000
30.000000
28.700000
28.600000
30.400000
17.700000
32.800000
23.200000
31.500000
37.900000
22.400000
29.300000
20.200000
10.800000
19.900000
49.200000
30.800000
26.900000
27.000000
26.200000
27.600000
26.900000
29.100000
28.000000
28.500000
24.700000
24.200000
31.800000
28.900000
24.200000
29.700000
24.900000
30.500000
26.000000
38.200000
13.500000
28.700000
25.200000
36.000000
27.000000
29.600000
19.800000
20.700000
20.600000
23.300000
24.900000
18.600000
27.700000
13.200000
25.600000
29.700000
28.900000
28.600000
19.000000
28.400000
25.700000
38.200000
42.400000
28.700000
29.100000
11.900000
33.900000
41.500000
33.800000
27.200000
29.600000
13.700000
30.300000
30.600000
26.900000
34.300000
27.100000
28.400000
25.600000
17.700000
27.700000
26.700000
38.600000
33.300000
34.700000
29.300000
31.300000
30.100000
27.300000
14.700000
25.400000
33.100000
26.000000
21.200000
47.700000
27.900000
34.000000
17.200000
36.000000
28.200000
25.900000
41.000000
30.100000
28.600000
31.400000
39.300000
48.400000
36.500000
23.800000
29.000000
29.500000
24.600000
27.600000
28.300000
28.000000
28.400000
33.700000
22.900000
27.200000
17.900000
29.700000
32.500000
29.000000
26.600000
35.900000
37.000000
36.800000
33.100000
48.300000
26.500000
27.800000
17.000000
26.400000
32.200000
31.500000
28.200000
26.200000
31.400000
12.300000
24.000000
31.800000
12.600000
25.000000
23.400000
27.000000
25.900000
27.900000
26.300000
32.200000
29.300000
32.500000
25.700000
47.500000
31.000000
31.600000
28.900000
9.600000
27.000000
28.300000
25.900000
28.000000
17.600000
32.600000
37.400000
25.800000
28.800000
33.700000
29.800000
28.800000
38.800000
46.200000
10.100000
12.700000
24.900000
22.700000
23.000000
14.800000
25.300000
34.200000
23.500000
31.300000
32.100000
15.200000
28.600000
25.700000
26.200000
20.700000
27.000000
31.300000
34.400000
34.600000
36.400000
26.900000
13.100000
32.600000
29.000000
26.300000
28.700000
23.600000
25.200000
41.600000
26.500000
22.200000
10.900000
32.800000
28.200000
22.900000
31.200000
21.100000
26.900000
28.400000
31.000000
31.000000
26.700000
18.200000
13.800000
27.700000
21.600000
38.100000
30.900000
14.900000
25.600000
43.000000
27.900000
32.400000
28.000000
29.900000
24.900000
26.300000
27.100000
27.000000
34.700000
28.200000
31.100000
29.200000
30.800000
21.200000
25.400000
22.900000
33.100000
16.200000
28.400000
25.600000
25.700000
28.400000
32.700000
24.700000
26.400000
33.700000
28.300000
30.900000
26.800000
36.100000
30.100000
21.400000
47.600000
26.300000
23.500000
32.200000
31.100000
25.700000
40.000000
27.000000
29.600000
30.400000
25.900000
22.700000
25.400000
37.500000
23.200000
46.800000
26.500000
31.000000
26.900000
13.600000
34.300000
30.500000
13.500000
27.700000
24.600000
19.500000
27.300000
28.700000
26.400000
26.000000
27.100000
26.200000
34.800000
31.000000
32.300000
32.600000
16.900000
26.800000
25.800000
20.600000
27.700000
37.800000
26.600000
28.600000
30.000000
31.300000
31.300000
15.500000
31.500000
25.200000
28.900000
35.200000
33.800000
46.500000
18.600000
26.100000
37.400000
26.400000
31.200000
26.600000
43.900000
16.500000
12.600000
26.300000
26.300000
35.800000
26.700000
27.000000
28.900000
10.900000
27.700000
37.200000
28.000000
28.500000
16.200000
26.900000
12.100000
28.800000
33.000000
29.500000
36.000000
42.400000
27.900000
34.100000
24.400000
34.200000
37.000000
12.300000
26.900000
23.600000
26.800000
30.200000
13.900000
26.600000
32.400000
31.700000
28.100000
11.200000
21.800000
41.100000
10.500000
13.600000
27.700000
18.600000
31.300000
27.600000
30.400000
24.200000
34.700000
25.900000
49.500000
13.700000
25.600000
25.500000
15.300000
34.600000
14.400000
27.900000
32.900000
13.300000
39.900000
30.600000
27.000000
33.200000
22.100000
25.300000
39.500000
37.600000
28.200000
30.200000
26.100000
30.000000
33.200000
21.400000
28.600000
11.600000
29.600000
36.800000
30.600000
23.000000
29.400000
21.500000
14.900000
35.000000
28.700000
32.300000
11.000000
27.700000
36.100000
26.300000
28.400000
14.100000
25.100000
35.300000
39.500000
22.000000
27.400000
34.400000
42.100000
30.300000
28.900000
29.200000
41.300000
36.700000
31.300000
26.000000
38.000000
29.000000
25.600000
26.200000
27.900000
35.600000
26.400000
28.100000
12.300000
24.500000
28.400000
27.400000
28.800000
27.400000
28.400000
30.900000
15.400000
13.700000
29.500000
30.400000
17.800000
21.500000
28.800000
23.800000
36.500000
42.800000
33.700000
28.200000
30.100000
25.800000
25.500000
23.900000
14.800000
38.100000
26.200000
22.200000
24.600000
24.700000
24.600000
29.100000
31.700000
29.800000
27.600000
36.600000
36.600000
24.400000
31.800000
43.700000
21.900000
26.400000
31.800000
30.500000
28.900000
24.300000
39.800000
41.800000
32.800000
26.200000
29.500000
24.700000
30.500000
27.200000
30.100000
30.600000
30.000000
28.000000
8.800000
25.400000
29.000000
34.200000
20.900000
27.100000
29.900000
27.200000
29.900000
11.900000
26.900000
29.700000
13.700000
31.200000
30.200000
28.200000
26.800000
27.500000
32.100000
24.200000
34.800000
31.200000
27.200000
23.800000
31.200000
39.700000
23.900000
26.200000
26.500000
28.700000
29.400000
23.600000
32.700000
25.800000
29.100000
25.700000
28.100000
26.200000
31.100000
24.700000
40.900000
30.400000
29.500000
12.300000
19.400000
14.700000
27.600000
26.400000
29.000000
26.200000
31.700000
24.600000
30.400000
33.500000
24.400000
30.600000
26.300000
29.900000
30.800000
26.000000
27.200000
30.700000
21.800000
27.300000
34.000000
33.200000
29.200000
35.100000
27.200000
28.100000
26.000000
12.400000
28.600000
25.600000
26.900000
28.200000
26.100000
33.600000
36.600000
13.400000
30.200000
30.900000
17.200000
20.100000
12.900000
26.000000
32.100000
13.800000
22.500000
26.900000
16.200000
28.600000
31.100000
24.200000
26.100000
26.600000
33.700000
22.000000
24.500000
29.200000
30.100000
23.600000
9.600000
27.200000
24.600000
29.600000
28.100000
29.000000
27.700000
35.200000
29.200000
31.200000
39.100000
24.400000
31.800000
38.000000
31.400000
25.600000
20.900000
25.700000
40.200000
19.800000
10.500000
23.800000
28.500000
25.400000
26.400000
35.200000
24.600000
30.600000
27.100000
32.500000
35.100000
40.200000
41.800000
28.100000
33.000000
31.000000
26.800000
29.900000
26.200000
32.200000
29.100000
27.000000
30.200000
28.900000
29.500000
22.400000
26.100000
24.400000
32.300000
26.600000
30.300000
30.900000
29.000000
29.800000
15.600000
23.600000
29.700000
34.000000
27.800000
24.300000
29.000000
29.600000
35.700000
19.200000
19.000000
21.600000
39.300000
27.400000
37.600000
29.400000
26.300000
25.400000
26.100000
29.400000
33.800000
32.500000
26.400000
21.800000
28.700000
24.000000
29.000000
13.600000
28.500000
29.900000
33.500000
23.900000
26.000000
9.200000
22.100000
27.700000
11.400000
30.800000
26.200000
29.300000
24.900000
47.100000
23.300000
23.200000
31.400000
18.900000
27.600000
23.000000
34.100000
28.300000
30.400000
39.200000
35.500000
28.400000
27.000000
15.900000
27.400000
33.100000
29.900000
27.800000
12.400000
26.500000
25.200000
31.700000
20.700000
25.200000
14.900000
14.300000
27.200000
10.000000
26.400000
29.000000
28.000000
36.800000
25.900000
20.400000
37.600000
33.700000
17.600000
32.300000
26.800000
24.400000
26.800000
28.000000
28.600000
39.500000
29.400000
22.500000
42.800000
25.800000
26.500000
31.100000
47.100000
8.500000
36.700000
15.700000
24.500000
30.300000
35.100000
23.800000
13.600000
30.700000
40.900000
13.900000
9.100000
32.100000
30.800000
30.300000
26.300000
30.000000
23.900000
28.500000
33.700000
22.400000
29.400000
28.800000
32.800000
30.200000
33.500000
11.600000
22.900000
34.600000
