0.310890 8.351100 3.881700 1.574100 1.356400 0.013179 0.118130 172.080000
0.415050 10.493000 4.989900 1.572100 1.322800 0.026807 0.118150 141.600000
0.498230 8.694400 2.543900 1.116000 1.142700 0.016619 0.135040 97.003000
0.354050 7.781100 5.273000 0.961490 1.016700 0.015188 0.096702 88.070000
0.489810 9.681000 5.321900 1.371300 0.960640 0.017630 0.128640 84.987000
0.536580 4.692900 7.173600 1.217600 1.005200 0.023124 0.140930 97.301000
0.356670 7.599100 6.316800 0.972410 0.981190 0.014558 0.095060 100.240000
0.352280 11.154000 5.249700 0.954400 1.366500 0.023450 0.137180 173.630000
0.275690 5.857700 3.767500 1.303500 1.392600 0.013598 0.075976 201.130000
0.272000 7.946000 4.189700 1.333400 1.338000 0.023700 0.066542 184.440000
0.607290 4.917200 5.030300 1.142300 1.182000 0.009925 0.080051 142.510000
0.347920 7.843400 6.960400 1.566900 1.246600 0.018612 0.122810 129.220000
0.597530 6.956300 3.340200 1.197300 1.109000 0.021238 0.130910 91.922000
0.598220 7.966900 2.919800 1.539400 1.141400 0.014228 0.143570 133.930000
0.480010 9.891200 4.618900 1.546300 1.291400 0.025526 0.075724 134.590000
0.606230 9.475700 6.000600 1.143100 1.270800 0.010617 0.069549 165.500000
0.581400 10.230000 5.809300 1.307800 1.270000 0.018031 0.113070 152.460000
0.435280 11.389000 5.279600 0.615900 1.326700 0.020011 0.077526 170.410000
0.499320 8.335000 2.436700 0.792210 1.241100 0.012225 0.123180 101.020000
0.589530 12.070000 3.357700 1.445500 1.117100 0.011947 0.073767 131.060000
0.443500 5.083700 4.337900 1.072600 1.192800 0.018634 0.115980 149.620000
0.325260 8.135800 5.873300 1.556400 1.293500 0.021571 0.063901 104.010000
0.351700 5.941900 4.292700 0.735240 1.540600 0.020204 0.102900 192.230000
0.337760 10.097000 3.620500 1.290000 1.340000 0.013663 0.122640 172.050000
0.334830 4.599400 4.080000 1.335500 1.094200 0.011692 0.063168 93.377000
0.284100 5.592600 3.436400 0.994860 1.549700 0.023294 0.095155 190.250000
0.312560 4.791100 4.758000 1.629100 1.010600 0.018085 0.066571 85.272000
0.432470 6.465800 2.512200 0.883190 1.186700 0.013748 0.122890 113.200000
0.368350 6.796500 5.941600 1.056300 1.255300 0.024475 0.115350 122.150000
0.571880 11.122000 4.169600 1.285200 1.403300 0.022770 0.095755 207.210000
0.402080 10.615000 2.467000 1.485000 1.391200 0.027833 0.083632 166.690000
0.609790 6.378800 2.815000 1.008200 1.309200 0.010564 0.102840 147.470000
0.607330 7.365200 4.653500 1.290000 1.404800 0.022155 0.067031 153.060000
0.312810 5.531200 3.021200 1.369600 1.308800 0.010165 0.119580 137.460000
0.423780 7.029600 3.626400 0.737780 1.125000 0.019646 0.119140 135.590000
0.290170 7.006800 5.960300 0.839610 1.311000 0.014425 0.126690 132.410000
0.317840 7.917500 3.374800 1.548300 1.303500 0.025179 0.131950 172.530000
0.538110 4.217300 5.718100 0.741210 1.233000 0.013383 0.080102 87.993000
0.412760 8.339300 3.287800 0.977200 1.257900 0.024822 0.139860 105.370000
0.373900 7.070000 7.082700 0.940000 1.424300 0.013203 0.147600 188.280000
0.453190 10.015000 4.586200 0.840310 1.158200 0.022881 0.102060 108.980000
0.404260 9.206300 4.332400 1.525800 1.051600 0.009513 0.065565 116.960000
0.256020 9.829200 5.077300 0.972240 1.310100 0.017986 0.050824 192.370000
0.486120 6.586000 6.806300 1.085100 1.060900 0.017838 0.088414 92.657000
0.436110 8.899400 3.857800 1.067300 1.277800 0.027660 0.131780 100.750000
0.622780 8.720600 2.578000 1.019400 1.159200 0.015775 0.072196 92.193000
0.230070 11.079000 4.683000 1.545100 1.193800 0.015749 0.088857 185.080000
0.397180 8.855700 2.878200 1.527900 1.382300 0.012411 0.080963 179.060000
0.559890 7.081600 5.940200 1.158900 1.402400 0.023680 0.141250 144.200000
0.436880 10.902000 3.680200 1.374800 1.021300 0.015479 0.124620 104.750000
0.304660 5.176400 4.208900 1.279400 1.303700 0.015218 0.103280 99.832000
0.294080 4.191600 4.232900 1.232600 1.442300 0.017737 0.080497 149.520000
0.577740 10.031000 3.502400 0.919070 1.431000 0.025600 0.096410 165.980000
0.429320 4.330500 6.352600 1.359900 1.327300 0.017049 0.099159 144.960000
0.399100 8.429600 5.181800 0.968730 1.461200 0.023130 0.142310 196.570000
0.453330 11.161000 5.647300 0.987940 1.025500 0.010929 0.131850 110.840000
0.220770 7.194100 5.162800 1.520700 1.308200 0.021111 0.108510 129.520000
0.232450 9.203400 3.031200 0.790340 1.349600 0.011433 0.116630 166.550000
0.262260 5.310100 6.013300 1.129200 1.139300 0.022203 0.102180 119.600000
0.428400 4.543500 5.650900 1.519900 1.252900 0.015967 0.061406 157.100000
0.339990 10.531000 3.137200 1.194100 1.459800 0.025538 0.131010 202.570000
0.252060 6.988300 6.865900 1.157800 1.125100 0.023055 0.099597 129.900000
0.287470 5.883700 5.497300 1.436000 1.235000 0.014608 0.128100 148.550000
0.234450 9.958000 6.470500 0.989420 1.233100 0.027547 0.064481 134.600000
0.230190 9.763400 4.818700 1.478700 1.309500 0.027211 0.098230 172.030000
0.509650 9.428400 3.048200 1.019700 1.363900 0.016275 0.063860 193.850000
0.458650 8.012300 5.832900 0.583560 1.220500 0.028238 0.123370 86.827000
0.299750 5.520400 3.506200 1.590600 1.349600 0.016191 0.097132 118.540000
0.423420 11.818000 5.701000 1.623900 1.105900 0.023264 0.143910 106.950000
0.265500 11.514000 6.481500 1.612000 1.274000 0.024459 0.118850 109.460000
0.610940 10.248000 2.600300 0.858030 1.116800 0.017321 0.145100 148.630000
0.297460 5.372400 6.438800 1.122900 1.189700 0.012764 0.091301 143.890000
0.463780 6.012100 5.633200 1.402800 1.112300 0.021115 0.064964 109.160000
0.440080 8.086200 4.864600 1.246500 1.256600 0.025936 0.144040 151.640000
0.359620 9.075800 2.439700 1.482800 1.029500 0.014990 0.091788 83.779000
0.312830 5.337900 6.928100 1.528400 1.386200 0.015238 0.147380 153.840000
0.322490 7.500000 6.400500 1.421100 1.425900 0.026689 0.059819 165.370000
0.366260 5.077700 5.567700 0.973120 1.291500 0.012711 0.074605 104.040000
0.300090 10.804000 7.160400 0.651230 0.996930 0.016495 0.143300 94.513000
0.481500 7.266400 3.384400 1.545800 1.254900 0.019611 0.145820 116.410000
0.513380 7.696200 3.387100 0.580040 1.004900 0.012091 0.102520 88.677000
0.438720 5.322600 5.024600 1.374000 0.972590 0.017388 0.123780 94.852000
0.406950 6.605400 5.865000 1.402900 1.153800 0.017153 0.061667 121.120000
0.404990 4.274500 5.899800 1.535600 1.403400 0.024878 0.100910 109.330000
0.523440 5.440600 3.153200 0.727530 1.450300 0.013956 0.137800 159.500000
0.331600 6.171900 6.665100 0.607270 1.301600 0.022319 0.061996 141.590000
0.355510 8.232500 6.719000 0.593000 1.278800 0.011315 0.139470 135.180000
0.594630 5.476300 4.939100 1.302200 1.055200 0.017983 0.137870 94.807000
0.315640 7.651800 2.752700 1.450300 1.554000 0.024270 0.141060 199.670000
0.398670 11.093000 2.601300 0.808750 1.276800 0.010820 0.145830 177.380000
0.341640 10.605000 6.092700 1.059600 1.247600 0.021995 0.109320 132.990000
0.314340 7.107000 4.197400 1.210300 1.258800 0.011023 0.070188 167.320000
0.249800 5.315600 5.661600 1.214000 1.315600 0.025816 0.126830 142.790000
0.281140 11.279000 3.092300 0.992000 1.384300 0.020029 0.126710 161.470000
0.500590 9.298300 6.352700 1.348700 1.380400 0.018746 0.079215 207.230000
0.626160 7.445700 5.957500 1.529100 1.067100 0.020762 0.133190 99.201000
0.607480 9.032400 4.524900 0.665660 1.182100 0.020478 0.062309 91.119000
0.396450 11.637000 4.343800 1.191000 1.199000 0.011216 0.096396 165.880000
0.335530 4.688800 6.979400 0.555690 1.304800 0.027318 0.128610 103.070000
0.374610 4.308400 7.044300 0.599150 1.347400 0.025480 0.078571 125.930000
0.370280 7.328000 2.415500 1.348100 1.343700 0.024866 0.106580 120.590000
0.457380 7.500600 4.674300 1.066400 1.427700 0.022979 0.133610 202.180000
0.268520 4.804200 6.160200 1.098900 1.362300 0.018033 0.051090 182.140000
0.609370 6.076000 5.895000 1.599300 1.234300 0.022451 0.136200 92.064000
0.395330 9.728400 2.452000 1.383600 1.244700 0.013342 0.054705 127.040000
0.543890 12.142000 3.794100 1.356300 1.020800 0.025632 0.148210 102.100000
0.215260 6.395300 5.604300 1.636000 1.225100 0.015350 0.052524 131.920000
0.537620 5.402400 4.459400 0.563290 1.356700 0.023350 0.114950 140.540000
0.387620 6.250900 3.290800 1.560700 1.098800 0.018177 0.077245 108.010000
0.425940 8.522800 3.653400 1.248200 1.140500 0.010041 0.124680 124.080000
0.243720 6.155300 5.621200 1.462200 1.127800 0.020907 0.095372 84.798000
0.313540 12.355000 5.343500 1.618300 1.121200 0.027641 0.106320 83.133000
0.421610 4.452600 5.157100 1.329200 1.418800 0.018289 0.065282 152.670000
0.425640 11.108000 4.162600 1.580000 1.265500 0.024665 0.055954 150.930000
0.511250 7.330400 6.406900 1.644300 1.509400 0.018036 0.124840 201.080000
0.385010 7.578900 6.013800 1.181200 1.275400 0.012377 0.132950 177.720000
0.240300 11.000000 3.513600 1.546400 1.120200 0.019516 0.096396 92.152000
0.363340 6.838000 4.531200 0.946640 1.135200 0.024602 0.113020 115.670000
0.579720 11.551000 4.641100 1.085100 1.096900 0.022807 0.072336 94.992000
0.313060 9.684200 2.660300 1.535800 1.446900 0.028494 0.132480 148.860000
0.522360 6.801200 3.344600 1.624300 1.203900 0.012247 0.082936 115.600000
0.258790 6.884900 4.123700 1.192400 1.225500 0.012272 0.122820 188.760000
0.497430 5.689600 6.552100 1.408400 1.241500 0.027717 0.117540 91.933000
0.396020 4.540100 3.198200 0.702570 1.397500 0.024459 0.064117 104.950000
0.248270 4.379700 4.952100 0.898390 1.560800 0.024747 0.113250 120.530000
0.269490 6.386700 4.085900 0.760920 1.417800 0.013444 0.101270 167.220000
0.410400 9.386700 5.625000 1.012000 1.212600 0.018967 0.115270 143.020000
0.514770 5.850200 6.824300 0.684150 1.276900 0.025913 0.127630 89.486000
0.236890 6.005100 6.750500 0.678670 1.304700 0.018289 0.080870 146.250000
0.611940 10.424000 2.705100 0.968680 1.208500 0.011596 0.080809 152.580000
0.611130 4.876100 5.327400 1.042400 1.492100 0.013425 0.114740 205.820000
0.405110 10.933000 3.440500 1.373900 1.294800 0.013823 0.103410 205.990000
0.440760 5.544300 6.057500 0.742760 1.310200 0.020657 0.086620 116.030000
0.552610 10.390000 3.535900 1.077100 1.299100 0.009798 0.122990 191.910000
0.305330 5.767400 7.005100 1.158700 1.236500 0.020653 0.068498 93.348000
0.496720 10.570000 2.897000 1.306400 1.354700 0.024094 0.100130 148.130000
0.418410 8.235200 3.679600 1.604400 1.057300 0.016268 0.068449 113.980000
0.432050 7.870700 5.229900 1.206400 1.238100 0.014710 0.077932 191.550000
0.456680 9.218300 6.066800 0.728680 1.406500 0.023524 0.129390 171.390000
0.609450 8.869400 2.615200 0.879610 1.166700 0.019133 0.111170 103.970000
0.596480 6.402300 4.184600 0.890770 1.184000 0.022325 0.137610 111.530000
0.527970 4.712800 5.336100 1.434700 1.545500 0.010347 0.118370 195.700000
0.325330 12.316000 5.402200 0.794070 1.135200 0.014735 0.107230 127.060000
0.451040 10.766000 3.392400 1.382700 0.981190 0.012196 0.129880 97.688000
0.385290 12.524000 3.680100 1.111300 1.139100 0.016383 0.053304 144.610000
0.425730 11.279000 2.568300 0.755270 1.259800 0.010852 0.058641 176.250000
0.430670 4.526400 2.821100 1.538600 1.168000 0.015041 0.108020 97.289000
0.577240 6.306000 3.086100 0.816430 1.059200 0.010346 0.127110 114.000000
0.210520 4.813200 4.457500 1.232300 1.613400 0.017647 0.074685 185.430000
0.290970 4.487800 6.875700 0.825040 1.429900 0.021473 0.147230 154.900000
0.390280 9.214100 2.864100 1.232000 1.262800 0.023810 0.087655 136.400000
0.318950 10.130000 3.828500 1.490200 1.452100 0.023772 0.111580 171.060000
0.261110 4.651100 4.541500 0.927590 1.450900 0.015689 0.068306 170.320000
0.377880 11.886000 3.692300 1.362600 1.112600 0.018730 0.131180 111.620000
0.243230 5.155300 5.565100 1.375700 1.127400 0.015339 0.136720 93.243000
0.520460 10.883000 3.852000 1.422600 1.310000 0.015428 0.082520 204.610000
0.436630 12.106000 4.586900 1.108300 1.212900 0.021150 0.144320 125.380000
0.295650 5.885500 3.711600 1.518700 1.323700 0.014776 0.090420 186.470000
0.542070 11.859000 7.091800 0.997000 1.180400 0.017818 0.108540 127.350000
0.293910 5.866600 5.476100 1.250100 1.308100 0.018494 0.116860 162.680000
0.612860 10.641000 3.156800 1.307100 1.258500 0.014672 0.073829 166.240000
0.392300 6.736700 5.175600 1.339200 1.472000 0.020598 0.097498 152.250000
0.250570 4.835800 4.348300 1.374100 1.352200 0.023359 0.122270 101.890000
0.363810 11.066000 3.106200 1.495900 1.018000 0.023579 0.059185 107.660000
0.581720 5.679400 5.131800 0.929600 0.998460 0.024280 0.136500 138.490000
0.485410 10.874000 3.776500 1.082800 1.209600 0.016042 0.050938 195.230000
0.348300 9.076600 4.363000 0.926250 1.257600 0.022252 0.064694 187.760000
0.461120 7.519800 4.840500 1.130200 1.096200 0.014810 0.131060 187.310000
0.517040 4.248100 2.973100 1.148400 1.491900 0.014470 0.102520 202.820000
0.561940 5.565800 5.115000 1.106300 1.242300 0.026433 0.055775 118.870000
0.348240 6.285000 6.952400 1.579900 1.018900 0.026430 0.124740 180.710000
0.364840 4.409800 6.952700 1.041500 1.173300 0.019553 0.125060 132.040000
0.466300 9.549800 4.960800 1.474000 1.057400 0.021700 0.055947 133.400000
0.315400 4.300900 6.425900 1.305600 1.269700 0.018965 0.084685 148.930000
0.353970 12.307000 4.289100 1.361400 1.132300 0.010266 0.056845 200.590000
0.387780 6.842600 3.896200 1.058800 1.051700 0.011979 0.080795 136.830000
0.567380 6.593800 4.171100 0.978520 1.064100 0.024608 0.053324 183.140000
0.548050 6.146600 5.969600 0.568700 1.102000 0.022481 0.143840 185.450000
0.507140 8.854100 5.955900 0.814670 1.070100 0.022005 0.121280 153.190000
0.612030 10.157000 4.436000 0.784370 1.017800 0.023853 0.117610 172.210000
0.410390 6.840100 6.743300 1.319700 1.210100 0.013428 0.088995 132.390000
0.578080 5.112600 2.563900 1.172700 1.205700 0.016621 0.084690 150.220000
0.510660 10.850000 4.004100 1.032900 1.339200 0.010189 0.113160 191.830000
0.423970 6.361900 3.378200 0.877310 1.237200 0.017492 0.123400 132.630000
0.486770 7.634900 3.467100 1.370200 1.181300 0.020179 0.067742 83.929000
0.470660 8.475300 2.946700 1.599400 1.332500 0.009719 0.107020 146.830000
0.338440 5.468800 2.925000 1.527900 1.461600 0.023197 0.140220 189.530000
0.313590 8.065500 4.584400 1.627600 1.300500 0.024563 0.060599 182.100000
0.518820 4.775300 3.815600 1.223800 1.356000 0.022330 0.089383 99.621000
0.524120 10.657000 2.573100 1.544100 1.238200 0.019033 0.098971 192.700000
0.447460 6.604000 6.389700 0.751790 1.128500 0.024665 0.082743 122.750000
0.333030 8.658800 5.548300 1.313500 1.259500 0.027348 0.101570 169.850000
0.341480 6.479000 5.699500 1.467400 1.557300 0.018890 0.124210 183.190000
0.544880 10.266000 6.877700 0.859830 1.082500 0.022239 0.091426 187.190000
0.284370 5.127600 4.485500 1.044400 1.345200 0.025664 0.094943 108.590000
0.490580 12.255000 7.094900 0.856770 1.013500 0.013127 0.146500 160.190000
0.578830 12.046000 4.575400 1.403400 1.105200 0.025435 0.079437 182.040000
0.302410 12.298000 6.251900 0.811450 1.106800 0.021774 0.127950 186.250000
0.315450 10.237000 7.188700 1.301300 1.056500 0.012470 0.091991 101.170000
0.388840 6.100200 4.241600 0.995320 1.016800 0.020525 0.129940 88.941000
0.317490 10.988000 5.082700 1.091900 1.020400 0.017827 0.108420 121.150000
0.291630 5.981000 4.140400 1.038600 1.430000 0.012285 0.145660 127.910000
0.228590 6.903100 2.593900 1.484500 1.354900 0.020718 0.081355 152.030000
0.531300 8.309500 6.568500 0.610210 1.146900 0.019736 0.144610 145.590000
0.354870 5.573400 5.791900 1.588100 1.359400 0.012057 0.117780 134.530000
0.440990 12.342000 4.413400 1.031600 1.202300 0.010273 0.130810 173.950000
0.475710 11.978000 6.161300 1.536200 1.099500 0.021723 0.112420 135.770000
0.411200 7.868100 4.755000 1.176200 1.201500 0.015687 0.084441 143.370000
0.332560 7.196400 2.658300 0.725200 1.571600 0.017009 0.142400 205.820000
0.282080 9.758000 3.353900 1.343400 0.990590 0.024557 0.148730 100.540000
0.577960 10.032000 2.604400 0.764020 1.163700 0.012162 0.064269 166.380000
0.368620 10.644000 3.138300 1.246100 1.353100 0.014041 0.059771 182.450000
0.585690 5.491300 3.846600 0.918010 1.426400 0.014539 0.072203 184.770000
0.497410 10.614000 6.686900 1.177100 1.018800 0.014237 0.057707 161.210000
0.262050 11.772000 4.252100 1.436300 0.987690 0.010450 0.128490 115.780000
0.348860 5.470800 5.781300 1.021300 1.273600 0.028276 0.112460 126.230000
0.227480 6.383300 2.911700 1.388200 1.520000 0.013329 0.145550 166.010000
0.321390 4.247000 4.152700 1.627300 1.399400 0.021127 0.064071 135.320000
0.237240 8.930000 2.479900 1.178300 1.364600 0.015168 0.067349 165.290000
0.235100 8.564100 6.685600 1.462500 1.406000 0.025857 0.117750 204.220000
0.299610 7.274200 4.467700 1.461900 1.390100 0.019160 0.145370 192.610000
0.485100 8.825600 6.930800 1.510400 1.005600 0.020624 0.065344 97.407000
0.369910 4.333900 5.829900 1.506500 1.514600 0.020482 0.134460 120.420000
0.293820 8.319200 6.053300 1.366100 1.283700 0.011981 0.098237 157.820000
0.352120 8.122700 3.495600 1.643200 1.299200 0.020887 0.070398 137.860000
0.584970 4.958600 6.223100 0.862510 1.347000 0.018825 0.053459 154.220000
0.595750 12.162000 5.900300 0.606430 1.320200 0.024636 0.139470 179.380000
0.406280 8.291400 2.781100 1.554700 1.165500 0.010609 0.132780 144.450000
0.290240 11.883000 4.129700 1.366700 1.137900 0.019085 0.116360 120.260000
0.266910 5.453800 4.953400 1.017500 1.337700 0.021124 0.090481 202.840000
0.466720 9.776800 4.995300 0.799690 1.067900 0.025206 0.090044 90.124000
0.424640 11.713000 5.520000 0.999040 1.323700 0.027803 0.143960 178.040000
0.426630 8.524000 4.253700 1.174700 1.041500 0.022894 0.143890 97.147000
0.423130 5.518500 3.110800 0.605910 1.434200 0.018355 0.126320 130.620000
0.279430 5.825900 4.596000 0.965160 1.390900 0.025736 0.139950 140.980000
0.537780 11.760000 4.907200 1.305800 1.234800 0.022127 0.123630 120.400000
0.449580 9.243800 4.932800 1.219900 1.389400 0.014824 0.066469 204.940000
0.346420 9.670100 6.058500 1.300400 1.306000 0.024415 0.077183 196.180000
0.258520 7.711100 6.280200 1.521400 1.201100 0.024401 0.140280 186.140000
0.335050 5.423200 2.755700 0.942700 1.228400 0.025659 0.071576 141.840000
0.245770 10.599000 3.176200 1.365500 1.230200 0.017574 0.099288 198.810000
0.575700 9.444900 5.123400 1.314600 1.240900 0.028085 0.077792 146.610000
0.306010 4.336300 3.300100 1.576000 1.344900 0.011445 0.099632 206.160000
0.316080 8.148900 5.059700 1.507900 1.151900 0.024448 0.056100 94.588000
0.459420 11.506000 6.317500 0.706370 1.302800 0.024757 0.126320 164.350000
0.583150 4.551800 5.623700 1.361300 1.323100 0.017840 0.120500 176.100000
0.491060 7.675500 5.112900 1.273600 1.343100 0.020442 0.111450 155.270000
0.590900 11.741000 3.026300 1.639600 1.130800 0.023566 0.071138 202.240000
0.355970 7.163700 2.517100 1.183300 1.287800 0.027041 0.056914 103.590000
0.297490 5.780400 2.579300 0.741480 1.018000 0.011675 0.054618 111.690000
0.435640 5.859300 6.322200 1.600400 1.132000 0.028198 0.110010 100.900000
0.621640 6.618400 3.178500 0.673000 1.424900 0.017190 0.102960 194.040000
0.296060 4.415100 3.665100 1.428200 1.094700 0.011991 0.138740 150.800000
0.404780 9.399400 4.318700 1.222400 1.079800 0.026876 0.070731 96.296000
0.290040 8.037300 3.129400 1.088600 1.052700 0.026448 0.093710 90.956000
0.226500 6.475300 6.258200 1.376600 1.069600 0.012203 0.145500 183.600000
0.344830 6.229000 4.549000 1.350800 1.212600 0.026814 0.070357 114.050000
0.585830 9.962700 2.526600 1.440400 1.259700 0.014022 0.145720 132.900000
0.619760 6.509800 2.922700 1.470300 1.063200 0.011478 0.077099 120.890000
0.300190 5.920100 5.410400 0.986870 1.196500 0.020756 0.087189 166.970000
0.337300 5.522100 5.185000 1.003500 1.562700 0.027075 0.081713 175.910000
0.311320 6.321800 6.193500 0.938310 1.051400 0.019464 0.109500 109.630000
0.306380 6.832900 4.529000 1.127800 0.981160 0.018162 0.071031 104.050000
0.524370 5.217100 6.720400 0.840360 1.234400 0.017170 0.130380 116.730000
0.355690 8.404300 6.372500 1.152100 1.268100 0.023376 0.056067 135.900000
0.535750 7.635600 5.886800 0.608790 1.011500 0.022014 0.054972 176.520000
0.548490 5.569500 5.973600 0.765930 1.412800 0.013958 0.136360 177.480000
0.258140 4.633300 3.815000 1.494000 1.345600 0.013909 0.087340 141.390000
0.511370 9.604600 4.443700 0.643490 1.115800 0.020667 0.075327 125.030000
0.608040 11.508000 4.166200 0.648390 1.044800 0.016478 0.053304 132.800000
0.283820 11.636000 5.319200 1.419500 1.225200 0.019162 0.117230 140.200000
0.409670 4.339800 6.416600 0.693740 1.128900 0.027865 0.149060 132.050000
0.394810 12.375000 5.873800 0.765640 1.014500 0.026201 0.051820 120.450000
0.471480 9.659300 2.984800 0.908870 1.056900 0.010469 0.055999 97.388000
0.373390 6.139200 5.137900 0.679300 1.255000 0.022678 0.110590 186.360000
0.610110 6.612400 4.607300 1.223300 1.139800 0.019798 0.114420 86.128000
0.513350 8.427400 3.860700 0.663720 1.295400 0.019082 0.096897 127.600000
0.427130 7.257000 4.407400 0.930510 1.290400 0.027576 0.101650 166.820000
0.333060 9.105900 3.224300 0.979520 1.300900 0.014494 0.138560 181.540000
0.362140 8.099700 6.304000 1.334200 1.352900 0.022477 0.141100 203.780000
0.328220 9.228100 5.956900 0.672320 1.315800 0.019650 0.092668 177.780000
0.557190 5.501900 5.458000 0.843000 1.041300 0.014076 0.058491 102.940000
0.425370 9.435600 3.584700 1.514200 1.307000 0.024460 0.110630 199.000000
0.317750 10.438000 3.937400 1.380100 1.195500 0.011075 0.120460 156.630000
0.414810 9.096000 2.476700 0.848810 1.151100 0.022020 0.099946 142.000000
0.618450 8.705000 3.882400 1.366800 1.011000 0.016549 0.131290 84.627000
0.553470 10.659000 4.202000 0.877760 1.062600 0.027749 0.111980 205.850000
0.459580 7.902200 4.318000 1.061400 1.286500 0.010079 0.087019 182.100000
0.360370 10.361000 6.897500 0.809940 1.159000 0.011810 0.090984 129.000000
0.333780 6.939900 6.643600 1.121000 1.319500 0.026158 0.128180 149.920000
0.356930 7.028300 4.867100 0.784320 1.107500 0.019926 0.055586 207.280000
0.545300 7.083600 6.366200 1.239400 1.248500 0.012425 0.079074 166.410000
0.389100 7.832900 3.388000 0.824150 1.102700 0.013875 0.113280 132.800000
0.386310 6.827400 6.137700 1.442900 0.981040 0.025667 0.057796 127.000000
0.375490 12.375000 6.147900 1.257700 1.177500 0.010499 0.064811 168.640000
0.264070 7.347500 2.628200 1.151200 1.072900 0.026088 0.053423 91.496000
0.227720 6.414400 7.185000 1.054600 1.187000 0.028439 0.120190 188.350000
0.445170 7.400700 3.288500 1.224000 1.442500 0.018113 0.111080 182.710000
0.356730 4.779300 3.756600 1.433500 1.406500 0.013766 0.075999 157.620000
0.496930 8.998700 2.496800 1.544400 1.105000 0.020325 0.054845 176.990000
0.503640 8.592500 6.423300 0.621670 1.287300 0.027702 0.073185 198.290000
0.366720 9.274200 5.726800 0.781670 1.158900 0.023275 0.069157 165.900000
0.450740 10.932000 6.713200 1.071100 1.265100 0.015958 0.138330 204.250000
0.569750 12.403000 6.338300 1.022400 1.024400 0.022840 0.145980 130.990000
0.493120 8.610900 4.181400 1.010800 1.062300 0.013211 0.053560 106.620000
0.292180 5.616800 3.589000 0.676660 1.069000 0.020364 0.143050 91.141000
0.272910 7.661800 3.755400 1.474500 1.005500 0.025098 0.082374 133.620000
0.472710 8.992300 2.521500 0.572430 1.335600 0.013203 0.127140 171.920000
0.249610 10.520000 4.737600 0.874550 1.149000 0.018380 0.098689 179.130000
0.220760 5.951700 2.959900 1.595000 1.265600 0.011196 0.095054 126.330000
0.568130 9.517900 3.930100 1.192600 1.463200 0.027920 0.122010 197.570000
0.390810 10.354000 5.640300 1.482400 1.178100 0.025071 0.113890 97.250000
0.579810 8.299600 6.964600 1.090300 1.058100 0.023169 0.097016 114.390000
0.340350 5.245500 2.844600 1.601800 1.473200 0.024441 0.100010 191.450000
0.294970 4.925300 4.074200 1.214100 1.459700 0.011204 0.145770 194.970000
0.300910 10.701000 6.351600 0.682770 0.997510 0.023374 0.138940 174.460000
0.513930 5.155200 5.896800 0.683450 1.030600 0.022350 0.149510 182.230000
0.475510 11.968000 3.864900 1.157800 1.115800 0.027572 0.086417 116.210000
0.386320 11.539000 2.875100 1.032200 1.140500 0.018566 0.112250 178.170000
0.337530 6.267500 5.678900 0.945680 1.010600 0.012746 0.137590 107.860000
0.266600 6.288100 5.394800 1.220200 1.445400 0.023635 0.146560 108.020000
0.511010 4.684500 6.432500 0.626230 1.043500 0.019452 0.127250 132.860000
0.628440 11.721000 5.007700 1.540500 1.180400 0.027823 0.077442 151.150000
0.244250 7.188300 5.213700 1.180200 1.022300 0.026501 0.139070 174.690000
0.603630 8.291000 5.375200 1.282000 1.504300 0.024451 0.146650 193.990000
0.362580 6.234300 6.950900 1.314000 1.123800 0.014179 0.129910 138.070000
0.523990 11.972000 4.292100 0.765500 1.022500 0.015434 0.092284 176.960000
0.617110 10.521000 2.994200 0.669000 1.419700 0.026957 0.113480 175.370000
0.280790 7.080600 3.290200 1.560100 1.403200 0.024222 0.084525 165.210000
0.501750 11.422000 3.462800 1.528100 0.983450 0.010410 0.147340 124.960000
0.464090 5.798000 2.793800 1.371700 1.061100 0.028314 0.079135 111.620000
0.325010 7.140000 3.776100 1.071300 1.301400 0.025978 0.082881 92.538000
0.237970 4.459800 5.128000 1.209600 1.328100 0.024672 0.088414 165.390000
0.464510 7.482400 2.437600 0.969750 1.328600 0.017069 0.117270 117.050000
0.561730 4.891300 6.796700 1.274800 1.011200 0.018609 0.067619 166.490000
0.280220 5.565700 6.458800 1.250600 1.134800 0.021490 0.061333 187.080000
0.283630 8.586200 5.556200 0.960220 1.511100 0.024452 0.125810 205.980000
0.232180 7.440500 5.451400 1.352700 1.214000 0.016450 0.130810 199.860000
0.591140 6.975000 2.820500 0.636240 1.229400 0.010959 0.079454 149.690000
0.264260 5.792700 6.590800 0.923610 1.236200 0.019133 0.132770 197.910000
0.398900 7.246600 6.819400 1.199600 1.062200 0.020685 0.142130 151.260000
0.524440 11.208000 4.666400 1.309200 1.049400 0.010584 0.090952 144.030000
0.413390 6.404600 4.961700 1.226500 1.473800 0.017376 0.139060 164.160000
0.475280 4.985900 6.127100 1.489300 1.393100 0.027261 0.146960 162.230000
0.285710 9.143800 5.544000 0.982600 1.216600 0.010168 0.130400 177.550000
0.331280 4.415200 4.646200 1.030900 1.361600 0.027821 0.078950 175.700000
0.459200 5.316300 3.133300 1.075600 1.287800 0.026736 0.076214 205.520000
0.327300 6.076800 2.486700 1.330500 1.162800 0.018366 0.097737 88.828000
0.270040 5.900300 3.643900 0.634380 1.482000 0.022116 0.115140 161.240000
0.430650 8.040500 4.827700 1.101800 0.968010 0.027924 0.143570 99.877000
0.544380 4.529600 6.950400 1.633000 1.244600 0.019029 0.114820 166.060000
0.462580 7.587200 2.569900 1.133500 0.977240 0.022576 0.078177 126.370000
0.447190 11.007000 4.872100 1.427000 1.286100 0.012685 0.065546 187.680000
0.627600 4.552800 6.856200 1.221900 1.088200 0.018317 0.091588 134.460000
0.386110 4.407400 3.185000 1.514800 1.249300 0.027157 0.107100 92.836000
0.242720 4.850700 6.054400 0.731570 1.068900 0.025334 0.149800 151.920000
0.382700 9.477700 3.868600 0.993520 1.338700 0.021161 0.059231 206.940000
0.471690 4.396900 5.088700 1.251100 1.360400 0.011646 0.088050 151.130000
0.530570 6.230200 3.245000 0.977530 1.279000 0.012467 0.147470 197.990000
0.536500 4.346300 5.303400 0.944500 1.364100 0.022357 0.107100 192.900000
0.446180 12.377000 5.700900 1.560500 1.047500 0.010157 0.121290 191.730000
0.280090 5.553200 5.390100 1.312700 1.389800 0.012338 0.138930 184.940000
0.227030 4.785900 5.916600 1.005600 1.315700 0.012096 0.115740 178.520000
0.258900 9.339700 2.650000 0.658480 1.418100 0.015719 0.128200 159.880000
0.328810 8.225400 6.745000 0.779970 1.237700 0.011395 0.060731 163.230000
0.514560 10.437000 6.154300 1.396000 0.982470 0.012800 0.072764 130.830000
0.491420 4.578300 6.094600 1.332500 1.150900 0.025642 0.136140 121.430000
0.321220 12.350000 4.128400 0.776320 1.069500 0.028118 0.146630 110.600000
0.511430 11.364000 2.719800 0.774350 0.997550 0.020961 0.069024 202.460000
0.505320 9.608000 2.489400 1.484400 1.024900 0.026597 0.069797 126.280000
0.392690 5.104000 6.864400 1.314700 1.423000 0.019877 0.107230 159.010000
0.413340 7.849000 4.493800 1.353300 1.091600 0.011611 0.073074 202.780000
0.254500 4.555100 6.350800 1.333900 1.504000 0.020335 0.070751 149.330000
0.422520 6.658900 3.859500 1.633400 1.164000 0.013524 0.050941 179.940000
0.416110 4.255400 4.953000 0.837150 1.429300 0.017149 0.091517 160.330000
0.380410 11.051000 4.962600 1.064900 1.286600 0.014083 0.097797 201.170000
0.443260 4.863900 3.356000 1.279200 1.332200 0.013174 0.080240 139.430000
0.532280 4.309600 7.024000 1.175600 1.368700 0.019440 0.076500 127.300000
0.249460 5.566500 6.079000 1.408200 1.092100 0.019298 0.109450 169.250000
0.421020 7.916300 6.912200 1.644800 1.143900 0.026448 0.085647 93.515000
0.517240 5.021500 4.811200 1.513300 1.272400 0.009927 0.120220 139.090000
0.477120 8.619300 5.719400 0.977250 1.393900 0.021740 0.129390 155.210000
0.458360 7.307000 4.813200 1.395000 1.037500 0.015363 0.062358 103.160000
0.373800 7.245900 3.251500 0.605950 1.085700 0.016967 0.099716 196.650000
0.488260 9.629800 5.936600 0.763260 1.220100 0.017905 0.147860 128.450000
0.609440 8.692000 2.445800 1.409500 1.304500 0.028339 0.057484 121.800000
0.289830 8.768500 5.431600 0.775170 1.074600 0.028248 0.119740 144.480000
0.425680 9.522200 3.071800 1.063000 1.106900 0.018322 0.084052 175.680000
0.439120 4.975200 4.126000 1.273200 1.343400 0.022796 0.120910 160.940000
0.486890 8.809700 3.788500 1.435800 1.070100 0.028303 0.057297 106.810000
0.402850 11.728000 4.406600 0.661410 1.033700 0.016277 0.128330 118.330000
0.468960 4.301500 2.621700 1.248900 1.239100 0.018635 0.075585 181.450000
0.549670 8.316300 2.524500 0.878820 1.247000 0.014531 0.067477 113.870000
0.567590 5.114100 4.913200 1.438600 1.400800 0.022480 0.066776 121.100000
0.489120 12.019000 2.995100 1.552600 1.033100 0.020001 0.120670 174.540000
0.222460 6.582900 7.081800 1.184100 1.337300 0.020290 0.050829 180.680000
0.434540 9.231100 3.033100 1.156900 1.185900 0.026451 0.052698 156.820000
0.365250 7.195300 4.569100 0.722220 1.422400 0.021409 0.145420 126.680000
0.369390 9.138400 5.910300 1.606100 1.322900 0.016832 0.097547 161.520000
0.341880 12.138000 5.669000 0.694480 1.221600 0.026877 0.072863 192.130000
0.341360 7.412000 5.169200 0.842890 0.993610 0.009888 0.064784 158.640000
0.604740 5.897200 3.028700 0.915010 1.408800 0.022267 0.069323 177.530000
0.287580 6.797500 5.710800 1.272900 1.533400 0.014836 0.109540 196.950000
0.381080 4.416600 5.982600 1.501200 1.321500 0.023526 0.139570 165.160000
0.293070 9.188700 7.051800 1.354000 1.070000 0.010103 0.128120 188.620000
0.520500 8.477000 4.532700 0.995750 1.147300 0.026249 0.066901 205.930000
0.517000 7.437300 4.364400 0.627790 1.322000 0.015742 0.129200 120.520000
0.528020 4.381300 2.443900 0.951460 1.431000 0.018878 0.121980 144.810000
0.607220 9.474800 5.549500 1.634600 1.102100 0.016205 0.093604 130.720000
0.392600 6.788800 3.134100 1.618100 1.232500 0.023644 0.099059 87.379000
0.292150 7.437100 3.094500 1.127400 0.964230 0.018376 0.075291 115.740000
0.397390 6.882600 5.618000 0.601540 1.150100 0.013766 0.116630 86.920000
0.611550 12.058000 4.313100 0.928420 1.352900 0.017718 0.073861 185.010000
0.517220 6.502500 2.661100 0.887020 1.266400 0.015124 0.144460 96.160000
0.533910 9.659900 6.831000 1.475200 1.150500 0.013313 0.068833 188.900000
0.540160 6.505700 5.989500 0.897470 0.983440 0.020299 0.053512 177.980000
0.566770 5.752500 6.331200 1.428000 1.310700 0.009904 0.102520 182.360000
0.371410 9.619400 3.833200 1.634600 0.989260 0.022353 0.081019 84.757000
0.376490 6.326200 4.847200 1.017000 1.275600 0.021831 0.069417 201.870000
0.257710 6.344600 4.504100 0.976350 1.240800 0.015353 0.104580 187.760000
0.224100 12.170000 4.963500 0.591640 1.132100 0.027924 0.092799 149.310000
0.308110 4.287100 6.854800 1.066300 1.311300 0.014547 0.137800 97.163000
0.216130 4.364500 4.509300 1.105000 1.110600 0.011955 0.073390 117.790000
0.432570 7.705500 4.928400 1.207000 1.127600 0.022282 0.089650 130.840000
0.598690 4.509500 5.570400 1.254500 1.400200 0.020935 0.065166 121.000000
0.506790 9.774500 6.198300 0.739080 1.141600 0.022798 0.080212 196.050000
0.600200 9.163400 6.382800 1.258200 1.128800 0.018777 0.091386 114.910000
0.337310 6.040100 5.902700 0.985320 1.262900 0.020183 0.083744 166.600000
0.288080 8.134500 5.108000 1.571800 1.035500 0.020145 0.098287 112.890000
0.572850 9.641700 2.668900 1.459800 1.270800 0.016144 0.098361 198.320000
0.335480 10.082000 2.811900 1.254100 0.992030 0.020055 0.141250 85.365000
0.383180 5.786100 6.460100 0.598000 1.298700 0.021631 0.114840 172.310000
0.397900 4.819900 4.160100 1.129700 1.307400 0.022254 0.145810 84.343000
0.510060 7.591500 4.233900 1.614000 1.349700 0.026412 0.112300 137.510000
0.611590 8.162400 2.563200 1.222600 1.209700 0.021131 0.114180 159.990000
0.467370 4.558700 6.692200 0.777390 1.143200 0.017978 0.087551 88.947000
0.273960 7.331000 6.205200 1.071700 1.297300 0.024904 0.111800 166.660000
0.388670 6.304000 5.846700 0.584420 1.230600 0.021251 0.131600 147.980000
0.494570 10.965000 3.648600 1.344500 1.228000 0.014598 0.122630 201.840000
0.529270 7.474200 5.527200 1.532400 1.327500 0.018970 0.122100 204.810000
0.470860 5.204800 5.620300 0.809860 1.422800 0.020333 0.116820 165.120000
0.241300 11.760000 4.106200 1.274300 1.018300 0.013290 0.102080 115.690000
0.513430 6.410300 3.298000 0.718840 1.102900 0.012123 0.097628 137.770000
0.321830 11.623000 2.686300 1.237000 1.207800 0.016603 0.133330 169.690000
0.348560 10.513000 6.627400 1.245500 1.273700 0.021360 0.057072 205.240000
0.253270 5.196800 3.239400 0.850780 1.319300 0.012549 0.083414 173.610000
0.618520 8.915800 3.613800 0.996310 1.137600 0.015075 0.109990 124.130000
0.354570 12.251000 7.064600 0.883990 1.080100 0.014279 0.083685 140.280000
0.368010 5.967400 5.838300 1.329900 1.417600 0.025412 0.116780 177.010000
0.464010 7.253000 7.127600 1.146300 1.256600 0.015874 0.141280 189.160000
0.243360 4.192700 5.655100 0.673590 1.424900 0.019075 0.126040 123.200000
0.531450 4.681300 2.589700 1.264000 1.149200 0.011032 0.095083 163.830000
0.310730 5.177600 3.961000 1.506800 1.102500 0.020585 0.119760 143.290000
0.238870 8.414800 4.917800 0.595980 1.265600 0.018713 0.098694 155.850000
0.272810 11.100000 3.744900 0.716470 0.971960 0.026772 0.077987 190.560000
0.273600 12.463000 5.878900 1.076600 1.138700 0.020474 0.090786 185.550000
0.363130 11.249000 3.696800 0.884430 1.316800 0.019780 0.118180 143.600000
0.281610 6.005900 5.343100 1.392100 1.611900 0.027156 0.094158 200.450000
0.443190 11.974000 4.841300 0.792870 1.257700 0.016457 0.116530 187.130000
0.475450 5.322600 6.368500 0.873010 1.167000 0.013036 0.085792 97.703000
0.524440 9.476200 3.610700 0.951090 1.329100 0.011954 0.142190 173.060000
0.493520 6.512400 4.687500 1.078200 1.577700 0.024592 0.146710 182.690000
0.226840 10.375000 3.993800 0.603810 1.264300 0.027976 0.057776 159.940000
0.623940 11.985000 6.438500 0.598190 1.005000 0.028293 0.127310 177.020000
0.385560 9.576000 5.355000 1.035400 1.342500 0.022686 0.100500 196.250000
0.298030 4.952500 6.009500 1.163300 1.419000 0.012173 0.120720 204.670000
0.407850 5.578300 4.585700 0.640240 1.160800 0.021015 0.110420 148.100000
0.607340 8.898800 3.263100 0.744080 1.051600 0.023428 0.115790 201.950000
0.347680 7.683800 3.265800 0.684250 1.269400 0.015315 0.112880 131.830000
0.566680 7.994100 5.308500 1.068600 1.284400 0.020610 0.051702 187.650000
0.328530 9.183800 5.962300 1.114700 1.069800 0.028113 0.062315 100.650000
0.264590 7.862500 5.199500 1.264700 1.105500 0.012635 0.144530 197.020000
0.462770 7.562700 7.039300 1.499300 1.448700 0.024647 0.088631 200.330000
0.343220 6.697800 4.245900 0.963580 1.271400 0.027906 0.126320 102.570000
0.532890 7.955200 3.045100 0.729450 1.264600 0.011183 0.122650 192.210000
0.501420 6.048900 5.017600 0.795210 1.224300 0.024866 0.110750 113.200000
0.469180 6.596300 6.082700 1.333700 1.212600 0.016134 0.128540 149.160000
0.272790 7.057200 2.509700 1.113200 1.137700 0.028292 0.119550 114.870000
0.445270 10.596000 7.144800 0.580070 1.055900 0.024931 0.064895 88.378000
0.232530 9.707300 6.681300 0.959680 1.033800 0.014968 0.120690 161.370000
0.502200 7.169300 5.728200 0.942450 1.169200 0.016944 0.116720 99.443000
0.446340 7.391700 5.147300 0.943190 1.052000 0.025410 0.060740 132.970000
0.376100 5.169400 6.063900 1.639700 1.233500 0.022764 0.084531 146.110000
0.357030 7.090600 6.428800 0.813120 1.295100 0.014588 0.116770 187.610000
0.222360 6.690500 4.438800 1.143400 1.135600 0.017376 0.069495 117.160000
0.360270 8.205000 5.716300 1.179500 1.451100 0.021402 0.063229 192.680000
0.296710 8.271100 2.494100 1.328700 1.222100 0.015101 0.063721 171.480000
0.586300 6.999400 3.741200 1.081800 1.070900 0.017050 0.056046 185.520000
0.418820 5.924900 6.475700 0.775440 1.042100 0.017416 0.096170 111.970000
0.621900 9.323000 3.742400 0.983190 1.065200 0.012213 0.096314 102.210000
0.528920 12.070000 3.829600 1.489900 1.123300 0.026061 0.071324 161.780000
0.366610 10.841000 6.590500 1.268900 1.220300 0.019432 0.115080 191.830000
0.538100 5.541700 5.447600 1.180100 1.056000 0.016470 0.075939 92.619000
0.481980 5.205900 4.245700 1.068000 1.349100 0.011702 0.128620 196.190000
0.441820 4.193300 5.459200 0.988400 1.017300 0.016305 0.098129 156.500000
0.626540 4.205200 5.563600 0.730470 1.486600 0.028434 0.050112 173.870000
0.416220 11.224000 3.894500 1.206200 0.968460 0.010166 0.137690 110.100000
0.486560 5.744100 5.359800 0.566860 1.383500 0.016346 0.127220 187.140000
0.436910 4.574500 6.305700 1.172600 1.062900 0.016515 0.125120 95.740000
0.408400 9.129500 4.671900 1.273400 1.132200 0.011529 0.104200 141.270000
0.602550 12.115000 5.346900 1.499100 1.129600 0.023236 0.076569 182.950000
0.290260 7.151100 6.412300 1.578500 1.447900 0.025333 0.101470 145.450000
0.370820 10.846000 3.955300 0.588790 1.074000 0.024252 0.119260 156.410000
0.374170 9.715300 2.665100 0.729790 1.212200 0.023351 0.078710 184.810000
0.244440 7.418600 4.757200 1.499900 1.193200 0.024598 0.104560 162.380000
0.581180 10.801000 3.046900 0.651670 1.126600 0.022348 0.056623 154.520000
0.348390 7.703200 5.588400 0.936750 1.015100 0.021860 0.112490 88.791000
0.431140 7.556400 5.239600 1.401000 1.127400 0.015959 0.056334 105.560000
0.353250 6.389600 4.095600 0.635320 1.344500 0.017026 0.093878 126.140000
0.584560 6.044100 3.348700 1.173400 1.185700 0.014124 0.098814 150.150000
0.362590 11.777000 4.553700 1.348000 0.996440 0.016314 0.136870 131.980000
0.582830 8.086300 5.123800 0.862180 1.019900 0.018816 0.118540 189.150000
0.377840 11.568000 6.754600 0.557650 1.238700 0.026506 0.087143 164.920000
0.229250 8.744500 5.753400 1.167800 1.211800 0.021338 0.146830 108.600000
0.476110 9.091500 4.319200 0.735130 1.034200 0.011392 0.095954 91.241000
0.326080 11.649000 6.663700 0.832740 1.014000 0.012042 0.078228 178.720000
0.597150 8.131100 6.874600 1.638300 1.055300 0.020280 0.107800 125.280000
0.564600 5.538800 2.637400 0.943200 1.356500 0.025847 0.106430 119.540000
0.287430 7.028500 2.674300 1.592900 1.479200 0.025995 0.107500 179.390000
0.442260 8.942600 7.122500 0.954220 0.972810 0.027046 0.087141 107.560000
0.262440 6.573300 6.911800 1.201000 1.370300 0.021858 0.071055 140.460000
0.482710 6.428700 6.732600 0.611920 1.113400 0.022139 0.077177 106.640000
0.530000 8.177300 2.503400 0.916310 1.340900 0.021504 0.070821 141.640000
0.334920 8.190800 3.548900 0.855970 1.099800 0.021282 0.085527 203.960000
0.449670 5.488600 7.079600 1.302100 1.001100 0.020175 0.076731 171.570000
0.235060 6.893800 5.097500 0.619230 1.035700 0.020804 0.127790 172.870000
0.600950 5.158100 3.791600 0.728350 1.053200 0.016373 0.121840 111.960000
0.283290 4.488300 3.131800 1.396400 1.312100 0.015431 0.083026 170.310000
0.505120 7.494400 4.639200 1.302900 1.147200 0.021499 0.073488 91.812000
0.253850 5.898500 6.829000 1.470200 1.281800 0.022134 0.090117 135.620000
0.581980 6.995800 3.898100 0.603730 1.202600 0.017130 0.149820 95.089000
0.392240 5.850700 3.435500 1.456800 1.273200 0.017314 0.103400 135.140000
0.592140 7.051400 6.549700 1.248300 1.281500 0.023452 0.142310 161.480000
0.526260 4.266600 4.980800 1.246700 1.012500 0.012334 0.100610 101.490000
0.364650 4.372200 3.518000 1.186500 1.518600 0.018875 0.114640 150.290000
0.341300 10.726000 3.230600 0.646080 1.068600 0.010923 0.133100 110.620000
0.249170 9.247600 4.779400 0.966760 1.033800 0.009776 0.092245 194.380000
0.585710 7.680200 5.371000 1.255500 1.341000 0.011013 0.118480 204.560000
0.440220 7.097200 3.222900 1.030400 1.187800 0.017165 0.051437 181.140000
0.335990 10.740000 4.588100 1.505800 1.388100 0.021033 0.149050 207.260000
0.539230 5.997700 6.365300 0.753690 1.007700 0.015869 0.056521 87.312000
0.302690 4.740100 6.659300 0.762880 1.114800 0.028429 0.136610 182.180000
0.511310 5.190300 4.235800 0.800020 1.512600 0.012412 0.101910 196.490000
0.480750 5.618700 4.470000 1.501900 1.135600 0.025935 0.128070 102.860000
0.354220 4.966900 3.488300 1.425600 1.210300 0.023737 0.066552 130.540000
0.319180 7.076300 5.270700 1.610300 1.221900 0.027693 0.083901 144.670000
0.531130 11.047000 3.231400 0.847610 1.354000 0.018933 0.124340 179.530000
0.404390 6.808000 2.655500 1.316500 1.229000 0.013282 0.128080 177.010000
0.292410 6.286600 5.977700 1.020700 1.159700 0.020340 0.108420 180.270000
0.554710 7.440300 3.213000 0.924060 1.059800 0.010348 0.063797 149.750000
0.285930 8.016000 4.665600 1.504100 1.331300 0.025104 0.063539 174.940000
0.374090 4.867700 3.354400 1.181600 1.136100 0.011416 0.087504 112.520000
0.605710 10.623000 2.676300 1.620100 1.206100 0.019074 0.120100 117.180000
0.349020 6.364500 4.103000 1.644700 1.483800 0.012257 0.073461 180.080000
0.544970 11.483000 3.874800 1.332000 1.174300 0.011999 0.096809 158.160000
0.548130 4.217800 6.204300 1.084600 1.265600 0.024610 0.086736 95.757000
0.459180 7.320000 3.551600 0.874800 1.214800 0.020072 0.085213 174.040000
0.552980 11.180000 2.669400 0.822180 1.022500 0.016293 0.147360 95.734000
0.280310 7.768500 5.520000 0.834500 1.234700 0.010824 0.119980 172.800000
0.398690 7.969600 4.473300 0.618220 1.035400 0.020400 0.143650 87.629000
0.324310 4.442800 3.718600 1.499200 1.561200 0.026468 0.054516 206.380000
0.418310 8.172800 2.586400 1.131300 1.338100 0.020530 0.093557 160.330000
0.592840 11.215000 5.782400 1.553900 1.296300 0.026192 0.108350 203.960000
0.577330 11.210000 3.218500 0.640450 1.026800 0.028400 0.110940 149.600000
0.368180 7.403200 2.610100 1.133900 1.054300 0.020495 0.097710 192.350000
0.325470 6.400000 3.326000 1.056500 1.338300 0.025882 0.100250 105.560000
0.223340 7.316600 2.649400 1.070300 1.474900 0.026144 0.096573 141.170000
0.582160 12.185000 2.938600 0.830400 1.071700 0.011856 0.100200 96.185000
0.271280 4.873100 3.817500 1.342700 1.180300 0.018953 0.123190 124.710000
0.421590 6.140300 6.148300 1.085000 1.366700 0.028373 0.063410 137.660000
0.408990 11.424000 6.027300 1.156500 1.187400 0.026364 0.105120 104.320000
0.514590 7.026200 6.925700 1.063400 1.060300 0.016474 0.117350 159.040000
0.448610 11.438000 2.926800 1.079900 1.241000 0.016916 0.115670 120.530000
0.399620 8.056600 3.857100 0.717770 1.093100 0.015473 0.091553 117.620000
0.462220 4.850400 7.123400 0.782080 1.271500 0.027490 0.079662 118.030000
0.266660 4.720200 7.038600 1.351200 1.281400 0.026416 0.064428 197.980000
0.286420 7.882000 3.378500 0.890350 1.116400 0.023370 0.137670 202.080000
0.340390 7.620100 2.750800 1.645300 1.412500 0.025946 0.147060 177.560000
0.353800 9.082100 4.885400 1.517500 1.038900 0.014897 0.058351 170.070000
0.298360 11.598000 4.158100 0.562200 1.209900 0.022316 0.052009 157.410000
0.578490 7.646800 4.051300 1.601800 1.333600 0.027514 0.136500 184.490000
0.383630 5.006700 5.284000 1.312800 1.117100 0.023800 0.097704 137.450000
0.394650 7.902900 5.498900 1.630500 1.163000 0.022566 0.060600 101.560000
0.339260 11.446000 3.059900 1.307400 1.023200 0.018405 0.063576 127.480000
0.267250 6.113700 2.743300 1.516800 1.286500 0.017327 0.084813 101.530000
0.566710 7.255200 4.754600 1.590300 1.322500 0.010870 0.063576 161.140000
0.562820 5.732200 6.542200 0.808650 1.184300 0.028099 0.091133 203.050000
0.498460 7.037900 4.598500 0.869720 1.466800 0.024040 0.100430 170.660000
0.587920 8.551100 5.007800 0.692600 1.032100 0.022943 0.138960 143.580000
0.430930 12.482000 4.856000 0.930020 1.039500 0.010591 0.149190 175.730000
0.376740 7.065800 7.112100 1.148900 1.108400 0.015773 0.054885 166.980000
0.224970 6.623900 4.130700 1.214000 1.455100 0.025270 0.106660 203.360000
0.477580 4.887200 6.906100 1.246800 1.079900 0.018883 0.103500 84.191000
0.568190 5.806900 4.167000 1.248000 1.290200 0.009666 0.094996 164.850000
0.362400 6.749800 6.050700 0.643560 1.117900 0.015108 0.059378 115.690000
0.226170 4.864300 6.864200 1.319800 1.113800 0.021455 0.106410 150.990000
0.530710 4.310800 3.381700 0.954180 1.323500 0.017683 0.079804 183.270000
0.497690 6.438400 4.422400 1.331500 0.997520 0.009973 0.120800 141.730000
0.580310 8.842300 5.632400 1.334800 1.086100 0.013487 0.055947 138.630000
0.278600 8.356400 5.211000 1.099900 1.335100 0.018223 0.123700 136.900000
0.542850 5.677900 3.099300 0.763270 1.487900 0.025730 0.142420 157.400000
0.307090 5.443900 3.612700 0.789410 1.387000 0.019973 0.145060 143.940000
0.332240 10.333000 7.113500 1.638700 1.189300 0.025158 0.118960 154.740000
0.210840 5.961400 4.109800 0.788480 1.544700 0.024541 0.082283 199.250000
0.378660 11.334000 5.933500 1.568200 1.290600 0.015387 0.092347 177.640000
0.275010 5.079800 6.660200 1.065200 1.073500 0.025925 0.121820 133.140000
0.302780 5.577900 3.742000 1.246100 1.504400 0.026310 0.053099 184.530000
0.223410 4.197500 6.058200 1.534700 1.445200 0.014256 0.082400 193.200000
0.486780 7.681700 6.377800 1.451500 1.046500 0.025284 0.148720 122.800000
0.484590 7.392700 2.912800 1.177400 1.352800 0.022432 0.116750 198.370000
0.602760 5.062100 3.610300 1.084500 1.243100 0.015925 0.078173 140.110000
0.334030 7.110100 6.046400 1.162200 0.995730 0.010727 0.106400 103.070000
0.378100 8.549100 5.278000 1.422900 1.376800 0.011982 0.138710 199.320000
0.495000 11.467000 6.854600 1.512000 0.990200 0.020750 0.068322 111.610000
0.231930 7.026900 3.812500 0.972210 1.335700 0.021271 0.089448 106.420000
0.368860 4.405200 4.996100 1.251700 1.093300 0.016644 0.124690 198.210000
0.388440 7.986500 3.521900 0.767150 1.106800 0.025947 0.083913 134.690000
0.324930 11.076000 5.767800 0.677430 1.087400 0.022918 0.104360 127.060000
0.337860 8.295900 4.958600 1.308900 1.494300 0.027472 0.119410 156.420000
0.228810 5.215800 6.067700 0.914410 1.299300 0.023968 0.100440 97.818000
0.384790 7.949500 6.945400 0.974440 1.364500 0.023250 0.087501 152.080000
0.436160 8.177700 4.295300 0.775170 1.079900 0.018384 0.064598 87.296000
0.341890 11.822000 5.545600 1.448800 1.144800 0.023043 0.137120 155.270000
0.326270 7.913400 5.225900 1.404000 0.967650 0.012695 0.136350 136.430000
0.249800 9.016800 4.152200 1.401200 1.234000 0.024263 0.068929 199.850000
0.362000 11.183000 3.296400 0.990230 0.971980 0.018312 0.076373 120.340000
0.530710 6.139600 3.905300 1.021900 1.030000 0.013197 0.089382 150.080000
0.551930 10.404000 5.242500 1.041200 1.237400 0.023410 0.053666 131.730000
0.273680 6.380700 4.982400 1.616000 1.156900 0.016889 0.108440 90.327000
0.349580 9.455000 6.538900 1.382000 1.024900 0.014687 0.102990 124.060000
0.618720 6.989200 3.441800 1.499800 1.077700 0.017857 0.103950 111.210000
0.507040 6.944300 2.967100 0.935860 1.132200 0.013173 0.110120 198.640000
0.347810 11.306000 3.719300 1.400500 1.330900 0.013610 0.147770 170.130000
0.536110 10.235000 2.459900 0.605340 1.181600 0.013520 0.084852 110.120000
0.579800 8.060100 6.100300 0.971940 1.215400 0.022181 0.094556 205.720000
0.539800 12.251000 4.398800 1.052800 1.253300 0.014588 0.077493 164.730000
0.517210 9.892200 6.434500 1.120000 1.092600 0.014374 0.096661 115.730000
0.326410 11.818000 6.745800 1.368700 1.185800 0.018077 0.065956 169.710000
0.255400 5.859900 5.794100 1.054100 0.970600 0.013159 0.118630 102.650000
0.437020 9.685500 6.015400 1.128600 1.078500 0.021626 0.146180 89.199000
0.575260 8.281800 5.066100 1.096900 1.080100 0.019281 0.137520 184.200000
0.526440 8.480100 3.883600 1.328500 1.127300 0.010713 0.082034 121.260000
0.298170 6.826700 3.114500 0.648020 1.263200 0.022431 0.092935 148.040000
0.355840 6.827200 2.956700 0.810450 1.466600 0.021611 0.132780 164.710000
0.354420 6.433900 3.166800 1.021900 1.370300 0.026288 0.098782 188.290000
0.408350 8.149200 2.920300 0.999040 1.172000 0.010028 0.069782 130.680000
0.616430 6.054500 5.954500 0.680430 1.004400 0.027130 0.130710 98.267000
0.607880 6.789600 2.865200 1.239400 1.291300 0.014601 0.067241 203.470000
0.501510 6.872300 3.883900 1.611900 1.475700 0.011651 0.132140 190.370000
0.388290 4.573900 4.484600 0.604740 1.405000 0.025967 0.081964 117.390000
0.493140 6.941200 4.828900 1.148400 1.393000 0.017423 0.076345 176.620000
0.285090 6.177300 4.707900 1.419900 1.290700 0.021837 0.140340 125.080000
0.328070 7.497900 4.954300 0.583920 1.123900 0.016565 0.145990 103.160000
0.405570 6.674500 6.867500 0.972590 1.388400 0.012339 0.069603 202.600000
0.278820 6.518100 3.804400 1.531400 1.020000 0.014040 0.141330 138.240000
0.477620 7.351700 7.058100 1.629300 1.165700 0.015733 0.134790 149.590000
0.468160 6.268800 5.898600 1.156100 1.134700 0.027202 0.099888 139.870000
0.287250 11.760000 3.224600 0.657290 1.196600 0.020867 0.130170 191.040000
0.354370 7.644800 2.861800 0.696220 1.471800 0.023801 0.100760 195.270000
0.514310 9.690700 4.385200 1.453000 1.299500 0.025298 0.095544 163.810000
0.279700 11.232000 2.415000 0.803580 1.203500 0.013991 0.138920 156.880000
0.266960 4.367600 4.850600 0.824520 1.121000 0.017304 0.113460 84.283000
0.437960 11.643000 6.850800 0.855190 1.322700 0.023076 0.137030 181.940000
0.342650 10.123000 4.982200 0.868430 1.317900 0.025172 0.067749 142.040000
0.609330 6.055400 6.656100 0.984650 1.077300 0.010051 0.062451 174.610000
0.466860 6.853400 5.260100 1.497400 0.996130 0.020212 0.139730 122.610000
0.611820 5.849600 3.880800 1.462100 1.383000 0.022934 0.126270 198.350000
0.323680 6.393700 4.909000 0.847680 1.159900 0.023850 0.118180 173.530000
0.331410 10.599000 4.967200 1.415500 1.098600 0.020797 0.057085 126.090000
0.429310 5.147300 7.128500 1.577300 1.336100 0.012354 0.095411 141.780000
0.590360 4.713200 6.199800 0.983560 1.081500 0.010254 0.098631 115.320000
0.295600 9.910400 4.963700 1.639000 1.247800 0.014599 0.111740 159.980000
0.277740 5.932400 6.740300 1.038900 1.326000 0.016793 0.065400 177.170000
0.475770 4.686900 6.381700 0.642330 1.033400 0.014719 0.073276 103.120000
0.578150 7.716300 3.789500 1.639000 1.127300 0.015503 0.079301 106.970000
0.473460 5.684200 5.625700 1.354600 1.171600 0.027390 0.072913 131.760000
0.244800 5.037300 3.810100 1.108500 1.242300 0.014885 0.148640 84.022000
