9.961200
8.670180
12.092380
11.701810
8.251720
11.809030
7.945490
12.260970
9.611980
13.259060
12.210440
8.568130
8.783030
10.151770
12.219570
12.933820
10.404300
10.549760
12.412120
9.631720
8.957130
8.436690
12.730540
11.072940
8.117480
9.333510
9.325430
7.941810
9.890710
8.417870
12.283490
7.876360
7.783870
12.011750
9.670140
8.700680
9.734430
8.748670
12.433030
9.330860
11.054300
12.920750
10.425580
11.634860
13.080960
10.385310
9.466380
9.163160
10.334750
10.500780
9.018130
8.914880
10.868910
8.112220
11.013740
12.314950
10.985330
12.218990
8.276810
9.135640
11.533920
8.317580
10.120690
8.353620
11.222190
8.580720
10.264050
12.263430
9.090050
9.002660
10.599760
8.429090
13.102080
7.054360
12.319240
11.645230
9.845600
8.713400
11.728490
11.841550
13.515660
11.256430
8.078340
10.336590
8.933250
14.138640
9.317810
8.558870
7.349510
13.088820
9.689080
9.276980
10.756000
9.598550
11.317180
10.402290
10.183190
11.383500
8.932360
10.418370
8.141220
11.861440
10.507440
8.418080
9.963580
11.130360
12.591520
12.323700
12.398050
11.464290
8.002150
9.755780
8.865320
10.121280
9.320550
10.977040
7.614390
11.470490
12.992140
10.878470
9.062660
9.327360
9.552780
8.144860
10.700980
8.953500
12.303580
10.979080
10.824560
8.585590
13.496590
9.903430
11.788400
10.175910
9.241060
12.182730
8.741180
10.316140
10.483050
8.321120
8.351210
10.084500
11.592430
11.802470
7.764860
9.991950
11.183370
6.916830
7.438780
8.529450
9.128030
9.735100
11.044240
10.669340
10.830800
12.344980
8.957030
9.507810
7.483140
9.710390
8.136180
11.707790
10.941810
8.225790
10.614470
9.231900
12.877550
9.852410
8.042750
10.123300
13.381130
11.474420
9.855670
8.702800
10.943140
11.297870
10.990850
7.964690
11.223790
9.277710
11.428440
9.362250
11.359970
12.776750
11.808430
10.845000
11.408580
9.290080
9.789490
10.644450
11.142290
10.276720
9.628210
9.850760
10.878220
13.186680
9.490180
8.972130
9.912430
9.501550
8.417060
8.099630
9.687300
10.099210
7.054650
10.252590
10.249810
10.232670
11.800170
8.346290
9.602570
8.333090
11.874500
11.186150
12.052570
11.540890
11.895980
12.625040
10.061170
10.534420
11.467680
10.088170
9.669330
9.757180
10.345400
8.597830
11.559900
10.327930
10.949780
12.461700
8.219750
10.417990
8.885720
9.034580
11.149450
9.758370
9.863520
10.939230
10.288420
8.962230
8.196680
12.740390
10.667810
10.984860
7.887920
7.617510
9.215160
11.242270
10.127890
11.072990
9.113380
12.537500
10.078200
9.471250
12.498150
9.127900
9.649390
12.602130
9.138140
7.565980
13.115790
7.239130
12.884060
8.264690
9.234250
7.667180
8.751730
9.787840
10.885060
11.207550
12.575700
11.135080
7.620970
8.367430
12.845110
8.995390
11.408730
10.321870
11.998220
10.299120
9.746500
13.010840
13.302400
7.642470
10.582610
9.985120
11.455800
8.284830
12.081690
10.765210
10.176850
10.904680
7.894590
10.118380
12.338470
12.707900
10.818070
9.661210
8.841440
11.535990
9.003480
13.213760
9.705510
9.823620
8.111450
10.055620
8.206660
12.173830
8.974600
10.964210
8.232210
10.208000
12.931020
13.163470
11.731550
8.900680
13.069460
8.644090
10.811690
8.029910
8.754170
10.116990
8.020380
8.722700
7.319440
7.843760
10.892640
9.880140
11.901580
10.008150
9.363620
7.580820
10.853240
12.118580
9.309960
9.580020
12.770050
9.568210
11.182190
7.102850
12.682550
7.978470
7.232830
8.711690
11.256410
11.116400
11.487240
10.223020
9.678910
11.594860
9.467250
6.685710
8.360650
7.417210
12.209030
12.699450
14.152220
9.995220
11.086760
9.170510
11.856300
9.216230
12.952840
8.588090
10.895440
14.896450
9.214230
7.510240
11.337680
8.129420
10.928660
10.250650
11.220480
9.713360
10.513330
12.355830
9.862590
10.192320
7.435500
8.390800
8.408010
8.551900
11.597220
12.408850
11.781820
11.491150
7.961640
9.413670
7.972310
9.244920
10.358040
14.490840
13.626010
11.146180
8.359790
10.478430
7.802790
11.552740
9.679920
8.652250
10.742820
9.976060
7.019470
8.433320
9.338030
10.004700
11.969180
6.787110
11.786200
9.192260
7.873250
8.633800
9.820190
8.688010
9.393880
10.847500
10.748770
10.166880
14.175700
13.313490
11.529180
8.811590
9.021620
9.671310
8.060920
12.210310
7.817140
11.267690
9.301400
10.797870
11.343610
7.598780
11.809030
10.932180
8.065300
12.846090
9.486380
10.750470
10.786780
11.645110
11.079470
8.831750
7.967840
9.380250
12.176820
9.518530
9.806470
8.095660
9.789810
9.974170
8.988420
11.242390
11.849040
12.678960
6.710940
7.660410
6.902640
9.845980
12.939450
11.618630
12.481880
9.726590
9.220680
9.820590
8.856590
7.036660
11.652100
11.160960
9.785240
10.165370
11.375660
11.544560
7.091240
11.915520
11.809400
9.775950
10.506070
9.346340
12.091470
9.829920
8.190040
8.675460
11.607770
9.170980
10.182200
9.360410
7.333840
9.809570
9.396420
11.968680
9.672430
8.172830
8.690490
8.893550
12.666530
8.508270
7.695720
11.251800
9.530420
10.365970
11.073090
10.185190
13.221110
11.075120
9.395850
10.962400
8.659580
11.382360
9.382010
10.867980
10.607190
9.142100
11.398700
8.669020
9.063330
9.981430
10.394480
10.291210
10.768980
9.533740
12.611030
9.289260
9.027190
9.013230
9.060370
7.848200
8.219670
8.981960
6.738830
7.490680
7.812380
7.626290
12.208100
10.022230
10.782250
8.783860
8.497520
8.448800
10.072180
9.297030
8.089410
12.274280
11.932870
13.062560
11.766530
11.910660
10.101480
12.795720
9.353760
11.212910
8.474070
13.587150
8.732380
12.031220
7.811120
7.603150
8.604580
10.745510
7.153410
10.681060
11.855390
10.113000
7.249290
8.694480
12.092090
11.704990
9.537910
9.634880
7.922000
8.720530
9.969040
10.910560
7.246090
9.712990
11.952610
12.589480
11.885370
8.675790
12.095820
11.818440
11.008120
10.148790
12.534820
11.672990
10.088580
9.045590
11.562460
9.922780
12.869030
6.929530
9.028170
9.201120
11.282040
10.275190
9.952320
7.820790
9.953450
10.297940
8.908450
9.085140
8.726530
8.691160
11.373210
10.532630
9.561870
10.784030
9.466540
13.138630
9.773050
8.774830
12.472070
9.598300
8.793890
10.801730
9.345410
9.389450
11.751100
9.163210
12.208770
7.120560
9.514380
10.982650
11.679320
8.745510
12.318570
10.435640
9.450270
8.412620
10.895350
10.218610
11.160320
11.861210
11.609720
9.140070
9.856100
11.661190
8.019920
11.992690
11.568810
8.762370
11.375870
9.399110
8.361680
10.728250
11.874970
11.119140
8.390290
9.194350
9.418580
10.579500
7.908670
8.700680
10.205100
9.365070
11.048110
8.688170
11.415330
11.748160
9.778870
12.229870
8.332550
9.696880
11.729640
11.309190
7.360300
9.453100
13.069740
7.528870
8.877760
10.281600
9.423410
8.280880
9.821160
10.509020
11.931590
11.211660
8.519930
9.376990
9.371020
9.094630
7.493100
11.355760
6.637180
12.712680
12.048490
12.329300
10.401420
10.884690
9.772450
7.244440
11.026740
12.370380
12.111740
7.792980
8.584920
7.930550
10.989080
9.341460
7.060260
9.877300
11.239450
12.507010
7.865130
10.879360
8.492350
10.700920
10.245170
10.289210
10.309880
12.165550
9.527080
11.496090
11.716270
11.403480
9.225590
12.337880
10.540290
7.735230
9.611420
11.051980
11.680640
8.573290
8.839240
10.442500
11.030670
7.786580
10.030010
11.664300
7.451760
11.032470
9.151320
7.883290
8.553120
8.994830
9.107880
10.023750
11.771070
8.081590
11.574320
13.778030
11.738430
9.623430
12.841630
12.870740
12.542320
9.990070
9.895600
12.873580
11.826790
11.641140
11.086960
12.321340
7.606740
11.395280
8.836150
11.001340
7.659770
9.146760
9.637170
12.535180
8.738390
11.565670
7.581570
8.777750
9.826700
11.305450
12.219390
7.937680
10.221300
9.951030
9.813140
12.968990
11.064200
10.575210
7.978170
10.260630
9.306180
9.849850
10.726800
9.195580
12.415320
10.311570
9.007470
12.053510
10.283460
9.453820
11.317670
12.252830
9.679500
11.756570
8.059840
10.015940
8.456530
8.343380
11.534860
11.525980
8.075860
8.734360
10.641300
8.224130
10.992800
9.617700
9.245990
8.318110
10.419060
12.464920
11.767440
12.432080
10.725860
10.527250
7.282740
10.262020
11.324350
10.664390
10.289350
10.371120
12.380750
9.551090
11.055170
7.627870
