30.8
45.6
61
44.7
43
43.4
48.4
54.6
38.3
36.3
50.3
50.6
53.2
40.8
33.9
40.2
51.3
28.9
58.3
42.8
38.2
43.7
41.5
52.5
33.2
37.4
43.2
57.9
35.9
40.1
48.8
42.8
43.4
40.5
33.5
62.7
44.9
48.5
44.3
41.2
44.4
39.6
38
47.5
55.7
50.1
33.9
41.9
36.3
54.9
42.2
48.8
38.2
47.1
42.1
42.3
58.9
21.8
49.3
39.5
70.6
26.6
47.3
47.9
43.8
34.5
52.2
33.9
44
39.4
43.5
43.9
39.5
61.2
41.1
47.7
53.3
38.9
57.1
57.6
51.1
46.3
19.4
53.7
46.1
45.2
47
50
29.6
47.8
53.5
55.4
35.2
48.3
39.2
26.3
38.5
53
25.5
37.4
19.3
62.7
37.5
40.2
44.4
36.3
42.3
64.5
46.7
37
37.6
41.3
37.6
43.5
38.1
43.3
32.1
42.8
50.3
41.5
39.2
35.4
35.8
49.9
47.5
60.5
47.5
53.4
41.4
40.5
51
58.4
40.6
41.5
34.7
39.7
53.2
32.1
39.7
41.6
46
49.7
43.6
40.5
43.1
35.8
32.6
40.5
56.6
48.5
54.7
53.1
53.1
45.9
43.4
33
49.6
49.7
31.1
33.3
48
44.5
43.1
60.6
40.2
35.8
35.6
45.8
50
30.7
30.6
46.5
53.1
44.7
65
48.4
35.8
48.3
29.7
42.5
38
55.4
36.4
45.6
46.5
48.3
56.1
23.6
69.4
53
55
50.4
52.4
34.3
39.8
37.9
63.3
34.7
45.7
38.9
42.9
49.6
35.5
39.4
26.9
37.3
42.8
40.2
37.2
47.6
50.7
48.3
40.9
34.5
35.4
37.3
33.7
40.6
41.1
37.9
59.8
39.6
37
38.7
38
45.5
38.2
50.5
36.3
44.3
45.9
59.7
33.5
28.5
46.2
36.1
35.8
39.6
35.4
26
46.5
56.3
62.3
48.4
45.8
35.2
38.8
43.5
43.5
47.2
29.9
44.9
27
23.1
45
33.3
44.3
27.7
39.8
45.3
42.3
38.1
42.3
28
54.4
42.3
46.1
40.8
33.8
55.6
45.7
34.5
45.2
40.1
51
29.7
56.3
35.2
27.6
31.7
44.6
40.7
39.5
41.1
48.9
36.8
22.8
36.2
45.2
50.3
63.1
25.4
41
39
42.8
47.9
38.7
49
44.6
40.6
21.8
31.2
42
53.5
43.6
33.3
31.1
47
31.1
27.7
41
32
41.9
49.3
43.9
32
29.6
40.2
32
45.6
28.2
41.2
45.1
45.2
38.1
39.1
44
47.2
48.6
51.2
57.6
55.4
50.2
33.9
39.4
45.4
43.5
35.6
44.4
45.9
28.6
49.4
47.6
41.3
37.7
23.1
49
29.8
29.9
39
53.9
45.1
53
18.7
28.2
58.2
52
39.1
41.2
58.5
51.7
33.2
40.7
32.4
33.7
32
50.3
49.5
44.4
44.2
39.3
54.2
50
43.2
66.9
37.5
32.9
45.5
49.5
34.2
37.7
41.8
46.2
39.4
40.7
45.9
33.9
37.6
59.9
51.8
43.6
55.5
55.8
45.4
40.7
34.4
33.4
54.9
55.5
37.8
39
40.2
39.1
48.2
47.2
37.9
48.3
55.3
55.5
51.9
41.9
54.7
37
31.3
61.4
36.1
34.1
34.7
36.8
50.9
43.9
31
34.9
52.6
49.8
49.9
36.7
33
41.2
37.2
39.8
34.1
25.6
32.1
55
48.2
37.1
41.3
43.1
49.3
31.5
51.4
58.9
48
40.7
46.1
51.5
58.9
37.4
42.3
41
59.5
46.9
51.7
34.2
37.7
34.9
44.2
40.4
54.2
51.8
40.1
34.5
51.3
34.7
50
52.1
27.6
30.4
32.2
55.3
35.5
26.5
37.5
45.3
32.8
44.2
36.4
43.3
27.6
39
44
41.2
31.7
49.5
56.9
38.5
47.1
48.3
46
32.1
45.4
54.6
65.6
35.4
39.2
47.6
36.9
50.6
58.7
62.8
34.2
44.2
48.9
42.9
46.4
36.2
26.9
44
55.9
50.8
38.2
43.1
45.1
45.2
70.1
50.9
30.5
52.6
49
34.7
49.5
33
50.2
58
51.2
34.8
34.2
62.2
45.8
38.9
42.6
51.9
39.5
42
34.9
45.6
32.2
31.3
53.3
30.6
30.7
44.8
51
38.4
39.5
31.4
48.9
46.8
65.1
32.9
27.5
43
50.8
51.5
48.2
50.2
65.8
43
42.1
40.9
61.3
38.3
59.6
47.2
28.9
40.5
56.4
51.8
57.9
29
39.1
48.3
34.8
40.4
42.5
55.8
43.5
41.5
19.9
49.2
26.3
42.1
43.2
48.1
35.1
48.7
47.9
43.8
35.9
40.7
45.2
34.9
50.5
39.4
42.5
35.9
39.4
34
27.7
47.7
47.8
34.5
59.1
36.3
48.8
51.3
31.5
38.1
39.7
39.1
43.7
31.2
45.7
53.5
41.3
37.2
43.4
39.5
45.7
50.9
53.6
44.3
49.1
40.1
46.5
38
62.3
35.2
39.8
29.7
33.8
48.7
41
44.7
42.8
32
44.4
51.9
37.4
40.4
41.6
50.6
32.4
47.9
37.3
42.6
45.3
45.1
40.4
54.4
36.4
34.2
40.8
63.2
40.8
35.7
54.9
38.3
32.3
40.5
36.2
29.4
36.9
44.9
39.4
31.7
34.1
53
33.3
38.2
48.6
38.3
38.9
35.5
42.5
48.9
41.7
48.2
52.5
32.2
29.1
58.1
42.5
53.2
53.7
48.2
50.9
54.1
42.3
39.4
34
35.8
42.2
51.1
34.7
43.6
38.5
47.3
39.8
42
34.4
27.8
48.3
33.9
38.8
64.4
42.8
43.8
38.6
31.8
41.5
36
42.4
51.2
34.6
40.9
29.1
23
37
45.7
23.8
58.7
49.7
24.6
29.4
51.9
53.3
40.7
24.1
54.9
26.9
35.3
33.3
56
55.2
31.6
44.2
60.7
45.6
35.3
23.3
27.9
40.5
32.8
26.9
39.7
37.6
57.7
31.3
42.2
34.4
24.7
43.3
53.5
37
39
58.6
66
40.5
39.6
32.3
44.3
28.2
55.8
30.3
48.7
60.8
43.3
44.9
33.8
43.3
43.4
21
42.2
38.7
31.6
35.3
43.1
41.1
44.1
39.2
33.6
39.8
67.8
48.2
49.1
57.1
54.9
30.5
43.5
49.9
52
54.4
40.6
34.9
40.9
38.7
50
27.9
55.4
47.1
39.2
39.2
40.3
45.1
38.2
32.7
56.3
21.9
38.1
58.9
37.7
40.2
33.5
50.3
43.7
44.4
44.6
36.7
51.2
47.1
41
49.8
34.2
32.9
30
37.2
52.3
39.2
40
34
43.3
36.3
39
36.4
56.7
49.8
58.7
42.4
43.1
22.3
43.6
62
48.2
43.5
45.4
33.7
47.3
50.8
57.1
35.8
33.8
42.8
41.5
27.4
48.1
44.7
51.3
51.8
64.8
39.5
41
34.8
38.7
54.6
49.4
31.7
57.4
46
48
33.3
42.6
32.9
47.8
58.5
49.9
44.1
32.3
39.3
49.1
45.9
46.4
56.4
40.5
45.5
44.6
37
51.5
50.7
58.7
45.2
45.4
44.2
43.2
44.5
26.5
31.9
43.7
30.5
40.8
42.9
45.1
34
36.8
53.9
42.9
39.4
45.5
58.8
29.3
37.7
41.3
50.9
52.5
55.5
32.6
44.2
33.9
33.4
25.2
49.6
50
37.7
51.7
39.3
50.7
39
60.7
47.1
38.8
44.4
48.5
51.8
70.3
59.9
32.2
37.9
51.2
43.5
34.1
37.2
43.2
33.6
38.4
51.2
41.8
31.9
26.3
54.8
36.9
49.6
53.1
52.8
23.7
26.8
44.6
63.3
43.4
33.2
33.5
44.2
62
47.5
31.7
35.3
31.4
51.5
52.3
36
40.2
47.4
49.4
36.6
47.1
45.6
43.9
34.4
49.2
41.9
21.9
44.9
40.1
46.6
51.6
40.2
44
52.5
35
34.5
43.9
36.4
44.6
50.8
58.8
56.9
48
33.8
41.5
27.4
57
22.3
38.2
54.4
52.7
44.2
38.5
39.7
51.1
32.9
33
40.7
39.7
58.1
43.5
28.6
45.3
29.6
32.9
36.9
39.3
37.2
43.1
42.7
42.8
45.8
43.1
40.6
36.3
44.3
57.2
50.4
43.4
35.3
35.5
39.8
30.5
31.8
50
49.7
52.8
42.7
38.3
46.6
43.7
31.5
45.3
46.4
34.8
43.7
48.8
42.5
37.7
53.3
41.3
35.2
48.4
44.9
44.3
33.6
53
42
38.9
40.8
57.9
49
37.4
39.2
43.4
40.5
54
43.4
35.1
54.2
51.8
52.2
34.6
39.7
34
41.7
49.6
44.3
55.1
60
35.5
31.7
51.5
33.3
27.9
36.4
38.5
49.3
36
48.3
48.5
39.4
44.7
34.9
30.6
50.4
28
32.1
38.4
54.9
32.8
38.1
41.6
38.1
29.6
32.9
53.1
66.1
44.2
38.3
39.9
46.9
36.7
32.5
62.8
40.1
37.1
36
39.9
40
37.2
53.7
35.9
35.3
47.9
40.9
54.9
60.2
35.6
49.7
46.1
53.8
53.6
42.6
40.1
31.4
36.2
61.9
44.2
42.5
32.5
49.3
58.8
46.5
41.5
35.2
40.4
35.1
32.1
25
36.9
47.5
37.8
35.4
49.1
46
37.5
41
26.9
28.3
42.9
44.9
