0.993100
0.572250
1.907250
1.403500
1.119200
1.081000
1.459200
1.178400
1.700300
2.098150
1.569100
1.315900
1.485650
1.501350
0.801850
1.038000
1.146450
1.811250
1.214450
1.975250
1.143800
1.720050
1.702250
1.514950
1.003750
1.207250
1.162850
1.584600
1.055350
1.009150
0.883100
1.340800
1.695000
1.319000
2.094950
0.794650
0.615900
0.988150
0.874100
1.829450
0.973900
1.192250
1.585200
1.549250
0.897200
1.414500
1.840900
0.855150
1.198900
1.465000
0.997700
1.077250
1.232300
0.783700
2.009650
0.886650
1.212700
0.795350
1.460400
0.946350
1.428350
1.447850
1.196400
0.898900
0.662850
0.706850
2.098650
1.110300
1.160550
1.816300
1.050550
0.893050
0.972650
0.827900
1.599750
1.299750
0.610200
1.780400
0.857950
1.240000
0.570400
1.330850
0.771550
1.260050
1.133300
0.883250
0.858600
1.297700
1.291350
1.358550
1.337450
1.496350
1.247950
1.343450
0.918550
1.099150
0.991800
0.909950
1.372900
1.628400
0.839500
1.353550
1.241900
1.235000
1.900650
1.930400
0.507950
1.473100
1.112600
1.130900
0.783850
1.418700
1.946650
1.171750
1.402700
0.720550
0.618000
0.658250
2.107000
0.823850
2.192800
0.866200
0.681700
0.812200
1.320100
1.531600
2.423050
1.256000
1.142100
0.605950
1.120050
1.328300
1.071650
1.178350
0.941200
1.980550
1.171250
1.487100
1.678000
0.856450
1.288900
1.427450
0.781300
1.473550
1.349800
1.117000
1.506250
0.902800
1.386400
1.111350
0.524750
0.863300
1.049450
1.102750
1.127250
2.060500
1.302800
0.705800
1.029400
1.197550
1.040200
1.152150
1.507250
0.963750
1.260550
0.876450
0.960050
0.889150
1.342100
1.259450
0.941850
0.963300
1.688500
1.666950
0.806500
1.319950
1.245650
1.329500
0.504300
1.012650
1.441000
0.688000
1.216550
1.817000
2.446500
1.468000
0.891950
1.143200
0.822350
0.974850
1.475100
1.018400
1.395800
1.049050
0.851000
1.028450
1.795500
1.231450
1.202250
0.875850
0.669400
1.283600
0.984300
0.923000
0.845500
0.746850
1.046400
1.320250
1.194650
1.275800
1.089700
1.349050
1.365400
1.392250
1.144300
1.331250
1.060750
1.245750
1.002350
0.659750
1.327050
1.518750
0.877600
1.262800
1.483200
0.735150
0.807250
0.938800
1.134350
1.065700
1.436100
1.414450
1.378250
2.411900
0.631050
1.805600
1.416700
1.553350
0.865450
1.535800
0.617800
1.596300
0.984000
1.333150
0.741000
1.978650
1.384650
0.955050
1.009150
1.321550
1.521350
1.139650
0.850450
1.060450
1.653100
0.851800
0.597650
1.266250
1.394550
0.615600
1.067050
0.886250
1.173700
1.190750
1.044650
1.765650
1.248550
0.841850
1.750450
1.198850
1.193300
1.185650
0.986100
2.067900
0.991400
1.127550
1.130850
0.624900
1.661000
1.584400
0.438450
1.296050
1.337700
1.343250
0.482500
0.790750
1.348800
1.736050
1.230200
1.645000
1.239450
0.938200
0.915550
1.198350
1.044150
1.051050
1.009050
1.311450
1.589250
0.847950
1.097250
1.415400
1.669150
1.108550
0.553000
1.551900
0.943550
1.436900
0.903000
0.748550
1.738450
1.188600
1.067250
1.067300
0.894450
1.229200
0.927250
0.985450
0.461200
1.234000
1.481150
0.813900
0.601350
0.865850
1.133050
1.577050
1.823450
1.670300
1.088400
0.626050
1.112600
1.652750
1.341850
1.095200
1.344500
0.863550
1.205250
1.055250
0.936850
1.352650
0.785950
1.198250
1.203150
1.310600
0.703100
1.167150
0.913850
1.138900
1.447700
1.576850
2.224200
1.962750
1.178850
0.344800
0.613850
0.566500
1.660500
1.344400
1.421250
0.564550
1.095850
1.772150
1.344250
1.371450
1.397250
1.243800
1.182000
1.041550
1.647000
1.602550
1.996150
0.926100
0.874900
2.401300
1.078100
0.618450
1.116450
0.471000
1.637350
1.031500
1.069200
1.348950
0.800000
2.254700
0.570600
1.157950
0.690400
0.986050
0.668900
0.922000
0.922000
1.400800
1.724750
1.361400
0.744700
0.762500
1.211650
1.864800
0.811800
0.698950
1.175550
1.133300
2.463700
1.698650
1.190600
0.928300
1.478200
0.690000
1.341500
1.438750
0.825500
0.804800
1.541450
0.784900
1.477100
0.740250
1.167700
0.688250
0.720150
0.955500
1.072300
0.820050
0.964900
0.965950
1.615500
0.933650
0.909500
1.522800
2.000150
1.538200
1.078200
1.244250
1.292700
1.351700
0.737350
1.648900
1.155250
0.638250
1.499550
1.411850
0.714400
0.998450
1.023150
1.512650
1.336400
0.830800
1.563900
1.219400
1.217950
1.357300
0.615800
2.105450
0.984700
1.263100
0.853350
0.972550
0.834650
1.124350
1.824450
0.833150
1.154250
0.749000
2.297950
0.802850
1.791750
1.025100
1.299850
1.296300
0.762150
1.022100
1.469300
1.536600
2.233300
1.520600
1.506100
0.396750
1.822900
1.416150
1.074400
1.020200
1.187100
0.971000
1.629450
1.736250
2.211650
1.292900
0.617400
1.075050
0.793200
0.840350
0.998400
1.264100
1.720350
0.801250
0.737950
1.646150
0.558300
1.394400
1.014100
1.352600
1.624850
1.522550
0.643750
2.027900
1.682500
0.778950
1.136850
1.396650
1.187000
1.142300
1.831650
1.342800
1.639450
0.824650
1.683400
1.194200
0.862950
1.147050
1.220400
0.911300
1.860550
0.866400
0.682050
0.861100
0.952150
1.111250
0.782000
1.086000
0.843850
1.031350
0.897800
1.117450
1.461000
0.730850
1.496550
1.840850
1.049900
1.740850
0.906550
0.521800
1.098750
0.943900
0.905300
0.635850
0.592250
1.908400
1.837600
0.839500
0.869500
1.094100
1.186150
0.910800
1.058300
1.075000
1.287450
1.496950
1.989550
0.642700
1.998250
1.567950
1.573050
1.160100
2.308150
1.002450
1.777150
1.153150
0.613950
1.352250
1.404900
1.033150
1.494650
0.591000
1.655700
1.303250
0.796750
1.318700
1.713550
0.955800
0.749850
1.517600
0.876600
0.571500
1.081800
0.978750
1.028250
0.864950
1.318100
1.224300
1.501350
0.798150
1.628750
1.178450
0.975250
0.978350
1.566550
1.151150
0.904700
1.020050
2.162900
2.188500
1.174450
1.719050
0.758450
0.738900
0.793600
0.997750
1.990700
1.445250
1.676500
1.097300
0.906500
0.786300
1.316700
0.843900
1.155100
1.727450
1.052300
1.193750
0.925300
0.998500
1.969200
0.605000
1.768150
0.942650
0.838400
1.284400
0.668650
1.609600
0.643200
0.919900
0.960950
0.883450
0.988550
1.714950
0.663000
1.082450
1.525400
1.372050
1.144450
1.245950
1.577150
0.897050
1.500600
0.846050
0.876400
1.495400
1.868850
1.412050
0.930950
0.623150
0.931650
1.946650
1.258600
1.247250
0.825300
1.028300
1.295350
0.793150
1.221800
0.708500
1.102050
1.089550
1.581900
0.953450
1.177600
1.288450
1.478650
1.970500
1.076500
1.090600
1.022200
0.971750
1.575950
0.735500
0.954450
1.131550
0.724200
1.688900
0.678900
2.421300
1.282200
0.620600
1.297550
1.228250
0.987800
0.812550
1.631000
0.811450
1.296350
1.036550
1.054900
0.882250
0.954300
0.766250
1.632200
1.145900
1.321750
1.355800
2.363800
1.000250
1.063400
1.193350
1.233500
0.789600
1.176000
1.811700
1.262900
0.993650
0.623700
0.904350
1.794700
0.765100
0.616300
1.285600
0.965300
0.958100
1.803300
1.139300
0.978050
1.367600
0.944850
1.738750
1.494250
0.771650
1.711850
0.930200
0.794900
1.049600
1.598700
1.389900
0.830300
0.828250
1.268150
1.089650
0.764800
1.482150
0.942350
0.909900
0.796400
1.038600
1.147300
1.077750
0.878950
0.798550
1.889800
1.395200
0.963850
1.639750
1.580400
2.233400
0.952950
1.598650
1.394000
1.005500
0.851800
1.120300
0.787700
0.996700
1.261350
1.510250
1.421950
0.749050
1.043650
0.807600
1.523350
1.064400
0.827000
1.980800
1.015150
0.868050
1.615850
1.591400
0.663900
0.782500
1.369200
1.062600
1.483400
0.908950
0.746700
1.005850
1.862950
0.945800
1.153700
1.340050
2.020900
1.237050
0.905750
1.951150
1.702200
1.148450
2.143950
1.262600
1.510900
0.828850
1.347200
1.168100
0.964000
1.328650
1.491050
1.364700
1.059400
1.256350
1.105900
1.128150
0.898200
1.278750
0.607000
0.987800
1.439350
0.884100
1.131050
1.098950
0.754100
1.320850
0.597350
1.248050
0.779400
1.199850
0.999800
1.783750
