0.263440 6.667500 5.332300 1.594800 1.972300 0.017133 191.140000
0.423490 6.207900 3.485200 1.591300 1.987500 0.023255 165.740000
0.318700 5.074100 4.273000 1.281900 1.933500 0.009517 161.390000
0.620580 7.288100 3.314400 1.192000 1.979400 0.011833 171.260000
0.213500 4.953800 6.126400 1.642400 1.943200 0.010063 159.600000
0.348540 5.589000 4.561800 1.396700 1.942800 0.009895 156.010000
0.484300 4.937000 3.522700 0.750570 1.970500 0.013104 158.630000
0.298120 4.522700 3.161100 1.306000 1.928700 0.011045 164.140000
0.354870 5.431100 4.149800 1.560700 1.952200 0.014146 169.840000
0.349470 4.685900 3.903900 1.401500 1.943100 0.010464 136.790000
0.385900 5.221700 3.301000 1.520700 1.836900 0.014728 147.080000
0.211780 5.369200 4.167700 0.971330 1.958400 0.019746 152.150000
0.299100 8.426100 3.581600 1.509200 1.946900 0.021831 189.160000
0.275340 4.996600 3.459400 1.017900 1.937500 0.012039 201.150000
0.307440 5.076900 3.616300 1.578400 1.930400 0.022269 186.980000
0.293770 6.103500 4.966400 1.605100 1.995000 0.010265 177.470000
0.471320 5.153500 4.432000 0.805370 1.966800 0.010659 162.710000
0.335360 5.886200 3.901100 1.418200 1.980000 0.010687 177.260000
0.380250 5.096700 5.033700 1.339300 1.985700 0.020233 182.480000
0.241000 7.341700 3.596400 0.901530 1.978600 0.013279 193.980000
0.334940 5.112100 3.288700 1.627500 1.988000 0.011384 196.080000
0.285770 4.563200 4.462400 1.609300 1.864300 0.014609 164.230000
0.539140 4.560200 4.936900 1.276700 1.998100 0.016471 152.800000
0.432680 8.138400 3.524700 1.350400 1.973200 0.011631 163.680000
0.213250 5.669600 3.257400 1.348800 1.852600 0.011801 186.480000
0.278600 6.101400 3.420400 1.174700 1.996100 0.023250 164.070000
0.621560 4.912900 3.288200 0.706940 1.997300 0.023266 159.600000
0.230680 6.083200 4.589900 1.449400 1.922700 0.014306 159.990000
0.238380 4.899700 4.464500 0.792370 1.979200 0.021961 161.170000
0.265250 8.382900 3.220700 1.549800 1.977500 0.022810 195.800000
0.285350 9.701300 3.691800 1.553900 1.950000 0.020101 184.490000
0.393130 4.718600 3.928600 0.736890 1.978800 0.023171 165.220000
0.608240 4.522400 3.830800 1.607000 1.990700 0.018807 191.380000
0.492770 5.251100 3.755300 0.804860 1.969600 0.018742 159.110000
0.247330 6.394300 3.405900 0.896270 1.929600 0.011188 178.430000
0.224410 6.050200 5.127200 1.508100 1.954300 0.013319 160.270000
0.484070 5.046400 4.724300 1.533700 1.976600 0.012351 158.910000
0.293870 5.018800 3.224200 1.639800 1.978900 0.017534 160.930000
0.421820 5.194300 5.003600 0.940620 1.972500 0.010059 152.450000
0.236850 5.676300 4.074000 1.170700 1.895400 0.010335 176.880000
0.314730 6.079800 4.969800 1.614100 1.958700 0.010131 152.740000
0.433190 6.533100 3.938900 1.560600 1.963700 0.012555 149.730000
0.512270 5.080300 3.317900 1.581800 1.918300 0.015217 154.710000
0.268010 7.313000 3.885800 1.616700 1.995100 0.010771 194.800000
0.538100 4.671200 4.983000 1.252300 1.987200 0.011339 148.660000
0.218020 6.414000 5.492800 1.477100 1.979700 0.019753 159.940000
0.360990 9.846500 3.756800 1.584700 1.995900 0.019852 198.580000
0.248180 8.800100 3.377300 1.548400 1.951000 0.009694 187.320000
0.437420 5.300300 3.401700 1.497700 1.984800 0.017568 196.840000
0.214340 5.909500 3.222300 1.593300 1.981400 0.018745 172.570000
0.325660 8.119300 3.316000 0.999550 1.991700 0.012588 181.520000
0.419590 5.690900 3.207200 1.647600 1.915200 0.014346 158.370000
0.317710 7.645300 3.470700 1.062500 1.988500 0.011764 171.200000
0.499490 6.314100 3.366500 0.924310 1.966300 0.016609 175.910000
0.512960 5.920400 4.321900 1.340900 1.994900 0.010192 167.220000
0.342250 5.666300 3.537000 1.040300 1.934400 0.028012 162.550000
0.418870 5.796400 4.613800 0.988690 1.994100 0.009530 167.930000
0.486460 6.309700 3.402900 1.580000 1.968200 0.018336 157.060000
0.213930 6.128800 3.578900 1.332600 1.883200 0.025178 159.020000
0.377030 7.651600 3.195600 1.286000 1.908200 0.013400 185.640000
0.584070 5.470700 3.622700 1.417300 1.899000 0.010524 177.010000
0.400630 5.099900 3.454000 1.038200 1.916400 0.021557 153.760000
0.323760 11.850000 3.241200 1.633500 1.992600 0.018382 186.980000
0.416780 5.223100 3.952100 1.185200 1.928800 0.016618 164.780000
0.375830 7.350000 4.227600 1.580400 1.969500 0.014743 159.350000
0.524970 4.864200 3.673700 1.125800 1.978300 0.018945 156.720000
0.267290 5.403200 3.802300 0.663020 1.918800 0.011701 170.620000
0.220330 5.720400 3.250400 0.738810 1.987500 0.021356 157.590000
0.291950 6.696500 4.644800 1.606900 1.978900 0.025517 160.100000
0.228060 4.996100 3.395500 0.745950 1.971800 0.021645 146.320000
0.533450 4.648700 3.829400 1.602700 1.985900 0.018755 179.070000
0.270410 6.280000 3.178800 1.070100 1.866100 0.013125 164.280000
0.231540 5.774800 3.176900 1.596700 1.992400 0.028378 177.440000
0.379200 4.922100 4.011600 1.169300 1.980500 0.023629 168.080000
0.427890 7.725800 3.758200 1.538700 1.941400 0.010015 199.530000
0.307160 5.157000 3.217800 0.793310 1.968100 0.010813 165.030000
0.316210 4.515500 5.625300 1.140800 1.950200 0.015905 171.470000
0.284620 10.703000 3.221900 1.449500 1.968000 0.013838 195.280000
0.223820 6.330200 4.302500 1.210700 1.967000 0.011179 195.380000
0.312390 7.809700 3.801900 1.177900 1.981000 0.011903 173.270000
0.264090 5.115300 4.001200 1.454300 1.834400 0.013883 147.140000
0.441520 5.783600 4.300700 0.929120 1.999200 0.017274 173.490000
0.400980 6.465200 3.506800 1.427500 1.915900 0.015616 183.340000
0.349890 5.167600 4.012200 1.539500 1.969300 0.023467 161.030000
0.576390 5.482000 3.259000 1.625200 1.865900 0.011159 152.440000
0.369070 5.408700 4.508100 1.147100 1.992800 0.010626 166.450000
0.458320 4.964000 3.335600 1.087700 1.953000 0.018621 166.380000
0.331240 4.712500 4.696100 1.241100 1.975000 0.022659 154.460000
0.386660 5.975800 5.066000 1.621600 1.992300 0.010758 191.290000
0.438200 4.640800 3.402300 1.458800 1.907700 0.020297 190.380000
0.573300 6.318000 3.472300 1.391200 1.942200 0.010812 157.500000
0.333840 5.800400 3.798700 1.288600 1.960800 0.021901 154.070000
0.264730 6.045700 3.936100 0.854860 1.966500 0.016628 181.180000
0.500640 4.833400 3.694400 1.382300 1.974900 0.021481 173.340000
0.377880 4.643900 4.264500 1.313300 1.887200 0.013569 176.960000
0.334860 5.362300 4.239800 1.472900 1.880300 0.014238 177.990000
0.381040 6.262000 4.209800 1.320300 1.993200 0.012905 180.410000
0.246880 6.364000 4.980200 1.557700 1.968000 0.024563 184.040000
0.271520 5.708100 3.179300 1.276200 1.979400 0.017469 151.810000
0.336500 6.172600 3.664500 1.468500 1.885500 0.010271 152.360000
0.442090 5.081100 3.813900 1.621100 1.890700 0.016017 174.790000
0.331310 8.366900 3.151400 1.241100 1.967700 0.021370 168.890000
0.403690 5.196500 3.830600 1.584500 1.942000 0.022651 148.070000
0.517800 5.523700 3.473200 1.181700 1.999300 0.023944 144.690000
0.251000 7.008600 4.209800 1.564900 1.933400 0.020622 193.170000
0.352230 7.699800 4.128700 1.617200 1.947700 0.009646 201.610000
0.367390 5.092900 3.146500 0.606500 1.952600 0.022962 168.070000
0.293440 6.515700 4.242100 1.634200 1.978700 0.017633 172.450000
0.368010 4.796700 5.670200 1.584200 1.972800 0.016770 185.130000
0.222010 4.711200 4.279900 0.943660 1.928500 0.028239 161.230000
0.419150 6.127800 3.513300 1.368300 1.983200 0.025194 169.190000
0.467510 5.865600 3.492000 1.341000 1.983800 0.023069 145.260000
0.496770 4.988800 3.966700 1.492000 1.973900 0.027818 169.300000
0.436780 7.374600 3.714800 1.562100 1.969200 0.010491 148.130000
0.292870 6.008600 3.276000 1.251900 1.978600 0.028005 170.850000
0.251830 9.515400 3.931100 1.594900 1.991200 0.015222 189.000000
0.425820 5.237100 3.330200 1.599000 1.922100 0.013637 145.790000
0.272480 6.499500 3.457000 1.330600 1.955200 0.024648 177.450000
0.228410 7.731400 4.026200 1.167800 1.966500 0.020299 168.010000
0.385300 8.485600 3.632400 1.511900 1.986000 0.014802 157.020000
0.233690 4.655900 5.925300 1.519000 1.919100 0.011800 178.720000
0.334750 5.203900 4.675300 0.668800 1.957900 0.010393 170.470000
0.363530 4.871300 4.349900 1.393400 1.870000 0.011135 153.750000
0.514000 6.854600 3.226600 1.636800 1.960700 0.013945 160.520000
0.467320 4.957800 3.302600 1.624600 1.981200 0.015981 167.780000
0.341390 5.868700 4.227800 1.011000 1.988300 0.010203 197.110000
0.278250 5.948900 4.923400 1.605500 1.997100 0.021162 195.820000
0.574170 6.914500 3.770000 1.634400 1.996400 0.012240 199.550000
0.463030 4.600900 3.191200 1.615000 1.995200 0.019692 171.620000
0.244720 6.332500 3.583300 0.735330 2.000700 0.014898 199.750000
0.223640 7.089200 3.430600 1.542100 1.813300 0.012268 174.580000
0.278180 9.602800 3.624700 1.501800 1.999000 0.022078 173.590000
0.510660 4.801700 3.710000 1.502900 1.958700 0.027674 158.500000
0.466050 5.664200 3.345900 1.553100 1.864700 0.011675 163.620000
0.472290 7.828600 3.553400 1.462000 1.927900 0.011654 166.850000
0.238260 5.674500 5.996000 1.524200 2.000200 0.016562 163.690000
0.259860 4.991700 3.754300 0.899640 1.934600 0.010108 193.660000
0.238060 6.470400 4.089100 1.349200 2.000100 0.012097 154.830000
0.246550 5.527100 3.167200 1.194600 1.994000 0.010112 199.800000
0.523000 4.503700 3.668800 0.965110 1.974400 0.019644 184.930000
0.443910 4.569700 3.191500 0.923080 1.932500 0.025277 173.010000
0.296530 6.223600 3.159600 1.215400 1.922700 0.012305 164.060000
0.360280 5.259400 3.926100 1.635700 1.999900 0.022517 142.850000
0.269780 5.923500 4.729400 1.532000 1.911300 0.012260 189.260000
0.285760 5.789900 3.715700 1.310300 1.962200 0.020913 174.340000
0.628870 4.515800 3.729000 0.788030 2.000000 0.026648 165.550000
0.488520 4.923400 3.740800 1.509600 1.962400 0.018033 175.970000
0.611950 4.748400 3.578000 0.906060 1.964000 0.010575 171.860000
0.217110 4.535900 3.406200 1.298400 1.961200 0.019593 154.020000
0.466890 6.680800 3.693900 1.549300 1.967500 0.024216 189.800000
0.263530 6.030600 4.074300 0.810380 1.928800 0.009542 155.680000
0.256280 5.000900 3.482100 1.329500 1.949500 0.011733 183.430000
0.307610 5.985100 3.238600 1.634000 1.957800 0.020269 175.210000
0.234900 7.642000 3.454400 1.535500 1.853800 0.010526 172.350000
0.578690 5.448600 4.089000 1.609300 1.979800 0.011089 163.940000
0.308460 9.755700 3.161700 1.466100 1.997600 0.021730 172.420000
0.321410 5.324900 4.233400 1.543200 1.957500 0.019620 188.890000
0.276940 4.772600 3.654400 1.634300 1.934600 0.027835 168.500000
0.443930 4.934100 3.302900 1.460900 1.946100 0.012569 142.860000
0.216110 7.159400 3.913300 1.343800 1.952400 0.012298 200.240000
0.361800 5.423200 3.643500 1.516200 1.910500 0.028149 152.470000
0.257980 4.614700 3.493700 0.552760 1.989800 0.020332 139.950000
0.299470 5.243500 5.911800 1.258000 1.978100 0.015714 170.540000
0.279600 6.140300 4.009300 1.136000 1.952600 0.010987 153.800000
0.255260 8.968400 3.720300 1.391600 1.997700 0.017544 158.800000
0.276500 7.633000 4.528000 1.647000 1.998200 0.023952 196.740000
0.242880 5.029500 3.618600 1.297700 1.819700 0.010114 157.280000
0.306530 5.063000 4.038400 1.562000 1.946500 0.022453 158.680000
0.249910 5.292800 4.713700 1.642100 1.987800 0.015718 181.270000
0.272410 5.747700 4.979900 1.126300 1.978600 0.016376 187.860000
0.480350 4.858200 3.328100 1.364900 1.926800 0.025019 182.240000
0.338930 6.653900 4.181200 1.630900 1.940200 0.019848 186.820000
0.383380 5.166800 5.226600 1.594800 1.974300 0.019168 162.480000
0.309560 5.659600 4.115200 1.232000 1.994100 0.017585 183.420000
0.238070 4.529700 3.960400 1.223700 1.980400 0.026559 157.140000
0.234130 7.129400 3.383500 1.569000 1.859300 0.017392 173.270000
0.279370 4.937900 5.468700 1.444300 1.980700 0.014690 149.210000
0.325570 6.727800 5.054200 1.555100 1.987600 0.014952 173.730000
0.313950 5.782800 3.518600 0.603300 1.997300 0.021777 177.240000
0.318710 6.075900 4.158400 1.476900 1.988100 0.019107 158.100000
0.284360 7.415200 5.170800 1.452300 1.991700 0.014411 188.730000
0.397000 8.031200 3.154100 1.091200 1.953600 0.013503 179.000000
0.252230 6.314300 3.717500 0.952840 1.998400 0.009553 144.110000
0.417610 4.926200 3.200900 1.330700 1.879400 0.021484 145.700000
0.386560 5.270600 3.703500 1.385800 1.948500 0.025412 189.290000
0.522390 6.092100 3.433900 1.640800 1.911200 0.009639 183.980000
0.595340 5.853500 3.148700 1.171600 1.965200 0.021600 177.300000
0.311930 6.338800 3.490100 0.903890 1.985100 0.027097 159.560000
0.285230 6.906200 3.402900 1.594100 1.966100 0.015109 170.480000
0.212160 5.014400 4.241600 1.541000 1.950500 0.014152 177.020000
0.387430 5.251300 3.166300 1.307400 1.903000 0.014718 192.810000
0.495090 4.940600 4.313400 1.527200 1.989200 0.009897 145.540000
0.218570 6.190400 3.439200 0.944570 1.884400 0.017640 162.420000
0.290030 7.193600 4.545200 1.468100 1.976800 0.016791 187.570000
0.277120 8.130200 3.867900 1.514800 1.913300 0.017463 185.110000
0.272250 6.592600 4.064300 1.403400 1.958200 0.018486 152.570000
0.297960 7.403500 3.459000 1.015000 1.991000 0.017042 176.780000
0.532990 5.305000 3.581000 1.496200 1.996700 0.019352 190.640000
0.338570 10.501000 3.452000 1.432800 1.999300 0.014371 197.620000
0.277130 4.543800 4.866000 1.091400 1.970300 0.021695 164.600000
0.538490 5.738500 3.320200 0.859950 1.998500 0.019731 185.480000
0.438810 5.067800 3.786000 1.572100 1.965000 0.009605 167.300000
0.241670 5.156400 3.652700 0.868280 1.903700 0.011449 153.830000
0.610980 4.534600 3.154400 1.460700 1.963000 0.014061 184.120000
0.236300 5.899300 3.663700 0.680200 1.988800 0.014149 153.150000
0.496960 5.279300 3.638000 0.912950 1.991100 0.011807 191.040000
0.355250 6.019800 3.367800 0.949200 1.996200 0.016730 189.810000
0.466890 6.068400 3.255200 1.087300 1.932100 0.018472 170.780000
0.224810 5.132200 3.316900 1.153000 1.948000 0.017798 172.430000
0.269700 5.190200 3.372500 1.482400 1.991700 0.018737 181.700000
0.214650 5.165100 3.162100 1.162500 1.979200 0.021052 195.790000
0.252420 5.352900 3.726500 1.218300 1.984600 0.018536 135.930000
0.235260 6.790300 3.742800 1.519300 1.979000 0.025391 201.170000
0.586750 6.151500 3.320900 1.367500 1.978100 0.018205 191.700000
0.370480 4.528700 4.161200 0.839890 1.981600 0.017876 136.430000
0.258630 5.531900 4.160400 1.597900 1.968900 0.023700 193.830000
0.295210 5.905000 3.212900 0.729220 1.952300 0.012998 194.160000
0.322710 5.542900 3.249200 1.442900 1.959600 0.016787 173.220000
0.230170 5.010400 5.846800 1.399300 1.957400 0.015678 167.680000
0.553840 5.859000 3.731600 1.558600 1.999300 0.012074 143.970000
0.541880 5.121700 3.155000 0.770990 1.995300 0.009607 163.440000
0.412920 6.762500 3.568500 1.008000 1.980000 0.016682 180.820000
0.280780 6.862100 4.523100 1.532900 1.925400 0.017973 171.030000
0.319720 4.583700 3.164100 1.376000 1.857500 0.020998 145.480000
0.397010 7.835300 4.218000 1.573600 1.994400 0.016819 196.350000
0.479490 4.546800 3.906500 0.970030 1.991900 0.016146 137.530000
0.383500 6.523800 3.537000 1.527200 1.947400 0.020209 193.970000
0.345250 5.302100 3.711200 1.107800 1.991600 0.023350 181.750000
0.241790 5.611600 4.004800 0.950440 1.956400 0.020224 148.690000
0.308560 5.990000 4.597600 0.993160 1.992000 0.009596 192.730000
0.323580 5.173800 3.640100 1.601500 1.882700 0.013047 172.580000
0.333390 4.603200 3.577000 1.549100 1.956300 0.020773 145.940000
0.360250 6.836700 3.953700 1.623700 1.929900 0.015018 183.490000
0.290960 5.086800 3.827100 1.101000 1.977400 0.015311 162.910000
0.254180 5.565200 3.831100 1.354400 1.909700 0.017887 189.960000
0.276110 9.507300 3.855900 1.591800 1.951000 0.017634 197.500000
0.221500 5.913400 3.374900 1.053100 1.930500 0.018445 164.250000
0.343290 6.905600 3.570200 1.392100 1.967100 0.017376 202.560000
0.305920 8.508300 4.107000 1.574000 1.996300 0.022706 196.040000
0.309420 5.789000 3.235600 1.444900 1.943200 0.025126 180.540000
0.296380 6.366500 4.812400 1.511400 1.918500 0.010035 166.850000
0.371580 4.833000 4.494700 0.823750 1.981700 0.011392 192.110000
0.469340 6.831900 3.599100 1.357700 1.955600 0.011320 158.050000
0.542070 4.542000 3.851900 1.068300 1.940800 0.021485 165.710000
0.359790 5.840500 5.333200 1.537200 1.992300 0.016667 164.250000
0.232280 6.141600 3.644600 1.328900 1.903500 0.022040 164.890000
0.403800 8.376200 3.192100 1.500300 1.912000 0.013976 184.900000
0.596290 5.582400 3.686600 1.644800 1.895900 0.014009 161.560000
0.395420 5.270900 5.535000 1.486200 1.995200 0.009937 160.870000
0.320570 8.856600 3.201700 1.351700 1.932900 0.011998 195.610000
0.325730 6.920500 3.629800 1.335100 1.980400 0.015432 187.090000
0.244390 6.448000 3.682400 1.561100 1.995300 0.015451 191.420000
0.248170 7.671200 3.276100 1.570300 1.936400 0.010370 197.660000
0.241940 9.244000 4.241600 1.480600 2.000000 0.025838 181.210000
0.478420 6.899600 4.455700 1.638900 1.986400 0.015563 188.750000
0.258140 7.174700 3.522400 1.591400 1.930000 0.018840 168.460000
0.223370 4.874700 3.660500 1.347900 1.967300 0.011780 200.840000
0.501380 4.583300 3.269400 1.399400 1.938000 0.014606 179.330000
0.263710 4.678800 4.337500 1.201000 1.952200 0.020960 180.150000
0.304380 7.465200 3.367400 1.616000 1.939300 0.010056 190.850000
0.218750 6.592000 4.706800 1.323000 1.971300 0.012809 196.730000
0.345980 6.153600 3.221300 1.538700 1.945600 0.012531 141.970000
0.385730 5.590400 3.952300 1.202400 1.952800 0.025298 162.420000
0.287400 4.874400 6.006100 1.321300 1.959300 0.011592 175.350000
0.467980 6.097400 3.339500 1.426600 2.000800 0.026275 152.510000
0.235680 4.564800 3.205700 1.528700 1.886300 0.025915 131.970000
0.322260 5.001600 4.821000 1.545000 1.992400 0.022954 194.170000
0.269220 6.904100 3.906000 1.005600 1.961500 0.010452 187.760000
0.396350 7.575800 3.414400 1.492100 1.915200 0.013409 171.840000
0.277730 4.913200 3.941100 1.473300 1.961200 0.025873 184.890000
0.331370 8.565800 3.342800 1.596500 1.952300 0.023823 167.340000
0.224300 5.804100 3.253800 1.377600 1.922100 0.013087 186.410000
0.259890 5.238500 4.652500 0.925210 1.964000 0.017319 184.000000
0.223570 6.217700 4.885300 1.188300 1.946300 0.012640 172.050000
0.512300 4.914300 4.937500 1.493800 1.945200 0.015211 167.990000
0.262780 5.245100 3.582300 1.407800 1.859200 0.009780 169.760000
0.491160 6.922300 3.594500 1.625400 1.999500 0.022143 200.800000
0.296290 6.004700 3.533100 1.452100 1.967300 0.019090 168.180000
0.219440 4.574700 4.520100 1.027900 1.924400 0.013077 147.780000
0.348700 5.062600 3.689100 1.549600 1.958600 0.012866 148.990000
0.315230 5.019800 4.374100 0.957060 1.979400 0.025378 180.500000
0.344010 8.954600 3.824800 1.521900 1.938000 0.014569 179.820000
0.516830 5.016500 3.553800 1.298900 1.937800 0.017237 185.920000
0.218120 5.520600 3.474500 1.628300 1.933900 0.022698 196.920000
0.286440 5.382400 3.840600 1.245400 1.955000 0.016493 189.460000
0.311900 4.955600 4.256300 1.184800 1.983100 0.025377 176.410000
0.338100 5.605300 3.647700 1.091500 1.963800 0.016286 163.030000
0.225530 5.404000 3.731800 0.649170 1.992700 0.009649 202.690000
0.236600 7.472000 5.471900 1.523400 1.990300 0.011128 190.710000
0.488430 5.497600 4.434800 1.217300 2.000200 0.014111 175.640000
0.335650 4.889000 6.059900 1.585600 1.999700 0.017236 150.420000
0.337970 6.343500 3.509500 1.156800 1.940300 0.022952 183.240000
0.367930 6.201900 4.462300 1.531200 1.911700 0.010304 166.600000
0.255430 5.883500 3.337500 1.561400 1.949000 0.023967 158.990000
0.250540 5.973300 3.802900 1.638100 1.896100 0.025336 180.960000
0.263930 4.955700 3.632500 1.253800 1.992100 0.027527 181.820000
0.281350 6.238500 4.035700 1.008500 1.970200 0.015255 184.140000
0.258700 5.404200 3.717700 1.392800 1.931700 0.023577 190.710000
0.263510 4.818500 3.303200 1.399900 1.916600 0.022646 180.440000
0.533890 5.323700 4.650100 1.539200 1.996000 0.024877 172.960000
0.230920 4.965100 3.159900 0.776600 1.968700 0.024343 179.750000
0.421260 6.419700 4.937500 1.556800 2.000500 0.011987 167.620000
0.609570 4.830000 3.232600 1.414200 1.983200 0.024266 189.120000
0.415310 5.029000 3.415400 1.295000 1.947200 0.010348 202.860000
0.490200 5.978100 4.263700 1.628700 1.965600 0.013855 180.190000
0.334710 8.417500 3.357900 1.610200 1.940600 0.021955 188.490000
0.326440 7.047700 3.306700 0.890820 1.954200 0.009518 179.570000
0.330510 5.942500 3.342500 1.057600 1.967900 0.010280 148.670000
0.300970 4.677900 3.996400 0.786750 1.999400 0.018590 152.740000
0.214030 6.096200 3.286800 1.141800 1.954900 0.011097 203.110000
0.261850 6.079400 3.597200 1.305100 1.998500 0.027059 178.300000
0.214560 10.087000 3.570200 1.416100 1.954200 0.015500 188.580000
0.374990 4.594900 4.080700 1.257500 1.971200 0.027014 142.050000
0.570280 7.067800 3.168200 1.476500 1.956800 0.010182 161.520000
0.400890 5.283800 4.095700 0.719430 1.995100 0.009525 192.410000
0.341100 4.935600 3.196100 1.267900 1.902400 0.019696 148.120000
0.308800 4.735300 4.139600 0.740630 1.969400 0.015614 158.200000
0.621020 4.721100 4.010800 0.973720 1.957200 0.014425 171.030000
0.589830 6.964000 3.804700 1.647000 1.930000 0.010422 175.720000
0.333390 4.853800 5.258600 1.390800 1.976400 0.015150 157.850000
0.375280 6.510600 3.411600 1.104500 1.969500 0.020896 160.650000
0.218810 6.422100 4.131000 1.568800 1.828900 0.010141 169.600000
0.311390 5.314400 3.922200 0.702890 1.945600 0.011540 150.470000
0.236180 7.240000 3.195700 1.511700 1.802600 0.012149 178.690000
0.243630 5.746500 3.261200 1.513600 1.872000 0.014252 183.130000
0.294330 6.860300 3.590900 1.308100 1.977000 0.026998 169.590000
0.344080 4.694500 3.922900 0.708860 1.929200 0.016597 154.000000
0.567030 4.568200 3.557200 1.293100 1.994900 0.011174 163.590000
0.504800 4.633100 5.650000 1.634700 2.000500 0.017351 162.630000
0.242510 6.051700 4.506900 1.269100 1.947600 0.011649 167.680000
0.531040 5.278200 4.983600 1.432800 1.990200 0.011441 174.660000
0.314090 5.273400 3.648800 1.279300 1.883600 0.018707 170.580000
0.333730 8.699200 3.353700 1.415900 1.964800 0.013338 172.700000
0.242780 7.291400 4.117400 1.390600 1.999900 0.014373 159.560000
0.298000 5.906100 5.717600 1.027700 1.984400 0.012225 168.280000
0.327880 5.363500 5.341300 1.190600 1.987100 0.014349 180.060000
0.571390 4.801600 3.547000 1.146100 1.979700 0.023552 160.400000
0.274430 7.424900 4.224900 1.288600 1.925200 0.015132 168.790000
0.317820 6.225300 4.091600 0.845150 1.940100 0.012547 162.610000
0.527770 4.817800 3.991900 1.301900 1.999700 0.019853 196.140000
0.520120 5.168600 4.284200 1.259100 1.985400 0.011994 185.240000
0.273950 5.056800 4.833900 1.490800 1.934500 0.013110 195.460000
0.282400 6.385600 4.302700 1.455600 1.998100 0.010181 201.800000
0.330710 4.678900 3.341100 1.532800 1.944200 0.024763 160.460000
0.564170 5.691700 3.190900 1.536300 1.974600 0.011546 139.870000
0.602720 5.835000 3.935500 1.422000 1.984600 0.013121 169.030000
0.309130 5.855900 3.501000 1.626800 1.899600 0.024363 157.060000
0.309320 5.098900 3.634300 1.493300 1.905100 0.014573 156.680000
0.218990 4.836100 4.690000 1.206600 1.996400 0.018189 203.000000
0.239290 4.574600 4.089500 1.453200 1.927300 0.011358 181.130000
0.283260 5.410000 3.344800 1.526100 1.890900 0.011935 134.570000
0.475870 5.508900 3.804200 1.490400 1.960700 0.024596 158.420000
0.471570 4.524900 4.300500 1.321800 1.976400 0.012774 193.880000
0.215520 6.504400 3.713900 0.644870 1.931700 0.011909 165.740000
0.522230 5.368000 4.356000 1.526600 1.978400 0.027674 167.610000
0.293190 7.858200 3.421500 1.308000 1.962500 0.023470 173.840000
0.380240 7.279700 3.893400 1.457900 1.960800 0.009642 159.800000
0.279010 4.832100 3.433600 1.550500 1.922100 0.022078 145.630000
0.318100 5.022900 4.068900 1.474900 1.943400 0.018095 165.020000
0.436570 4.742300 4.408100 0.615270 1.972300 0.010209 176.420000
0.461030 4.713400 4.252800 1.550900 1.926700 0.015126 183.540000
0.367100 6.126500 3.659300 1.542200 1.866900 0.011102 155.280000
0.523800 5.443200 3.428000 1.530000 1.950600 0.023660 158.890000
0.419590 4.997400 3.336600 0.903880 1.992700 0.018205 133.370000
0.255780 10.272000 3.690500 1.424800 1.990300 0.021276 186.880000
0.281360 7.385700 3.688200 1.570300 1.956900 0.023276 161.280000
0.523340 5.369200 4.126700 1.593400 1.990500 0.023459 166.310000
0.490690 4.949800 3.355600 1.368300 1.945600 0.021993 170.040000
0.426020 4.960000 4.826400 0.738420 1.992800 0.011418 163.510000
0.359350 4.584800 3.463900 1.133300 1.972000 0.012090 129.160000
0.234060 6.417000 4.734500 1.435400 1.999600 0.025347 154.000000
0.457070 5.474600 3.476500 1.632700 1.916900 0.018053 187.670000
0.274250 11.724000 3.540100 1.529100 2.000300 0.019567 196.600000
0.213480 5.906500 3.738800 1.343500 1.954300 0.010831 202.010000
0.257510 4.834400 4.026500 1.482800 1.962200 0.016103 199.000000
0.399830 7.274900 3.985800 1.578400 1.984600 0.022932 156.500000
0.360910 6.920900 4.159600 1.457000 1.999600 0.015738 186.470000
0.253850 4.841400 3.147000 1.455300 1.992100 0.017312 196.960000
0.478410 5.504000 3.298300 1.057700 1.962400 0.017622 177.550000
0.241660 4.745900 3.370000 1.276800 1.935800 0.013928 189.710000
0.286900 4.618100 3.348400 0.629080 1.992400 0.024161 158.110000
0.308900 4.667800 3.690900 0.953600 1.983000 0.011516 133.900000
0.325890 7.473300 3.418600 1.107400 1.954800 0.018570 165.730000
0.396570 6.829000 3.219200 1.476100 1.928000 0.015597 160.230000
0.214550 5.347000 4.025500 0.992520 1.933200 0.027686 168.250000
0.253370 4.887400 4.411100 0.577030 1.971400 0.025338 155.530000
0.309640 4.779000 4.605600 0.580450 1.989600 0.020742 149.190000
0.346000 7.352900 3.228900 0.840370 1.974600 0.010946 159.050000
0.341070 4.945000 3.943700 0.940470 1.982200 0.019668 154.430000
0.232380 7.079800 5.010200 1.228400 1.983300 0.014520 188.330000
0.215200 6.225400 5.290200 1.179000 1.956700 0.010995 170.540000
0.398260 4.955800 3.837300 1.328600 1.939400 0.009644 134.320000
0.327630 6.507500 3.332400 0.948710 1.973700 0.026587 170.940000
0.215690 8.673800 3.689400 1.179200 1.946000 0.011331 198.170000
0.439530 7.623500 4.140000 1.570500 1.980600 0.015037 163.300000
0.560970 4.799200 4.662800 1.579400 1.991100 0.011906 175.290000
0.248920 6.125800 4.020500 1.440700 1.878200 0.016869 168.200000
0.348060 4.504600 3.858600 1.226400 1.907500 0.016501 147.260000
0.333260 7.715900 3.902000 1.392000 1.973800 0.017492 162.040000
0.233580 4.877100 5.595300 1.511400 1.949600 0.013469 182.520000
0.246730 5.887000 4.541300 1.222300 1.967900 0.014782 188.270000
0.221150 4.887200 3.523600 1.547000 1.975600 0.019484 151.920000
0.242830 4.670800 3.558100 1.234100 1.938800 0.026141 158.090000
0.410110 7.471600 3.647600 1.116700 1.973700 0.009614 172.060000
0.386610 4.602800 4.200400 1.555700 1.926600 0.014583 186.340000
0.308010 5.592800 4.269200 0.973890 1.943700 0.015921 170.800000
0.510420 8.288100 3.188900 1.627200 1.974500 0.010944 151.840000
0.290050 4.951700 3.465400 0.941970 1.974400 0.012515 159.230000
0.337100 4.715300 5.216500 0.976850 1.948100 0.014602 164.730000
0.432740 6.131800 4.118400 1.568200 1.967000 0.023915 159.930000
0.391110 4.695900 3.979600 1.162300 1.973800 0.024693 160.560000
0.250280 8.233400 3.905900 1.489300 1.880200 0.010872 173.970000
0.341080 5.747100 3.895000 0.945070 1.953700 0.015436 149.990000
0.299340 5.267800 3.671600 0.557460 1.967800 0.010244 151.710000
0.298010 7.399100 3.461300 0.964980 1.975800 0.020907 176.180000
0.248520 6.992300 3.698600 1.455500 1.884600 0.019631 163.300000
0.225380 7.373600 4.469800 1.196500 1.989000 0.014724 154.250000
0.454660 5.256700 3.205300 0.946640 1.949200 0.027151 162.240000
0.219550 7.748400 3.219300 1.268700 1.915100 0.017215 177.270000
0.267060 6.035200 4.496300 0.812840 1.986100 0.018661 160.940000
0.348540 6.280400 3.599400 1.208300 1.913600 0.010289 180.230000
0.233270 7.906600 3.974300 1.005100 1.988000 0.013899 184.590000
0.482030 7.895500 3.658800 1.440600 1.946400 0.010779 184.750000
0.229550 4.991400 3.978100 0.648970 1.918400 0.012154 173.240000
0.219730 5.312500 4.699100 1.187600 1.960000 0.016177 167.160000
0.326420 8.658100 3.293600 1.537100 1.975600 0.018047 193.370000
0.307810 6.355300 4.641800 1.373300 1.925900 0.009527 190.060000
0.239310 6.415100 3.223500 1.252900 1.922300 0.015441 173.340000
0.352950 5.172600 3.466600 1.321600 1.951300 0.018348 139.390000
0.480750 6.939400 3.401600 1.550200 2.000700 0.014656 159.230000
0.596920 5.570200 3.246300 1.483600 1.895200 0.010236 168.350000
0.324730 6.355000 3.374700 0.809240 1.962900 0.013294 159.900000
0.409690 6.914900 3.267300 1.511800 1.976100 0.027349 167.360000
0.312490 6.108000 3.367200 0.770530 1.970200 0.012521 175.150000
0.294690 7.587400 3.724100 1.467300 1.990300 0.019555 192.060000
0.232620 5.581300 4.525300 1.342600 1.959500 0.020873 187.260000
0.437710 4.581700 3.868800 1.550900 1.997100 0.020535 144.110000
0.240070 5.452900 3.535300 1.625100 1.933700 0.017506 144.340000
0.397870 4.531300 4.555000 1.194200 1.985200 0.020124 176.490000
0.293540 5.082400 4.035600 0.824960 1.993000 0.018757 151.350000
0.285260 6.492700 5.006400 1.377000 1.948100 0.012325 173.770000
0.544310 5.571000 3.554100 0.912810 1.999000 0.010047 166.430000
0.295190 7.188700 4.493600 1.024000 1.987100 0.012174 167.070000
0.342430 8.032600 3.562700 1.636100 1.906200 0.017591 167.460000
0.362360 5.855400 4.787700 1.275400 1.947900 0.013397 154.900000
0.225470 5.126100 4.438600 1.437900 1.842600 0.013295 173.420000
0.273740 5.300600 3.904100 0.944050 2.000000 0.018035 157.350000
0.556260 4.924800 3.877600 1.091300 1.973600 0.013458 152.140000
0.228900 4.718600 3.505200 1.529100 1.882000 0.013222 173.650000
0.254900 8.467800 4.058800 1.561000 1.903600 0.014110 166.760000
0.333030 7.557900 3.325200 1.646800 1.886000 0.020228 158.090000
0.366470 7.480700 4.411000 1.522500 1.969300 0.019057 168.810000
0.585830 5.598000 4.587700 1.574500 1.948400 0.012109 159.250000
0.498250 4.731000 3.900700 0.922300 1.969200 0.011173 184.840000
0.268010 4.589000 3.758300 1.536700 1.930000 0.014064 180.480000
0.366260 5.957200 4.214900 1.511600 1.890500 0.009797 156.480000
0.616680 6.249100 4.009000 1.465400 1.982600 0.019760 173.530000
0.216180 5.371600 4.477200 1.496200 1.892700 0.021234 172.080000
0.322380 7.503100 4.586500 1.387400 1.995300 0.014023 199.750000
0.494550 6.398600 3.503000 1.413400 1.928500 0.012097 159.200000
0.234610 4.612400 3.329500 1.575200 1.909500 0.017834 203.690000
0.217560 7.250300 3.713700 1.178100 1.956600 0.014412 154.550000
0.404820 4.959300 3.767900 1.530600 1.983900 0.010170 143.080000
0.356320 4.945300 3.752500 1.234200 1.877700 0.014007 180.030000
0.426030 5.672400 4.147500 1.645100 1.927400 0.017422 160.400000
0.508960 5.650100 3.206700 1.491900 1.900300 0.020843 150.240000
0.252480 5.283200 4.187200 1.209700 1.915100 0.013694 153.300000
0.320190 5.851500 3.168800 1.554600 1.942300 0.010045 171.580000
0.398190 5.291600 3.431400 0.804190 1.965200 0.016294 161.230000
0.324590 4.944500 3.465600 1.295000 1.843500 0.012401 141.420000
0.333600 4.572800 3.409000 0.746080 1.988400 0.019197 200.200000
0.232140 4.761800 4.568200 1.556000 1.986100 0.026636 200.950000
0.384670 4.828300 4.491600 1.450500 1.967400 0.009546 176.100000
0.254820 5.304100 4.594600 1.645100 1.919800 0.017564 159.540000
0.412020 6.307400 3.184800 1.626900 1.843200 0.010251 157.650000
0.294810 6.169500 3.370900 1.315600 1.952700 0.016006 189.960000
0.580620 5.270200 3.229600 1.161300 1.981100 0.026906 147.460000
0.429020 5.534700 3.715800 1.505100 1.991100 0.026501 165.020000
0.220770 6.761100 4.185700 1.365700 1.917800 0.012062 178.000000
0.323680 5.296700 4.013200 1.437800 1.975700 0.016937 171.930000
0.338200 5.943900 4.200100 1.304700 1.974300 0.014212 155.360000
0.477200 6.574400 3.492700 1.563500 1.980300 0.025613 191.270000
0.470980 8.677200 3.276800 1.372000 1.970700 0.010187 179.030000
0.375470 4.860900 3.748700 1.394400 1.961300 0.015080 188.810000
0.225960 5.685600 5.140400 1.269900 1.968400 0.011707 192.950000
0.270080 7.644500 4.390700 1.451400 1.998500 0.012847 161.640000
0.312500 4.939800 3.645400 0.904520 1.945900 0.012654 165.300000
0.224520 7.942400 4.016200 1.055100 1.955300 0.011182 173.780000
0.290330 5.229000 3.625400 1.510300 1.830900 0.011542 146.470000
0.234520 11.608000 4.077700 1.640700 1.981500 0.014290 194.660000
0.210240 8.039900 3.901700 1.187800 1.974900 0.024132 183.890000
0.287290 6.638800 3.823700 0.989670 1.999900 0.020985 158.890000
0.255930 5.173100 3.862000 1.640400 1.940200 0.010034 136.180000
0.591490 4.713200 3.183600 0.914980 1.949300 0.025674 152.560000
0.235800 6.569000 3.649500 1.471600 1.843100 0.009967 187.680000
0.381100 7.222000 3.461600 1.496800 1.979800 0.026703 193.860000
0.397700 6.184800 3.854600 1.184500 2.000100 0.012848 201.330000
0.394390 6.476000 3.853400 1.580900 1.854100 0.011169 166.380000
0.213790 7.293600 3.658600 1.557200 1.915700 0.011166 188.400000
0.447200 6.627500 3.403900 1.210300 1.974000 0.022174 181.340000
0.244490 4.882800 5.057700 0.889180 1.995000 0.021304 181.210000
0.284560 5.321800 4.695400 1.134500 1.968500 0.020474 157.520000
0.226210 9.759200 3.619100 1.641800 1.894800 0.010244 164.450000
0.343350 6.263400 3.798400 1.390900 1.972200 0.010891 137.250000
0.262930 5.432400 6.412900 1.381500 1.996400 0.013301 161.950000
0.336540 7.359300 3.385100 1.534400 1.925000 0.024156 166.250000
0.270020 6.043800 3.515500 0.808890 1.979000 0.019674 148.590000
0.284330 5.268200 3.214700 1.578400 1.834800 0.019305 177.450000
0.420480 5.406600 4.384600 1.644200 1.997300 0.018139 142.780000
0.274840 5.995200 3.428600 1.053900 1.900800 0.014909 161.430000
0.333480 5.013400 3.945500 1.499500 1.962800 0.017577 158.320000
0.583830 7.109600 3.488300 1.434800 1.978800 0.014660 169.520000
0.411270 5.981700 3.578200 1.298000 1.959800 0.017514 157.520000
0.389060 5.718200 4.317000 1.268900 1.956900 0.014213 172.260000
0.320260 4.802000 4.602600 1.274300 1.973700 0.024199 144.620000
0.263350 4.899100 3.501400 1.223500 1.982900 0.013336 203.800000
0.432360 5.454300 3.995100 1.355400 1.953800 0.021997 172.140000
0.331130 6.134600 3.866400 1.459100 1.976800 0.015110 186.790000
0.271430 5.966200 3.501700 0.706800 1.921000 0.014315 159.770000
0.432850 5.214300 3.357600 0.707170 1.935700 0.011934 148.400000
0.258220 5.447600 3.948600 1.237300 1.915100 0.021426 183.720000
0.378320 4.867800 4.399200 1.625400 1.870900 0.017601 166.990000
0.364690 4.837900 4.475100 1.255600 1.945300 0.011184 187.730000
0.399430 7.006400 3.186600 1.579200 1.948000 0.017168 148.440000
0.313490 5.992500 4.575400 1.377900 1.922400 0.016497 160.250000
0.357260 6.843000 3.701500 1.507600 1.969300 0.021440 175.230000
0.252310 8.458900 3.402100 1.416600 1.953500 0.018917 179.050000
0.481190 6.248700 3.682700 1.444900 1.990700 0.016673 171.050000
0.369330 5.490700 4.579600 0.913970 1.986400 0.016571 170.600000
0.296420 6.064000 3.464200 1.539400 1.975800 0.028055 191.180000
0.326900 4.901800 4.186000 1.639800 1.984800 0.020725 131.930000
0.212760 4.952300 3.948700 1.146000 1.928800 0.027868 169.490000
0.296830 5.568700 4.983300 1.591400 1.928100 0.011803 182.280000
0.549170 6.166100 3.322500 1.377400 1.892800 0.011133 165.460000
0.477880 4.718000 3.708800 1.491200 1.886600 0.012246 161.860000
0.236240 6.836900 3.790800 1.026600 1.960900 0.014353 169.420000
0.348040 5.846900 3.320000 1.634300 1.861700 0.022984 182.650000
0.620330 5.175800 5.436500 1.630900 1.995100 0.012229 163.690000
0.474600 8.327900 3.443000 1.555300 1.984000 0.024705 176.430000
0.482980 4.896800 3.757800 0.833300 1.985700 0.024413 169.130000
0.342870 6.818000 4.492800 1.478600 1.944800 0.017971 173.120000
0.213410 6.729600 4.290400 1.619500 1.998800 0.014619 179.170000
0.309240 5.317200 3.177800 1.603500 1.953700 0.010891 163.300000
0.235530 4.867800 3.634000 1.260900 1.971200 0.022016 140.090000
0.215230 8.133700 4.133400 1.171100 1.961400 0.010143 164.800000
0.566280 5.448900 3.176800 1.170200 1.956300 0.015731 184.280000
0.211150 6.416200 3.975200 1.622400 1.896000 0.017646 171.920000
0.239560 7.069100 3.383400 1.391000 1.963000 0.025231 159.570000
0.410620 5.741400 4.837100 0.716600 1.995400 0.010790 161.300000
0.395650 7.576200 3.990100 1.470600 1.972800 0.015489 195.610000
0.218500 7.872100 4.051800 1.422500 1.975000 0.018817 191.760000
0.292740 7.446500 4.305700 1.606700 1.935100 0.010097 202.110000
0.429870 7.873500 3.594000 1.490700 1.982200 0.014721 203.440000
0.212680 6.054600 3.952000 1.276900 1.946900 0.028039 184.820000
0.399660 5.253300 3.541800 1.397300 1.925900 0.014390 165.070000
0.278550 5.983000 3.603200 1.349700 1.936700 0.014727 154.150000
0.400970 7.672500 3.258200 1.488600 1.966900 0.017688 165.840000
0.283170 4.658800 4.057500 1.291900 1.988900 0.021876 137.870000
0.456420 4.639600 3.710100 1.541000 1.940000 0.013662 180.350000
0.220480 4.967100 3.202100 1.637000 1.918700 0.023727 190.010000
0.293150 4.745600 3.585000 0.590700 1.943500 0.015152 182.590000
0.584880 5.721600 3.452100 1.637100 1.965500 0.019149 182.750000
0.380330 5.799700 4.357100 1.566800 1.985000 0.014838 201.200000
0.262870 8.145800 3.199400 0.939220 1.990200 0.009898 187.520000
0.235940 4.704700 4.278900 1.426100 1.974400 0.015622 179.480000
0.569800 4.635800 3.968100 0.880270 1.998100 0.010326 145.830000
0.368600 5.430000 5.089900 1.270500 1.961000 0.011718 165.130000
0.392620 5.815300 3.508600 1.208700 1.977600 0.010756 159.300000
0.423290 4.967500 4.032200 1.613200 1.894100 0.012955 144.140000
0.317200 7.346500 3.420000 0.817460 1.963400 0.011754 184.640000
0.577400 4.560500 3.830500 1.278300 1.933300 0.011220 151.340000
0.210960 6.836700 4.144300 1.453200 1.905500 0.019666 173.260000
0.284910 4.517900 3.853000 1.511300 1.935700 0.021791 177.690000
0.321120 4.833400 3.319700 0.992040 1.992700 0.011786 149.760000
0.308680 6.785700 3.958400 1.600600 1.955000 0.021024 154.300000
0.385900 8.422700 3.498000 1.596000 1.965200 0.014792 176.410000
0.460260 5.043700 3.620900 1.008800 1.977600 0.011948 151.360000
0.223120 6.196700 3.714100 1.551600 1.940900 0.022836 197.330000
0.280070 7.727600 4.220300 1.286200 1.956000 0.015312 172.700000
0.559110 5.190700 3.382100 1.474900 1.950200 0.011491 181.470000
0.269220 8.892600 3.581400 1.562400 1.966100 0.011028 159.890000
0.224750 5.630700 4.431100 1.315700 1.978000 0.012007 176.530000
0.427770 5.846900 3.999900 0.788440 2.000200 0.009722 172.740000
0.358110 5.553200 4.609600 0.815550 1.991700 0.012709 172.050000
0.215880 4.747900 3.242500 0.876370 1.946600 0.027137 156.000000
0.381210 5.902000 4.625000 1.370600 1.974100 0.018734 168.350000
0.268400 6.130800 3.332800 0.795310 1.894200 0.014900 161.300000
0.245560 6.682200 3.604700 1.177700 1.892300 0.017304 170.890000
0.238370 4.567900 3.613000 1.508600 1.990000 0.019150 128.460000
0.217430 6.158600 3.584100 1.224100 1.993800 0.025294 197.110000
0.490350 4.847800 3.474800 1.405000 1.891100 0.024273 169.680000
0.215050 5.715400 3.236800 1.556200 1.943800 0.018496 156.340000
0.215280 8.923600 3.390100 1.375100 1.900600 0.012139 184.860000
0.389260 4.884000 3.935500 1.321400 2.000300 0.021491 142.580000
0.448770 5.234300 5.443000 1.410600 1.997400 0.013526 165.550000
0.316800 5.842500 4.326900 1.162600 1.988000 0.011575 151.470000
0.282620 4.738600 3.985700 1.509800 1.916300 0.016795 146.620000
0.239730 5.060900 5.878000 1.231700 1.999000 0.014671 166.600000
0.346880 4.853500 3.205500 1.329200 1.923300 0.018824 132.760000
0.475080 5.583900 3.790000 1.403600 1.941300 0.019673 159.590000
0.236080 4.842800 4.205900 0.794890 1.988600 0.015092 189.550000
0.259810 5.470900 3.930900 1.564500 1.865100 0.016701 177.300000
0.354600 5.213300 3.209500 1.504100 1.909000 0.018474 182.910000
0.239310 5.787200 4.583000 1.496700 1.991100 0.012199 174.250000
0.564030 6.036100 3.511200 1.642600 2.000400 0.016522 181.540000
0.282900 7.714400 3.251100 1.489800 1.967200 0.021221 167.250000
0.425010 4.574600 4.645100 1.301500 1.944600 0.019692 164.260000
0.618430 4.901500 3.691000 1.050400 1.985100 0.022633 173.560000
0.427660 5.211900 4.438900 1.177900 1.936800 0.010121 152.690000
0.287870 9.590300 3.533800 1.634400 1.966400 0.020255 183.470000
0.542730 4.725100 3.453000 0.856250 1.947600 0.011073 165.090000
0.226440 5.518900 3.955500 0.705980 1.929100 0.015142 170.110000
0.306360 6.903100 3.939200 1.226600 1.992000 0.011835 166.430000
0.487180 8.523400 3.207300 1.556000 1.946500 0.011307 167.650000
0.228100 5.315800 5.225300 0.578650 1.942100 0.010710 165.150000
0.252030 4.536400 4.219000 1.109700 1.910600 0.028005 171.700000
0.376920 6.931200 4.677700 1.411700 1.982300 0.014136 189.840000
0.291540 4.943400 3.253200 1.368400 1.933400 0.020545 168.480000
0.459610 6.120300 3.265100 0.757360 1.952400 0.010682 177.170000
0.418100 5.036900 3.394000 1.484400 1.940200 0.024966 139.240000
0.367910 6.914600 3.871100 1.199900 1.963800 0.016070 161.650000
0.229520 5.605200 3.455300 1.160700 1.933500 0.025410 183.840000
0.375450 5.690400 3.198800 1.263800 1.882400 0.012919 181.090000
0.225760 7.515700 5.616000 1.360100 1.987400 0.012478 164.620000
0.289110 6.102300 4.681200 1.064700 1.994000 0.015373 155.700000
0.420730 4.660600 4.738700 1.449700 1.990300 0.022966 155.500000
0.215140 5.393900 4.685900 1.375800 1.988800 0.016205 191.630000
0.410210 4.636700 4.475900 0.650000 1.996500 0.009889 172.870000
0.292400 7.217700 3.427000 1.320200 1.948400 0.019127 194.960000
0.287250 5.631800 3.669000 1.254500 1.999500 0.019289 185.760000
0.509450 5.366400 3.282800 1.130000 1.924600 0.011494 155.540000
0.345210 6.169800 3.708500 1.579700 1.939500 0.019714 191.830000
0.336270 7.754300 3.409300 1.625100 1.895600 0.016584 192.050000
0.619520 6.552300 3.183500 1.596500 1.940000 0.016570 179.610000
0.411200 6.357300 3.892700 1.429200 1.992800 0.009529 156.770000
0.279660 5.456800 3.405000 1.474900 1.998600 0.016548 164.400000
0.495040 6.487100 3.493400 1.643600 1.989200 0.023790 148.330000
0.399080 4.707500 3.288000 0.802140 1.946400 0.009779 160.910000
0.308690 8.270600 3.589700 1.352100 1.946600 0.017708 174.500000
0.528120 5.721500 3.510000 1.362700 1.959300 0.012180 159.020000
0.498580 4.765900 3.429500 0.844890 1.967800 0.010799 134.960000
0.516030 7.751300 3.391500 1.483900 1.982600 0.014389 191.120000
0.263610 7.283100 4.295100 1.641900 1.974600 0.016042 201.690000
0.219300 4.656000 3.981000 1.129200 1.892000 0.012752 145.220000
0.465950 5.530200 3.793000 1.198900 1.998800 0.026747 171.940000
0.611550 4.724500 3.810800 1.145000 1.971300 0.013048 160.000000
0.336890 4.612000 5.796200 0.752130 1.967500 0.012220 162.770000
0.239840 6.966500 4.370000 1.643800 1.960500 0.020953 189.740000
0.246420 6.661700 3.435700 1.182400 1.954500 0.024314 169.130000
0.429900 5.779700 3.356900 1.177500 1.906300 0.019091 167.740000
0.601670 5.475100 3.432700 1.608300 1.990400 0.013860 186.920000
0.238160 4.993400 5.621100 1.319500 2.000700 0.010091 161.610000
0.495640 4.783600 4.431200 1.338500 1.939100 0.016598 149.180000
0.387660 4.793800 4.123000 0.785850 1.933900 0.011375 176.570000
0.430360 5.399300 4.596700 1.090800 1.962800 0.014382 178.540000
0.264370 8.736600 3.348900 1.642400 1.998600 0.014337 173.050000
0.377330 5.123700 5.612300 1.623300 1.971800 0.012052 180.170000
0.300220 4.811900 3.819000 1.224200 1.932400 0.011599 135.780000
0.236530 8.756500 3.784500 1.424100 1.894500 0.011394 175.110000
0.320630 6.282900 4.341700 1.549600 1.987700 0.019343 182.360000
0.221840 4.696600 4.062400 1.454300 1.895200 0.028093 177.770000
0.315710 7.141500 3.296900 1.198000 1.932200 0.016412 187.910000
0.337640 7.550400 3.478900 1.633500 1.910400 0.012541 176.430000
0.617900 5.544100 3.444400 1.574300 1.968400 0.016142 181.110000
0.319560 4.996700 5.034700 1.350000 1.992300 0.022410 175.420000
0.372980 5.287000 4.913700 1.519300 1.981200 0.027606 176.560000
0.363920 5.164900 3.584300 1.375700 1.982400 0.010984 179.710000
0.251560 10.806000 3.250300 1.581200 1.922900 0.015967 173.140000
0.286540 7.813400 4.120700 1.570100 1.930700 0.011561 158.650000
0.399880 4.829600 3.561300 1.102500 1.967900 0.021753 153.620000
0.258680 6.000900 4.398600 0.894270 1.998800 0.018678 185.210000
0.388790 4.514900 3.205300 1.531200 1.878600 0.018451 153.720000
0.392140 6.261700 3.576300 1.620000 1.971400 0.020713 171.870000
0.215030 10.267000 3.299400 1.411400 1.994300 0.010286 202.660000
0.389090 4.701800 4.518000 1.430300 1.964300 0.018404 167.670000
0.407780 5.495900 4.773700 0.937750 1.977600 0.011245 159.800000
0.414610 5.415100 3.266400 1.647400 1.951400 0.013314 200.590000
0.233960 6.545200 5.242900 1.619800 1.969300 0.025616 166.210000
0.282600 4.509700 3.569500 0.958150 1.973100 0.027123 154.490000
0.382740 5.344900 3.656400 0.934030 1.975300 0.015990 165.820000
0.264630 7.196800 3.393600 0.778660 1.979700 0.012687 162.150000
0.222860 5.935700 4.879700 1.526000 1.959800 0.023742 164.090000
0.212070 4.880500 4.109400 1.394600 1.903900 0.018835 165.150000
0.276470 7.042800 3.217700 1.606700 1.821700 0.020447 165.210000
0.432160 4.922000 3.309400 1.449100 1.957000 0.011631 174.720000
0.501300 4.603500 3.303800 1.133100 1.932100 0.025262 160.140000
0.418420 6.785900 4.207500 1.593700 1.957300 0.011748 163.470000
0.370800 7.331600 4.742200 1.587600 1.984300 0.018184 171.820000
0.453900 6.533300 3.347100 1.449400 1.993800 0.024708 150.780000
0.280120 8.054000 3.839700 1.017400 1.981400 0.012802 174.910000
0.354100 7.354600 3.336700 1.543900 1.999300 0.022184 158.800000
0.216390 6.364300 3.779600 1.245500 1.994200 0.028381 197.620000
0.300980 4.624100 3.240800 1.020800 1.923700 0.025373 160.130000
