494.339350 313.804940 36.520340 22.900000 39.600000 26.300000 77.200000 12.266470 42.400000 0.824492 -0.496780
538.644920 292.401730 45.715309 21.000000 37.200000 22.600000 85.200000 11.868820 40.500000 0.873461 -0.584588
528.839210 340.282270 35.654871 23.700000 47.100000 33.000000 62.200000 9.291610 48.200000 0.522382 -0.316799
652.327150 377.284900 42.163238 22.600000 45.100000 40.500000 57.800000 12.499180 47.500000 0.785335 -0.487323
480.184130 351.470880 26.804978 24.800000 45.800000 31.500000 63.900000 8.900120 47.100000 0.481305 -0.282544
529.891440 367.761200 30.596878 24.700000 45.600000 36.800000 58.900000 9.461540 48.100000 0.522253 -0.311262
700.966840 327.850190 53.228859 18.900000 48.800000 32.500000 65.800000 12.070620 45.700000 0.732921 -0.486127
520.024780 278.116250 46.518654 21.800000 44.600000 25.000000 74.600000 9.064230 46.100000 0.553217 -0.370759
520.695340 300.708970 42.248577 22.100000 42.700000 24.800000 76.400000 10.667060 44.200000 0.672730 -0.438448
530.415750 355.515880 32.974109 23.800000 45.400000 33.700000 63.100000 8.464990 47.600000 0.471517 -0.291304
530.125270 249.389640 52.956470 20.400000 43.700000 21.800000 80.100000 10.801850 43.800000 0.705663 -0.474669
515.366090 305.615860 40.699269 21.700000 39.500000 27.500000 77.300000 10.665830 41.800000 0.749343 -0.449935
507.619280 294.799730 41.925033 22.800000 35.600000 26.800000 80.800000 13.531090 41.100000 1.061891 -0.640925
536.014350 247.612800 53.804819 20.800000 44.500000 23.000000 77.700000 10.841750 44.800000 0.706243 -0.468046
506.024750 221.969130 56.134729 19.100000 38.100000 15.200000 93.600000 11.880850 39.200000 0.848612 -0.635926
502.163880 376.239820 25.076288 26.200000 41.700000 37.200000 60.900000 9.571430 47.000000 0.527116 -0.316452
675.844230 371.807360 44.986234 20.300000 51.600000 38.000000 56.100000 11.725420 47.600000 0.670640 -0.413435
524.555740 346.705890 33.904853 24.600000 42.900000 33.300000 65.200000 9.862240 47.100000 0.584235 -0.360009
545.578600 284.499310 47.853653 19.700000 42.100000 21.000000 83.200000 12.556450 41.000000 0.802108 -0.545978
535.373370 340.549950 36.390196 24.300000 39.900000 36.600000 65.200000 11.595770 45.400000 0.789070 -0.459860
511.589810 285.076700 44.276314 22.600000 42.300000 23.600000 77.500000 9.693880 45.400000 0.609649 -0.417238
498.088550 245.090880 50.793713 20.000000 44.700000 18.700000 82.600000 10.833970 42.900000 0.661857 -0.462742
610.017210 340.303300 44.214148 19.500000 46.300000 27.600000 72.600000 11.596120 43.300000 0.658583 -0.450185
561.301610 418.530900 25.435649 26.500000 39.100000 53.600000 46.800000 11.207230 47.200000 0.637063 -0.381455
488.380770 236.708020 51.532076 21.900000 43.000000 22.800000 78.300000 10.676730 44.800000 0.722306 -0.460077
524.900860 299.798400 42.884757 21.600000 36.300000 25.700000 82.400000 11.285800 40.500000 0.860263 -0.540047
789.333910 285.786660 63.793946 15.900000 44.600000 26.500000 79.000000 14.699930 40.600000 0.938378 -0.723952
491.351430 320.845390 34.701444 23.800000 41.200000 29.300000 71.700000 10.570080 44.500000 0.673490 -0.399809
550.760830 297.379340 46.005721 19.900000 40.900000 26.500000 78.700000 11.594610 40.600000 0.805286 -0.498142
496.762050 294.535420 40.708953 23.100000 33.800000 26.100000 83.000000 13.047990 40.600000 1.052074 -0.644607
501.706380 342.650810 31.702920 25.000000 33.900000 35.600000 71.500000 13.734870 42.100000 0.996727 -0.583712
654.098510 276.901110 57.666757 17.500000 43.200000 24.400000 80.900000 13.335400 40.400000 0.878238 -0.610896
589.589920 243.675060 58.670416 17.800000 42.700000 16.100000 89.400000 12.425060 40.800000 0.738327 -0.619456
688.597570 305.596940 55.620387 18.200000 45.300000 28.500000 74.000000 13.367750 42.500000 0.871727 -0.586089
537.962130 322.164740 40.113863 23.800000 43.400000 34.800000 64.000000 10.655780 47.200000 0.688831 -0.405463
487.690240 349.366090 28.363116 24.900000 40.700000 32.600000 67.800000 10.059120 44.900000 0.607428 -0.355837
560.803310 345.205890 38.444391 21.900000 46.300000 29.500000 68.300000 10.383780 45.700000 0.591224 -0.381802
500.804010 282.487840 43.593135 21.800000 38.400000 21.300000 84.500000 9.715780 42.200000 0.666000 -0.459857
618.151250 404.262510 34.601360 22.300000 50.200000 43.400000 50.100000 10.346950 48.000000 0.572742 -0.335427
507.148950 299.543480 40.935798 23.400000 45.700000 29.900000 67.000000 10.230520 47.200000 0.624323 -0.373180
507.064550 393.752260 22.346719 26.800000 42.000000 41.700000 55.500000 9.184090 47.700000 0.482079 -0.285887
543.435680 380.743740 29.937663 24.900000 41.200000 38.900000 61.000000 10.280520 46.300000 0.604130 -0.367330
563.697800 272.221650 51.707874 20.100000 43.500000 22.200000 80.200000 10.877930 43.700000 0.686161 -0.486757
494.778250 368.081600 25.606754 27.200000 38.200000 38.100000 62.500000 10.328230 46.800000 0.591562 -0.362093
612.824660 381.025280 37.824747 21.200000 49.800000 35.400000 59.600000 10.357130 46.800000 0.555547 -0.353735
487.508840 342.750620 29.693455 23.600000 37.400000 30.400000 74.600000 11.247780 41.600000 0.759357 -0.438800
521.127710 354.322460 32.008517 24.800000 34.000000 36.500000 70.700000 14.051540 42.100000 1.023657 -0.608491
491.631180 407.149280 17.184000 30.400000 34.800000 51.900000 48.900000 10.709530 48.300000 0.560357 -0.326261
549.358770 249.232440 54.632118 19.900000 40.500000 18.600000 87.000000 11.778150 41.700000 0.799365 -0.588494
482.262750 285.396440 40.821380 22.800000 36.200000 22.600000 84.400000 10.291170 41.700000 0.751440 -0.490056
562.648710 393.105940 30.132971 25.700000 38.800000 46.800000 54.700000 11.666950 46.500000 0.734453 -0.435438
532.470800 284.814050 46.510860 21.900000 41.900000 24.300000 77.900000 10.596300 44.500000 0.694364 -0.464530
551.070660 404.360310 26.622784 26.400000 38.800000 48.900000 51.900000 10.817180 46.900000 0.643201 -0.379847
658.190690 298.256280 54.685430 19.700000 44.000000 28.500000 73.800000 13.442160 43.800000 0.937693 -0.604301
590.821980 389.127360 34.137968 23.600000 46.500000 39.800000 56.100000 10.490030 47.900000 0.590036 -0.362240
563.796850 249.600730 55.728605 18.800000 38.300000 20.700000 88.200000 12.862870 38.900000 0.982360 -0.648366
607.238640 407.710490 32.858276 23.500000 48.100000 45.300000 49.100000 10.435210 48.500000 0.586004 -0.343766
557.389680 315.126090 43.463953 21.800000 39.600000 26.600000 78.000000 11.535400 42.900000 0.795464 -0.520608
490.950620 242.799420 50.545043 20.500000 36.900000 19.700000 88.900000 12.027220 39.500000 0.944156 -0.600498
547.237680 299.041620 45.354344 23.200000 41.700000 30.500000 70.600000 12.490360 45.800000 0.861558 -0.527548
601.653120 281.969730 53.134170 20.400000 49.000000 26.500000 70.100000 11.679430 47.000000 0.685195 -0.460594
589.317800 252.896270 57.086606 18.600000 41.800000 21.500000 84.100000 12.201520 41.000000 0.840090 -0.576833
508.185300 419.863060 17.379928 28.200000 28.500000 59.600000 49.700000 14.075890 42.200000 1.455720 -0.520502
574.644190 275.243970 52.101844 19.800000 44.100000 23.300000 78.800000 11.948400 43.100000 0.769418 -0.518140
525.720890 375.923630 28.493686 25.200000 38.500000 38.400000 63.900000 11.209580 44.700000 0.695494 -0.415473
628.699620 293.001470 53.395634 18.800000 43.700000 24.000000 79.500000 12.103880 42.300000 0.763966 -0.543100
590.968880 309.329170 47.657283 21.200000 47.400000 33.200000 64.200000 11.193130 46.500000 0.725244 -0.427874
549.525920 306.187830 44.281458 21.300000 37.900000 30.100000 76.700000 10.949700 41.400000 0.842062 -0.505393
501.836860 319.404230 36.352975 22.100000 35.800000 26.300000 81.800000 12.128250 39.800000 0.891846 -0.538403
552.982890 297.036160 46.284747 20.500000 39.200000 28.000000 78.300000 10.553510 41.300000 0.772895 -0.478726
568.754360 259.212000 54.424613 18.800000 42.100000 18.000000 87.100000 11.775160 41.300000 0.726880 -0.566180
527.591440 275.266810 47.825763 22.400000 43.100000 28.600000 71.900000 11.103010 45.700000 0.758806 -0.458859
486.545450 254.627020 47.666344 20.600000 33.800000 17.600000 94.000000 11.182690 38.200000 0.902352 -0.622589
563.531760 269.617740 52.155715 19.000000 40.200000 20.600000 86.200000 12.172220 40.000000 0.825671 -0.576574
541.839650 349.757430 35.450012 25.300000 43.300000 36.800000 60.600000 11.847290 48.300000 0.698601 -0.428230
588.794360 333.761560 43.314409 22.300000 45.700000 34.800000 63.200000 9.903810 47.500000 0.620210 -0.379401
541.166070 295.062020 45.476622 19.900000 46.200000 23.500000 76.400000 11.678310 43.000000 0.686277 -0.447880
506.631550 405.044770 20.051412 28.700000 32.200000 52.800000 52.300000 13.070530 45.100000 0.782035 -0.458034
501.302140 329.312280 34.308623 24.700000 42.100000 32.500000 66.700000 10.518100 46.300000 0.652287 -0.386309
536.323780 400.299880 25.362273 26.700000 38.500000 47.500000 53.300000 10.961920 46.700000 0.644004 -0.378853
499.137850 262.907040 47.327769 21.300000 44.600000 23.100000 77.000000 10.452520 44.300000 0.663632 -0.422574
631.125550 330.958860 47.560535 20.100000 44.000000 30.600000 71.300000 12.988450 43.100000 0.859799 -0.544700
542.797930 266.408250 50.919443 21.300000 41.700000 23.600000 79.400000 12.333130 43.500000 0.858743 -0.560920
521.117910 275.784900 47.078215 20.100000 38.600000 19.700000 87.600000 11.416700 40.000000 0.791566 -0.546619
576.373610 287.478200 50.122942 21.100000 47.300000 27.000000 70.600000 10.806570 47.000000 0.643679 -0.428041
562.248640 373.867840 33.504892 23.600000 45.700000 37.100000 59.600000 9.932760 47.200000 0.573013 -0.344283
606.610140 258.167380 57.440972 18.700000 42.700000 21.600000 83.000000 12.061540 42.000000 0.797248 -0.571279
538.117400 294.693990 45.236116 19.700000 40.900000 22.400000 83.000000 11.444610 40.400000 0.744522 -0.496037
525.806600 352.209170 33.015453 24.100000 44.500000 32.000000 65.400000 10.661680 46.600000 0.615285 -0.377319
551.118330 201.323580 63.469990 17.600000 40.100000 14.600000 93.700000 12.375250 39.400000 0.816852 -0.666785
603.682820 361.670330 40.089345 23.000000 46.100000 37.000000 59.900000 11.017140 48.100000 0.648522 -0.406114
534.515550 298.405090 44.172795 21.100000 38.700000 24.800000 81.400000 11.460080 41.100000 0.820866 -0.523224
553.922740 300.369610 45.774097 21.500000 41.500000 28.900000 74.100000 11.965650 43.200000 0.851270 -0.513000
581.459930 255.230750 56.105187 18.500000 41.200000 18.400000 87.900000 12.292590 40.500000 0.800607 -0.604194
544.580170 245.062850 54.999674 19.400000 46.600000 20.200000 79.800000 11.575420 43.800000 0.692120 -0.485807
518.662770 250.832630 51.638590 20.500000 44.500000 20.700000 80.300000 11.689740 43.500000 0.745617 -0.500185
547.689320 346.198780 36.789204 23.400000 42.500000 32.500000 67.600000 11.095460 45.400000 0.697263 -0.428164
491.616350 283.612640 42.310169 21.200000 37.200000 21.600000 86.000000 12.850770 39.600000 0.942210 -0.587336
514.548170 316.419460 38.505376 23.000000 37.800000 28.000000 77.200000 9.909510 43.100000 0.691764 -0.434848
520.160280 340.259500 34.585643 24.900000 44.400000 35.200000 61.500000 9.905130 48.400000 0.569948 -0.343195
539.333530 238.622580 55.756027 19.400000 43.300000 18.200000 85.100000 11.860390 42.300000 0.759227 -0.551424
537.570320 334.815180 37.716952 23.500000 35.200000 34.000000 73.300000 12.798190 42.100000 0.985761 -0.583710
533.178180 278.824680 47.705159 20.000000 39.500000 20.400000 86.100000 11.282250 40.500000 0.769565 -0.532476
617.357500 321.303880 47.954973 19.600000 39.900000 27.400000 79.100000 12.028070 40.900000 0.839568 -0.561125
491.708910 266.107920 45.881005 21.700000 37.800000 21.500000 85.000000 12.966300 40.800000 0.970621 -0.609873
515.756470 360.587800 30.085647 26.400000 42.100000 38.400000 59.100000 11.332310 48.300000 0.637767 -0.387025
679.635030 247.609870 63.567230 17.200000 42.300000 24.500000 82.000000 13.557030 40.500000 0.982864 -0.670943
500.771910 319.647350 36.169073 23.300000 38.100000 27.000000 77.600000 11.274610 42.600000 0.770113 -0.476250
522.971330 287.267040 45.070213 20.100000 44.300000 20.200000 81.400000 11.934950 42.200000 0.707401 -0.485807
521.542520 242.641660 53.476150 18.600000 39.000000 19.100000 89.300000 12.144620 38.400000 0.867016 -0.573589
556.127230 281.554090 49.372360 20.200000 37.500000 22.200000 86.100000 12.513320 39.900000 0.941578 -0.627825
576.126110 318.781760 44.668059 20.700000 38.700000 26.900000 79.700000 11.625330 41.200000 0.826992 -0.539817
568.489170 254.771260 55.184501 18.100000 39.100000 17.200000 91.600000 12.862880 38.600000 0.870071 -0.651786
542.628600 433.619560 20.089070 27.300000 38.600000 60.900000 39.200000 9.851380 47.300000 0.511213 -0.304862
523.280450 264.000050 49.549032 20.300000 35.400000 20.900000 89.400000 11.977990 38.900000 0.959581 -0.630084
491.532610 389.162000 20.826820 27.800000 32.500000 44.900000 60.800000 12.275410 43.800000 0.753468 -0.447354
537.967710 303.733180 43.540630 22.000000 43.000000 26.200000 74.800000 9.902760 45.100000 0.617822 -0.410163
510.333060 262.348410 48.592707 20.900000 36.200000 21.200000 87.700000 12.276590 39.700000 0.970313 -0.624143
506.331190 340.402510 32.770780 24.000000 35.500000 34.700000 71.800000 12.150270 41.800000 0.890670 -0.508820
533.108620 413.689050 22.400608 26.900000 34.900000 51.600000 52.600000 11.356240 44.700000 0.678105 -0.404916
488.901130 294.479060 39.767155 21.800000 47.300000 23.600000 73.300000 10.435930 45.100000 0.596382 -0.374198
635.966490 365.294740 42.560694 21.100000 50.800000 38.400000 55.700000 11.352470 47.600000 0.672534 -0.393543
533.359600 293.167460 45.033808 21.400000 48.400000 26.500000 69.700000 10.267730 46.500000 0.592756 -0.377766
560.009050 344.049680 38.563550 23.600000 40.800000 32.600000 69.000000 11.198240 45.600000 0.719326 -0.457945
548.231240 279.708850 48.979768 20.600000 41.400000 21.200000 82.800000 10.484090 43.000000 0.674163 -0.488668
567.647400 342.312090 39.696352 23.100000 46.200000 34.100000 62.600000 10.934450 47.400000 0.663456 -0.401428
498.008360 285.004420 42.771157 21.200000 38.400000 20.900000 85.500000 12.357930 40.400000 0.863471 -0.560663
576.934810 330.776040 42.666652 22.800000 43.400000 29.900000 69.900000 12.201580 45.900000 0.768723 -0.500648
547.963650 256.873380 53.122186 19.400000 39.600000 17.600000 89.400000 10.731780 40.900000 0.708776 -0.549953
563.520590 308.083030 45.328878 22.000000 41.200000 31.300000 71.500000 11.827970 44.000000 0.855106 -0.511653
483.222030 261.016700 45.984106 23.300000 42.600000 26.600000 73.500000 11.613280 45.600000 0.779355 -0.468304
503.133760 377.561170 24.958093 25.800000 30.900000 42.500000 66.800000 12.947190 41.100000 0.916508 -0.539439
571.638130 252.693960 55.794768 18.000000 39.200000 17.100000 91.700000 12.400460 38.700000 0.834375 -0.634727
550.897140 271.582760 50.701730 21.300000 45.900000 25.300000 73.500000 11.027230 46.100000 0.686344 -0.451905
562.394570 372.728180 33.724790 25.100000 42.200000 40.800000 57.900000 11.790590 47.700000 0.704459 -0.426779
491.298880 350.068080 28.746412 23.600000 39.800000 30.000000 72.600000 10.511400 42.800000 0.659577 -0.387703
543.224930 281.522100 48.175777 21.700000 47.200000 28.100000 69.000000 10.354750 46.900000 0.640802 -0.399577
499.375150 395.192270 20.862648 27.400000 36.800000 43.200000 58.600000 9.135840 45.900000 0.516934 -0.307113
510.739320 308.953850 39.508505 24.100000 42.200000 29.800000 69.900000 9.427030 47.000000 0.591215 -0.372496
659.249210 238.900650 63.761709 16.900000 44.300000 19.200000 85.600000 13.517560 41.000000 0.820995 -0.653038
630.390900 210.483620 66.610619 16.500000 40.700000 17.100000 91.700000 13.241010 39.000000 0.896925 -0.700467
526.339040 315.000080 40.152629 23.800000 41.800000 31.700000 68.700000 10.329130 46.500000 0.668593 -0.409369
518.916760 320.073930 38.318830 21.500000 37.500000 24.300000 82.700000 10.286290 40.700000 0.704166 -0.462743
497.672270 288.070870 42.116351 22.700000 44.300000 25.300000 73.700000 11.298670 45.100000 0.706700 -0.437946
516.157760 269.869710 47.715654 20.900000 38.400000 21.500000 85.200000 11.606150 40.900000 0.844364 -0.554473
762.249450 271.822670 64.339408 15.300000 44.100000 23.100000 83.500000 15.117750 39.200000 0.923360 -0.739216
563.811500 257.689130 54.295162 19.200000 42.200000 19.100000 85.500000 11.777780 41.700000 0.749131 -0.558177
713.934640 313.390470 56.103759 18.400000 52.000000 30.600000 65.000000 12.119000 47.200000 0.669427 -0.472911
495.070220 265.678560 46.335176 20.800000 38.700000 20.100000 86.400000 9.647090 41.100000 0.666467 -0.458053
553.543410 261.261670 52.801955 19.900000 38.000000 19.700000 88.400000 13.661460 39.800000 1.032896 -0.703679
559.502200 388.892490 30.493126 25.000000 45.700000 45.200000 50.100000 9.772310 49.000000 0.556648 -0.315315
504.941650 276.963040 45.149496 22.300000 43.100000 24.400000 76.200000 9.694240 45.300000 0.614676 -0.403826
504.108250 263.536060 47.722327 21.300000 37.200000 20.100000 87.400000 11.215120 41.000000 0.830029 -0.565726
487.356320 322.953100 33.733680 26.200000 41.600000 35.500000 62.700000 11.011420 48.200000 0.648527 -0.386057
581.135420 352.775140 39.295536 22.400000 46.500000 31.800000 65.300000 10.497420 46.900000 0.596909 -0.388610
513.761980 378.152710 26.395349 25.800000 31.000000 43.100000 66.100000 12.956840 41.600000 0.925476 -0.550465
512.147420 252.989990 50.602116 20.100000 40.100000 18.100000 87.700000 11.994030 40.800000 0.815265 -0.573268
495.994830 228.371270 53.956925 18.800000 36.500000 14.500000 96.200000 11.474050 37.800000 0.834741 -0.630721
555.105390 322.399760 41.920982 22.100000 44.100000 28.700000 71.100000 9.452280 46.000000 0.567930 -0.375546
491.471370 318.603330 35.173573 25.000000 39.900000 31.600000 69.500000 11.234780 45.600000 0.726894 -0.434167
525.218680 246.754430 53.018725 19.100000 37.600000 17.800000 91.500000 12.116120 38.700000 0.894841 -0.623636
623.877870 326.723190 47.630265 19.500000 42.100000 33.000000 71.400000 10.865500 42.000000 0.758067 -0.468621
524.991020 331.583570 36.840144 21.800000 43.800000 28.000000 72.400000 11.339260 43.300000 0.696693 -0.420840
527.802410 379.004790 28.191918 25.600000 42.000000 40.900000 57.500000 9.585550 47.400000 0.552683 -0.323670
502.249860 411.180650 18.132252 27.700000 30.700000 52.200000 55.400000 11.458140 42.600000 0.712573 -0.415943
495.839520 305.917970 38.303028 22.500000 35.100000 25.300000 83.100000 13.307260 39.900000 1.017023 -0.617054
499.874520 262.256270 47.535580 22.100000 47.300000 26.200000 70.400000 9.744950 47.100000 0.591534 -0.365742
507.496300 266.994120 47.389938 20.200000 38.900000 19.000000 87.900000 11.161240 40.200000 0.768378 -0.531008
489.419700 299.976720 38.707674 22.300000 40.600000 23.000000 80.100000 10.533680 42.700000 0.678641 -0.438134
525.797450 304.349850 42.116522 21.600000 42.200000 26.300000 75.900000 11.903260 42.800000 0.789145 -0.483469
574.741320 207.581490 63.882623 17.200000 39.000000 14.500000 95.300000 12.935080 38.500000 0.889284 -0.720907
511.933030 272.530670 46.764390 21.400000 39.000000 21.600000 84.000000 12.825940 41.300000 0.924708 -0.598349
527.009810 309.737380 41.227398 20.800000 41.900000 23.100000 80.200000 11.585290 41.700000 0.728678 -0.477415
530.785950 294.376300 44.539546 21.400000 40.400000 24.300000 79.900000 11.484000 42.300000 0.785420 -0.506750
506.576910 265.133290 47.661789 19.600000 37.600000 19.000000 89.800000 10.774280 38.900000 0.759015 -0.522151
486.142650 255.554030 47.432296 22.300000 38.800000 23.000000 81.900000 12.185660 42.500000 0.907188 -0.562032
506.676140 348.054460 31.306325 23.000000 42.600000 29.500000 70.900000 9.685060 44.000000 0.578635 -0.349195
513.346340 356.608170 30.532636 24.300000 39.800000 33.100000 68.800000 11.308330 44.100000 0.714144 -0.424091
645.996920 293.875840 54.508167 18.900000 41.300000 29.400000 76.400000 13.360780 41.000000 1.010834 -0.627225
516.291480 328.250960 36.421387 22.700000 38.200000 27.900000 77.200000 10.932660 42.100000 0.749298 -0.464006
507.115880 362.032510 28.609510 25.100000 38.900000 35.700000 66.300000 11.812850 44.300000 0.748168 -0.436082
579.621950 351.424780 39.370001 23.900000 40.900000 38.300000 62.900000 12.462240 46.200000 0.842625 -0.505338
534.609130 446.615260 16.459478 28.300000 37.600000 64.400000 35.700000 8.349840 47.600000 0.433083 -0.245772
557.386950 236.267130 57.611650 18.700000 40.800000 18.500000 88.000000 11.505230 40.700000 0.792000 -0.568995
542.404750 223.383720 58.816047 18.400000 38.400000 15.400000 93.800000 12.937210 38.700000 0.926513 -0.689525
560.032430 303.455120 45.814724 22.700000 46.800000 29.200000 67.300000 11.013950 48.100000 0.653102 -0.423875
646.333450 251.826210 61.037726 18.200000 41.300000 20.700000 85.800000 13.685330 41.000000 0.966959 -0.702331
571.926970 303.499450 46.933880 20.400000 37.000000 28.700000 79.900000 12.523630 39.800000 0.998233 -0.606529
500.283670 327.756810 34.485807 24.600000 37.500000 30.400000 73.500000 10.724430 44.200000 0.716601 -0.443283
482.979630 280.640290 41.893970 22.200000 41.700000 22.200000 79.900000 10.034940 43.500000 0.643117 -0.419869
548.290280 220.790410 59.731110 19.500000 42.500000 18.800000 85.200000 11.725620 42.700000 0.792602 -0.564661
564.990070 389.206370 31.112706 23.700000 46.700000 38.000000 57.600000 8.948270 48.000000 0.476921 -0.297287
518.419290 264.090440 49.058524 21.500000 40.500000 26.100000 77.900000 11.591920 42.900000 0.857750 -0.514041
507.758410 325.868780 35.822081 23.600000 38.600000 29.500000 74.300000 12.199900 43.000000 0.837384 -0.500832
500.658790 298.962700 40.286138 23.500000 38.000000 28.300000 76.200000 13.032850 43.000000 0.943113 -0.562332
506.466160 335.529480 33.750859 23.600000 37.500000 31.000000 73.900000 10.973380 42.600000 0.754976 -0.449191
548.730770 344.465360 37.225069 23.600000 37.900000 35.600000 68.900000 11.975060 43.600000 0.864582 -0.510288
579.182350 258.297900 55.403009 19.200000 40.900000 19.100000 86.800000 12.439340 41.200000 0.826499 -0.617130
524.089850 413.840470 21.036351 27.900000 32.700000 55.000000 50.400000 13.184570 44.500000 0.802477 -0.473761
531.396370 280.708100 47.175382 19.500000 41.600000 21.600000 83.300000 11.601750 40.500000 0.748731 -0.498225
694.987030 273.051710 60.711251 18.000000 43.200000 24.600000 80.200000 14.210450 41.800000 0.988609 -0.695373
543.781370 336.946640 38.036377 23.200000 46.400000 30.800000 65.600000 9.351430 47.900000 0.524860 -0.338722
538.972370 312.225300 42.070259 22.600000 45.600000 32.300000 65.500000 9.795290 46.900000 0.613820 -0.364175
606.821780 244.421940 59.720968 18.400000 44.800000 19.100000 83.700000 11.434900 43.400000 0.678267 -0.546710
571.016470 373.174760 34.647286 23.400000 41.300000 41.100000 60.200000 10.237490 45.200000 0.686217 -0.391639
660.020940 304.465920 53.870264 19.600000 48.200000 28.900000 69.300000 12.252520 46.000000 0.744914 -0.501162
584.640230 290.205980 50.361613 20.900000 41.200000 26.800000 77.100000 12.181780 43.200000 0.873449 -0.560640
609.176650 265.373040 56.437424 19.600000 42.200000 23.900000 80.300000 12.965040 42.600000 0.924185 -0.611153
505.528510 254.719090 49.613309 21.000000 39.400000 21.100000 84.500000 10.498370 41.900000 0.747827 -0.497778
501.526050 264.008730 47.358920 21.100000 38.100000 19.500000 87.300000 10.482930 41.200000 0.742285 -0.517800
501.314340 231.316770 53.857939 20.200000 37.100000 17.700000 91.000000 11.060830 40.000000 0.837942 -0.585453
512.404210 340.821910 33.485732 23.200000 37.800000 30.600000 74.400000 9.469370 42.600000 0.640641 -0.388954
489.914680 257.074180 47.526745 21.100000 35.000000 19.400000 90.500000 12.766950 39.000000 1.026184 -0.666099
611.648350 263.593010 56.904484 19.500000 41.600000 21.500000 83.400000 13.326670 42.200000 0.926362 -0.654591
616.148370 344.067040 44.158411 19.800000 44.500000 31.800000 69.900000 10.853230 43.000000 0.676888 -0.432034
492.862340 246.385690 50.009228 20.100000 37.300000 16.800000 91.800000 12.194790 39.200000 0.889541 -0.621979
593.523230 279.056300 52.983087 20.900000 44.300000 29.300000 71.500000 11.902990 45.300000 0.832554 -0.512930
518.906370 272.860720 47.416194 21.500000 39.600000 22.200000 82.700000 10.728610 42.600000 0.748046 -0.504478
493.834530 311.870280 36.847211 22.000000 43.200000 24.900000 75.900000 10.758120 43.100000 0.661499 -0.404380
579.727070 394.180850 32.005789 23.900000 43.000000 40.000000 59.100000 9.843670 46.700000 0.565672 -0.355339
724.527240 367.739150 49.244262 20.100000 51.000000 39.100000 55.800000 11.174890 49.100000 0.646176 -0.417060
600.983370 315.031610 47.580644 21.300000 41.700000 30.300000 72.700000 12.842110 43.600000 0.914450 -0.568368
501.328750 304.265180 39.308252 22.800000 39.400000 26.600000 77.200000 12.210460 42.600000 0.847195 -0.509791
520.943930 222.009800 57.383168 18.800000 40.000000 17.100000 90.100000 10.827470 40.300000 0.750404 -0.544719
531.899940 334.242330 37.160675 23.600000 38.400000 30.600000 73.400000 12.960140 43.200000 0.898702 -0.549045
641.621140 350.151570 45.427052 19.700000 45.800000 31.700000 68.800000 10.867710 44.000000 0.649253 -0.431774
530.411490 252.607430 52.375196 20.600000 38.600000 19.800000 87.000000 12.884040 41.000000 0.961122 -0.649624
557.350070 261.547150 53.073093 19.400000 39.000000 20.700000 86.900000 12.324040 39.900000 0.887080 -0.607860
531.070430 313.551500 40.958584 21.600000 39.400000 29.100000 75.900000 10.934310 41.800000 0.779007 -0.465048
555.492310 368.509370 33.660761 24.200000 45.900000 38.400000 57.500000 10.465420 47.900000 0.612198 -0.358287
508.488250 252.293000 50.383711 21.100000 43.700000 21.100000 80.200000 10.609650 44.200000 0.677442 -0.461311
515.995050 276.310230 46.450992 20.300000 39.300000 19.900000 86.500000 10.111350 41.000000 0.676741 -0.478666
517.787280 295.915390 42.850008 22.800000 40.900000 26.000000 76.300000 12.086180 44.000000 0.816848 -0.513790
536.187820 306.656670 42.807975 21.700000 42.000000 26.800000 75.500000 10.268500 43.700000 0.671088 -0.428088
501.887980 233.240550 53.527369 20.300000 40.300000 18.500000 86.900000 11.932490 41.300000 0.845981 -0.572987
497.329910 333.915740 32.858303 25.100000 35.300000 33.800000 71.800000 13.609950 43.000000 0.960233 -0.567672
511.453580 274.669590 46.296282 21.800000 39.000000 25.100000 80.100000 11.019490 42.400000 0.810869 -0.501497
528.248840 274.458280 48.043752 21.900000 39.100000 23.500000 81.500000 12.643040 42.500000 0.927969 -0.597898
506.800300 322.763860 36.313404 23.300000 34.500000 29.300000 78.900000 13.594510 40.600000 1.043628 -0.622167
514.298550 233.366040 54.624402 19.700000 36.400000 17.100000 92.800000 12.082920 39.000000 0.940512 -0.660596
506.465410 359.839470 28.950830 25.700000 44.100000 36.900000 59.300000 10.142650 48.000000 0.562175 -0.330824
617.152710 312.387390 49.382481 20.000000 49.400000 29.300000 67.300000 11.731340 46.000000 0.689662 -0.445452
573.304280 383.096590 33.177441 24.700000 43.100000 41.300000 56.900000 10.808010 47.700000 0.635782 -0.386558
644.675160 246.923390 61.698014 16.900000 44.200000 19.300000 85.600000 13.430020 40.600000 0.818839 -0.634272
524.295210 345.803240 34.044173 22.700000 41.200000 29.400000 72.700000 11.226260 43.100000 0.709113 -0.431993
497.045510 254.635650 48.770154 21.000000 37.900000 21.100000 86.000000 11.856160 40.600000 0.897866 -0.570336
537.620790 315.869360 41.246811 24.100000 40.100000 32.100000 69.700000 12.830730 45.700000 0.875278 -0.535690
580.764820 276.808270 52.337287 20.100000 45.600000 23.400000 76.900000 11.894950 44.500000 0.733967 -0.506983
538.207130 392.715640 27.032620 24.500000 46.100000 38.600000 56.800000 9.370300 47.500000 0.500367 -0.297744
523.191220 350.793950 32.951102 26.100000 38.900000 39.200000 61.800000 12.373150 47.000000 0.772646 -0.465850
527.522120 317.477390 39.817236 23.400000 39.200000 29.400000 74.000000 11.710740 44.000000 0.811907 -0.500969
491.025120 305.911850 37.699348 23.700000 37.800000 26.100000 78.400000 10.802610 43.300000 0.743768 -0.468802
490.598740 337.227060 31.262143 26.800000 39.400000 35.700000 64.200000 10.833310 47.800000 0.640501 -0.392962
493.932230 353.804590 28.369811 24.400000 31.400000 36.700000 73.500000 13.537530 39.600000 1.039248 -0.593499
549.837700 327.576200 40.423110 22.500000 41.400000 28.200000 73.900000 12.610370 43.700000 0.828847 -0.524093
492.902610 296.838610 39.777432 23.200000 36.900000 26.200000 79.700000 11.703420 42.200000 0.853167 -0.524380
493.743340 266.369760 46.050966 22.100000 42.800000 22.400000 78.700000 9.814980 44.600000 0.626618 -0.418372
578.412460 239.121200 58.659051 18.800000 44.100000 19.000000 84.100000 11.250900 43.100000 0.688651 -0.531761
516.061350 245.145320 52.496865 19.300000 40.700000 18.000000 88.000000 11.730350 40.200000 0.780157 -0.548079
503.377320 346.181770 31.228175 26.600000 40.500000 36.500000 62.400000 10.666020 48.200000 0.616544 -0.380021
493.669980 325.417350 34.082006 24.400000 40.900000 30.700000 70.000000 11.097640 45.000000 0.709359 -0.419055
519.944350 360.769900 30.613747 25.400000 39.800000 36.000000 64.800000 9.400220 46.600000 0.561352 -0.346233
561.565460 271.326060 51.683984 19.300000 39.400000 21.600000 85.700000 12.695610 39.700000 0.910774 -0.607393
515.766920 331.133070 35.797924 22.400000 47.300000 28.400000 67.900000 10.351760 45.700000 0.587605 -0.355637
567.008480 308.691850 45.557807 20.500000 36.800000 24.900000 83.800000 11.894170 40.000000 0.888662 -0.587838
489.577440 243.174950 50.329625 19.600000 37.100000 17.100000 92.200000 10.043020 39.100000 0.732615 -0.519681
512.788500 259.073650 49.477484 19.400000 39.500000 17.100000 90.000000 12.407050 39.400000 0.824293 -0.589902
535.786450 361.787800 32.475373 25.300000 42.600000 39.700000 58.400000 10.789930 47.700000 0.651647 -0.380855
536.467150 327.603070 38.933247 24.100000 41.000000 32.900000 68.000000 11.937440 45.900000 0.780038 -0.476223
503.717750 232.140080 53.914652 19.000000 37.400000 15.300000 94.300000 11.955560 38.400000 0.853974 -0.631088
512.302110 322.082460 37.130366 23.400000 34.000000 30.300000 78.300000 13.032330 40.900000 1.014646 -0.607194
492.099090 265.237450 46.100805 22.700000 40.900000 24.000000 78.400000 10.429250 44.500000 0.710478 -0.456008
541.534820 281.540200 48.010693 20.400000 43.000000 24.400000 78.200000 11.998770 42.300000 0.800518 -0.504475
502.717270 340.441060 32.279816 24.400000 42.200000 33.400000 66.000000 10.590230 45.500000 0.656800 -0.378550
572.391730 296.116870 48.266746 19.700000 46.600000 22.800000 77.000000 12.035880 43.600000 0.696502 -0.483168
500.871900 274.806110 45.134453 22.800000 46.400000 26.800000 70.000000 9.766210 47.400000 0.589674 -0.368841
554.550890 274.662960 50.471099 20.600000 37.800000 21.000000 86.600000 13.496760 40.500000 1.015061 -0.691078
510.724920 289.025840 43.408706 22.000000 38.100000 23.600000 82.300000 11.048810 41.900000 0.791295 -0.511903
512.953560 312.246370 39.127751 22.100000 45.100000 28.400000 70.400000 9.466240 45.100000 0.575659 -0.348328
520.151220 326.170640 37.293113 23.100000 42.500000 28.200000 72.200000 9.267640 45.500000 0.562814 -0.361887
564.174570 260.927930 53.750498 18.600000 40.200000 20.900000 86.300000 13.037370 39.300000 0.905548 -0.610509
519.474270 362.135470 30.288083 25.800000 37.500000 39.100000 63.600000 12.721500 45.100000 0.811126 -0.482263
595.797940 233.662040 60.781664 18.300000 43.400000 18.400000 85.900000 12.664020 41.900000 0.806308 -0.611984
481.092720 219.110260 54.455711 19.800000 36.400000 15.100000 94.700000 11.752240 38.800000 0.894379 -0.652003
520.543220 258.893120 50.264818 20.800000 41.200000 21.200000 82.800000 11.459310 42.400000 0.782752 -0.523977
535.880040 260.713060 51.348615 19.100000 39.100000 19.100000 88.700000 12.245570 39.200000 0.850503 -0.587961
556.202660 305.385450 45.094572 21.500000 41.700000 27.600000 75.200000 11.102380 43.600000 0.752136 -0.476531
568.091940 329.867120 41.934202 22.800000 46.300000 35.300000 61.600000 10.263030 47.700000 0.648385 -0.382099
490.269690 388.071960 20.845207 27.500000 38.500000 42.000000 58.000000 10.688300 46.200000 0.594141 -0.346980
599.242370 334.990030 44.097740 21.000000 45.300000 29.300000 70.400000 11.861490 44.600000 0.726541 -0.472128
514.956450 350.083100 32.016950 22.100000 42.300000 27.700000 74.000000 10.369370 42.700000 0.620504 -0.382329
547.285170 249.720410 54.371062 19.900000 38.500000 20.900000 86.700000 13.092430 40.200000 1.009509 -0.658187
525.360260 343.243270 34.665163 24.300000 45.600000 33.800000 62.300000 10.484200 47.800000 0.600607 -0.361005
493.856030 269.343000 45.461231 21.200000 35.900000 20.500000 88.400000 11.019800 39.900000 0.839059 -0.554936
488.393050 225.215640 53.886395 19.700000 36.800000 16.000000 93.500000 12.670790 38.600000 0.976962 -0.676014
513.104180 242.367880 52.764392 19.200000 36.500000 16.900000 93.400000 11.623960 38.200000 0.862500 -0.614915
541.398330 309.724370 42.791776 22.300000 41.500000 29.400000 72.800000 11.707050 43.900000 0.806185 -0.487204
501.692890 222.384800 55.673121 19.400000 37.600000 16.000000 93.000000 12.268290 39.000000 0.911708 -0.648508
502.675530 211.943260 57.836965 18.900000 37.600000 15.200000 94.300000 11.399680 38.900000 0.829448 -0.618849
575.386750 287.977500 49.950620 18.900000 40.600000 20.200000 86.300000 13.258960 39.700000 0.866560 -0.615515
547.901540 232.133400 57.632278 19.000000 38.100000 20.100000 88.800000 11.713740 39.500000 0.899954 -0.599586
540.468680 389.035800 28.018808 24.900000 42.200000 39.100000 59.800000 10.546990 46.100000 0.607733 -0.364441
612.918750 222.971120 63.621423 17.100000 39.700000 15.200000 94.000000 13.134630 39.000000 0.870062 -0.735502
560.262550 263.726180 52.928108 20.900000 46.500000 24.100000 74.500000 10.795250 46.300000 0.656086 -0.449901
553.702120 312.769030 43.513124 21.900000 43.700000 26.300000 74.100000 11.753080 44.600000 0.734997 -0.481450
511.884130 287.695180 43.796816 22.600000 35.600000 25.500000 82.300000 13.587820 41.200000 1.075876 -0.662635
578.645090 380.520590 34.239382 25.100000 44.200000 44.700000 52.000000 10.805080 49.300000 0.638969 -0.377402
557.410090 391.707240 29.727279 25.400000 42.700000 43.800000 54.100000 9.212370 48.400000 0.525621 -0.314117
588.756940 320.469360 45.568479 20.100000 42.600000 29.100000 74.200000 10.904630 42.400000 0.718629 -0.458501
501.699430 290.676440 42.061636 23.800000 41.700000 28.800000 71.600000 10.337110 46.200000 0.680730 -0.418871
509.237490 274.846560 46.027823 20.800000 35.200000 21.500000 88.500000 11.921890 38.900000 0.941095 -0.607680
488.089300 377.541920 22.649007 27.700000 32.600000 44.700000 61.000000 12.820810 44.000000 0.809612 -0.472920
552.574970 287.649390 47.943826 19.000000 39.400000 21.400000 86.200000 11.322410 39.300000 0.759342 -0.524449
592.111050 388.326910 34.416541 24.800000 43.900000 43.100000 54.200000 10.846560 49.000000 0.618184 -0.385671
662.090230 353.380960 46.626465 20.800000 50.900000 36.400000 57.900000 11.643420 48.200000 0.688159 -0.423084
537.668170 249.288210 53.635304 19.700000 40.500000 20.200000 85.600000 10.822180 41.500000 0.748211 -0.519541
602.284850 316.394040 47.467707 20.000000 45.400000 29.900000 70.700000 11.237110 43.800000 0.715979 -0.450903
699.809270 287.673290 58.892615 17.500000 49.500000 25.400000 73.600000 13.345740 44.200000 0.752302 -0.556961
578.923690 348.891130 39.734522 23.600000 46.000000 34.800000 61.600000 11.730290 48.200000 0.687240 -0.430895
526.346190 330.213090 37.263137 21.800000 43.900000 26.900000 73.400000 10.456770 43.700000 0.627491 -0.394457
570.202840 309.761900 45.675139 21.300000 38.900000 28.500000 77.300000 12.182780 41.900000 0.905118 -0.563145
481.593630 292.411010 39.282625 24.300000 45.300000 29.800000 66.600000 10.622230 47.600000 0.636049 -0.376065
612.276040 362.704660 40.761252 21.900000 47.500000 38.800000 57.800000 10.487230 47.200000 0.647690 -0.378054
487.083970 250.467500 48.578168 23.100000 42.500000 26.200000 74.200000 11.840000 45.700000 0.811613 -0.488960
490.724820 234.788530 52.154747 21.400000 41.000000 20.400000 83.200000 11.008050 43.200000 0.771338 -0.512589
519.548980 292.146340 43.769240 21.400000 35.200000 24.800000 84.600000 12.472500 39.500000 0.999100 -0.616275
630.425990 289.796300 54.031670 18.700000 46.400000 27.800000 73.100000 12.038400 43.300000 0.768147 -0.496675
616.956540 326.716110 47.043902 20.500000 47.900000 28.700000 68.900000 10.237120 46.600000 0.573347 -0.399461
558.320430 326.610700 41.501209 20.000000 44.900000 23.600000 77.500000 11.552020 42.500000 0.656240 -0.450986
504.297380 346.805190 31.230023 24.900000 42.300000 34.300000 64.500000 10.046000 46.400000 0.603315 -0.353701
585.646970 352.262640 39.850685 21.600000 48.000000 31.000000 65.400000 11.149230 46.200000 0.626039 -0.402729
526.090120 230.247230 56.234261 19.500000 41.200000 18.800000 86.500000 11.923850 41.300000 0.828225 -0.568531
523.932340 390.845320 25.401566 27.100000 36.100000 45.700000 57.100000 11.637010 46.000000 0.701356 -0.419478
498.635340 392.092460 21.366893 27.100000 34.900000 43.200000 60.800000 10.164630 44.400000 0.608937 -0.360279
547.048030 383.130060 29.964091 23.800000 44.600000 39.300000 58.300000 10.761070 45.800000 0.641600 -0.362644
541.195250 328.351830 39.328398 21.800000 44.500000 28.300000 71.400000 11.405730 44.100000 0.702298 -0.432110
643.344000 267.059560 58.488840 17.500000 42.100000 20.600000 85.800000 12.910600 40.300000 0.827922 -0.631428
513.190750 335.591890 34.606793 24.300000 39.700000 33.800000 68.200000 11.863210 44.500000 0.788770 -0.457892
583.248130 353.042120 39.469652 22.700000 45.100000 37.500000 60.700000 11.343190 46.400000 0.727354 -0.421174
600.983510 249.837580 58.428547 18.000000 42.600000 17.900000 87.500000 13.071160 40.700000 0.812035 -0.633028
604.087930 314.276950 47.974966 20.500000 47.700000 27.200000 70.600000 11.662600 45.700000 0.678755 -0.459123
501.110320 268.239250 46.471019 21.200000 44.700000 21.300000 78.800000 11.159040 43.900000 0.685693 -0.455004
506.213370 350.066520 30.846054 25.500000 41.900000 34.100000 64.500000 10.218040 47.000000 0.599509 -0.363891
515.702460 237.551940 53.936241 19.000000 37.700000 15.900000 93.400000 10.936860 39.000000 0.772084 -0.583388
584.941130 378.425170 35.305426 23.600000 43.600000 37.800000 61.000000 9.629410 47.500000 0.556437 -0.355540
610.325070 338.706690 44.503887 21.300000 45.500000 30.300000 68.900000 11.736220 45.500000 0.711722 -0.469013
504.262550 249.523700 50.517107 20.300000 37.400000 18.600000 89.700000 11.822110 39.700000 0.890809 -0.602202
511.263920 274.690050 46.272358 21.500000 42.500000 23.000000 79.000000 10.243530 43.900000 0.661983 -0.438784
500.372390 261.522070 47.734512 20.400000 40.800000 19.500000 85.300000 11.469650 41.100000 0.760869 -0.513101
493.244530 270.704540 45.117579 21.800000 45.000000 22.500000 76.700000 9.646530 45.100000 0.582389 -0.387423
502.471770 325.953700 35.129948 24.300000 42.300000 31.300000 68.100000 8.946670 46.800000 0.536841 -0.330170
562.210560 277.062540 50.719079 19.400000 39.300000 20.500000 86.800000 12.352130 40.000000 0.863160 -0.600355
578.049960 273.816920 52.630925 19.400000 47.100000 21.700000 77.800000 11.508790 44.300000 0.656067 -0.477802
561.242370 355.453450 36.666676 23.700000 43.500000 41.000000 57.800000 10.830340 46.800000 0.707255 -0.396258
572.971460 274.536710 52.085448 18.500000 39.600000 19.100000 88.800000 13.301440 38.900000 0.898809 -0.643566
518.803650 306.066020 41.005423 22.600000 35.200000 28.400000 79.800000 12.810120 40.800000 1.016608 -0.608356
534.565530 419.663720 21.494429 27.700000 40.100000 52.900000 45.300000 9.896780 48.500000 0.513915 -0.304411
500.505480 257.868690 48.478348 20.300000 38.400000 18.600000 88.800000 10.309160 40.400000 0.723573 -0.507601
515.419030 271.194070 47.383769 20.600000 41.100000 20.600000 83.700000 10.981820 41.900000 0.723744 -0.494439
720.323590 352.815090 51.019917 18.700000 53.800000 36.000000 57.500000 12.437440 47.400000 0.700332 -0.444049
550.809200 248.644830 54.858265 19.100000 45.000000 18.300000 83.600000 11.872270 42.700000 0.708989 -0.528126
523.759360 311.749170 40.478549 23.500000 45.000000 30.700000 66.800000 10.494880 47.300000 0.633466 -0.388743
572.653930 262.992750 54.074750 19.100000 39.500000 19.200000 88.200000 12.258550 40.200000 0.855228 -0.616648
627.773690 348.615130 44.468025 20.400000 42.400000 33.200000 70.000000 10.670170 43.300000 0.704680 -0.451796
500.258900 373.375440 25.363559 26.000000 31.100000 42.900000 66.000000 13.687480 41.300000 0.972385 -0.567125
500.419580 314.767970 37.099190 23.000000 34.900000 27.800000 80.300000 12.064710 40.800000 0.913787 -0.551373
567.102870 288.026700 49.210855 19.500000 40.000000 20.500000 86.100000 12.458230 40.300000 0.834435 -0.591253
579.049590 237.342220 59.011763 18.300000 40.500000 17.400000 89.800000 12.257040 40.200000 0.825528 -0.629893
672.836550 383.199940 43.047098 20.200000 51.000000 38.900000 55.900000 11.689870 46.700000 0.669432 -0.409927
560.915130 364.720220 34.977646 23.000000 44.100000 35.200000 63.700000 8.546620 46.600000 0.500541 -0.311830
494.118750 335.921600 32.016018 22.700000 34.900000 29.300000 79.100000 11.342030 39.700000 0.829016 -0.486507
542.915120 229.060710 57.809112 19.300000 40.800000 17.000000 88.900000 12.308500 41.200000 0.840257 -0.621979
500.265070 404.765280 19.089838 27.700000 28.700000 53.300000 56.300000 14.351510 41.600000 0.947159 -0.553570
490.666100 295.221070 39.832593 24.000000 42.300000 27.800000 71.900000 10.185440 46.200000 0.646057 -0.399826
497.317960 244.399390 50.856512 20.400000 41.100000 17.800000 86.700000 10.972490 41.800000 0.720899 -0.516752
532.994310 342.242060 35.788797 22.800000 36.100000 30.900000 76.200000 12.241880 41.100000 0.891405 -0.540321
529.859440 333.913190 36.980798 23.400000 39.400000 30.100000 73.100000 11.817450 43.600000 0.795758 -0.489562
498.078490 241.092600 51.595460 20.600000 38.400000 17.500000 89.500000 10.261630 41.200000 0.720999 -0.529607
620.238030 262.477530 57.681162 19.100000 43.000000 22.800000 81.100000 12.629640 42.600000 0.856247 -0.597125
502.842460 239.745100 52.322025 20.800000 41.800000 19.800000 83.600000 10.253110 43.200000 0.682276 -0.474333
619.437450 276.723530 55.326639 18.300000 40.600000 25.900000 81.200000 11.854540 40.100000 0.848522 -0.565574
563.216190 378.466590 32.802608 23.500000 44.400000 38.300000 59.800000 8.543390 47.000000 0.500381 -0.300756
548.970730 329.957190 39.895304 23.000000 38.100000 33.300000 71.600000 12.320290 43.100000 0.907345 -0.537235
538.453120 313.016270 41.867498 23.000000 40.000000 29.300000 73.700000 11.420020 44.500000 0.781338 -0.489672
513.554720 246.132610 52.072759 19.400000 37.700000 20.000000 88.900000 12.323650 38.600000 0.940377 -0.599922
609.905740 303.602170 50.221460 18.500000 41.700000 30.100000 75.700000 12.770690 39.700000 0.908375 -0.552526
652.850340 344.143780 47.285961 18.700000 44.600000 34.600000 68.100000 12.527440 41.500000 0.823504 -0.505080
599.692860 423.383990 29.399861 25.400000 41.700000 55.300000 43.600000 10.794380 48.200000 0.639702 -0.374100
580.288310 306.684260 47.149675 20.000000 41.900000 26.700000 77.400000 11.357870 41.900000 0.761098 -0.493389
503.650070 348.153180 30.873994 24.600000 39.400000 34.300000 67.700000 11.579830 44.100000 0.754311 -0.433780
500.514450 368.993770 26.277099 25.700000 42.400000 38.300000 59.600000 9.974270 46.700000 0.573618 -0.326772
552.625960 378.469770 31.514298 24.200000 46.500000 38.600000 56.700000 8.565960 48.800000 0.462409 -0.280930
571.541740 279.154750 51.157592 20.000000 37.200000 25.500000 83.300000 12.998360 39.700000 1.051240 -0.654735
499.781650 370.079330 25.951797 27.500000 37.500000 43.500000 57.500000 11.688490 46.900000 0.695199 -0.404562
544.533600 380.063960 30.203763 24.800000 38.900000 39.200000 63.100000 11.714580 44.700000 0.738759 -0.443953
579.060410 326.167530 43.672970 20.800000 47.700000 26.300000 71.200000 10.905380 45.600000 0.603893 -0.415490
495.909770 262.064830 47.154735 21.600000 41.000000 22.600000 80.800000 11.724430 42.600000 0.817005 -0.513003
544.253970 270.163080 50.360843 19.800000 44.000000 22.200000 80.000000 10.604460 42.900000 0.662323 -0.453554
526.050040 363.555830 30.889497 24.600000 36.700000 37.200000 67.500000 11.793660 43.300000 0.798870 -0.471367
489.613500 294.215480 39.908626 21.800000 44.700000 23.000000 76.500000 10.647380 43.900000 0.637308 -0.404676
508.716710 302.350450 40.566047 22.600000 41.600000 26.700000 75.100000 11.290990 43.700000 0.749482 -0.457652
485.817670 285.913770 41.147927 21.800000 37.600000 21.300000 85.300000 9.513610 41.400000 0.658826 -0.441917
506.766930 239.969820 52.646906 19.200000 37.500000 17.400000 91.900000 11.027240 38.800000 0.799869 -0.563306
580.930590 419.098380 27.857409 26.100000 42.800000 53.200000 43.900000 10.816910 49.100000 0.598533 -0.355535
529.037570 245.655490 53.565587 19.500000 44.400000 18.200000 83.900000 11.338540 42.700000 0.685962 -0.506279
557.479970 298.342330 46.483758 21.000000 43.500000 27.500000 74.000000 11.824830 43.500000 0.789153 -0.487455
543.848980 445.465950 18.090138 25.800000 35.700000 87.300000 17.800000 10.387330 44.600000 0.541948 -0.321567
554.853730 324.338500 41.545225 22.300000 43.700000 31.200000 68.800000 9.651870 45.800000 0.610707 -0.380498
570.880460 314.122660 44.975756 20.200000 47.200000 27.500000 71.100000 11.570690 44.100000 0.688495 -0.434179
542.772850 299.507380 44.819020 20.700000 38.500000 23.300000 83.500000 12.414580 40.400000 0.885858 -0.577751
569.156390 268.294520 52.861019 18.600000 40.400000 20.200000 86.800000 12.060770 39.700000 0.804802 -0.571258
493.825560 355.852200 27.939696 27.100000 40.200000 40.300000 58.400000 11.402400 47.800000 0.651175 -0.380758
578.666390 340.807730 41.104627 21.900000 43.000000 33.600000 67.500000 11.094440 44.500000 0.734094 -0.440703
651.036960 393.348610 39.581217 22.000000 48.700000 44.800000 50.500000 10.265910 48.500000 0.627010 -0.359122
554.917720 315.573220 43.131529 22.100000 37.500000 31.400000 75.000000 12.790530 41.800000 0.997932 -0.589854
495.412310 275.613610 44.366822 22.300000 38.300000 24.600000 80.800000 12.194250 42.000000 0.905661 -0.550012
503.892780 401.908110 20.239359 27.000000 35.100000 47.000000 56.900000 10.319370 44.100000 0.620006 -0.356136
632.060360 244.444790 61.325721 17.600000 39.900000 20.500000 88.000000 13.306520 39.300000 0.970126 -0.688917
496.045310 296.215290 40.284630 23.800000 37.100000 29.400000 75.700000 12.061120 43.300000 0.890493 -0.528746
563.542970 344.985430 38.782764 21.800000 40.700000 34.600000 68.900000 11.751630 42.400000 0.826381 -0.476328
544.949240 316.133230 41.988500 23.500000 45.500000 32.500000 64.500000 10.893580 47.900000 0.669713 -0.407965
521.143620 375.668170 27.914656 25.800000 37.300000 42.700000 60.200000 11.527030 44.900000 0.742088 -0.428347
567.489490 367.518840 35.237772 24.900000 43.200000 39.700000 58.200000 12.045150 48.000000 0.718643 -0.438236
568.776850 291.072670 48.824804 20.800000 47.100000 30.400000 67.700000 10.933270 45.700000 0.706080 -0.421991
501.858110 304.307180 39.363901 22.200000 41.400000 26.100000 76.400000 10.621290 43.000000 0.696595 -0.425189
514.098290 325.343270 36.715746 24.300000 35.500000 31.400000 74.800000 12.902990 42.900000 0.944561 -0.575288
517.582190 336.633120 34.960451 24.600000 45.800000 34.000000 61.600000 10.746490 48.100000 0.619723 -0.367433
503.671260 282.107430 43.989770 22.900000 39.400000 26.500000 77.200000 11.005400 43.900000 0.782439 -0.483808
538.373010 307.329930 42.915056 21.400000 40.300000 25.800000 78.400000 10.174680 42.700000 0.682656 -0.444752
558.724250 372.246030 33.375716 24.300000 39.100000 36.700000 65.900000 10.949680 45.100000 0.699236 -0.436896
597.740870 289.893260 51.501851 21.000000 48.300000 27.800000 68.900000 11.122400 47.700000 0.656271 -0.437413
595.429260 357.386360 39.978368 22.800000 43.000000 38.700000 61.500000 11.136870 46.100000 0.743094 -0.437430
540.417000 286.462660 46.992293 20.900000 35.500000 22.900000 86.700000 12.676480 39.500000 1.011728 -0.656093
596.367000 333.177390 44.132155 22.200000 44.100000 35.100000 64.600000 11.241110 46.200000 0.752944 -0.451402
509.308220 310.922000 38.952095 23.200000 36.100000 27.700000 79.000000 12.489090 41.800000 0.930774 -0.569534
497.010880 262.105870 47.263555 20.700000 39.200000 19.900000 86.200000 12.038810 40.500000 0.848485 -0.554756
546.376020 306.411330 43.919331 20.200000 40.400000 22.200000 83.200000 10.285790 41.300000 0.654813 -0.462673
487.505770 298.055450 38.861144 22.700000 38.500000 24.300000 80.500000 9.729320 42.700000 0.661043 -0.423238
567.536180 273.083410 51.882643 18.800000 42.900000 20.200000 84.100000 12.221860 41.000000 0.755690 -0.542316
576.734920 329.613800 42.848302 20.800000 41.600000 30.800000 72.800000 10.959830 42.400000 0.743306 -0.457954
511.303660 348.892230 31.764183 24.500000 42.600000 33.900000 65.000000 10.908690 45.800000 0.660623 -0.386004
683.492260 381.746290 44.147679 21.300000 49.400000 40.300000 55.000000 11.270080 48.500000 0.658269 -0.412188
546.155730 407.574150 25.374005 25.800000 40.100000 48.600000 51.500000 10.804680 46.100000 0.639932 -0.366843
512.309510 312.253320 39.049869 23.700000 38.000000 29.500000 74.800000 12.594000 43.400000 0.892894 -0.539409
545.202970 353.173070 35.221727 23.100000 44.100000 33.500000 65.300000 10.806980 45.400000 0.658315 -0.391658
488.340020 242.120830 50.419622 20.800000 45.000000 20.700000 79.500000 11.130140 43.800000 0.706570 -0.458709
547.624280 324.706690 40.706301 21.700000 40.300000 29.500000 74.500000 10.561770 42.600000 0.724133 -0.446293
647.914330 336.591950 48.049930 19.800000 47.800000 30.600000 67.800000 11.387140 45.500000 0.664201 -0.446203
486.652010 239.295910 50.828127 20.900000 42.700000 19.600000 82.800000 9.987130 43.400000 0.648877 -0.447649
492.787430 354.506490 28.060971 26.300000 37.600000 38.100000 64.000000 11.908910 45.300000 0.734202 -0.430281
509.209840 287.599450 43.520445 22.600000 37.500000 25.800000 80.100000 12.449390 42.200000 0.931667 -0.572873
526.782050 341.223850 35.224852 23.300000 37.900000 31.700000 73.100000 12.503270 42.400000 0.870894 -0.518877
586.221670 346.227350 40.939176 21.700000 47.400000 30.900000 66.000000 11.315980 46.300000 0.648413 -0.416467
657.496000 297.560510 54.743373 19.000000 50.300000 27.800000 68.900000 11.969360 46.300000 0.682077 -0.470847
497.530450 249.434700 49.865440 20.700000 42.500000 19.100000 83.700000 10.157090 43.000000 0.645657 -0.458693
525.941250 343.042330 34.775542 24.400000 46.400000 34.500000 60.700000 10.020740 48.500000 0.562631 -0.337832
609.077330 303.448970 50.178909 19.900000 41.900000 24.500000 79.700000 13.449600 42.000000 0.904253 -0.614103
484.771220 240.919590 50.302415 20.100000 39.700000 17.800000 88.400000 12.023210 40.200000 0.843188 -0.564462
522.566780 349.528980 33.113050 24.500000 39.600000 34.100000 67.800000 12.191620 44.600000 0.794653 -0.471767
574.941530 338.495880 41.125165 23.000000 44.400000 33.300000 65.300000 11.170030 46.900000 0.689483 -0.430942
486.362780 201.128170 58.646472 19.000000 38.500000 14.400000 94.100000 11.014110 39.500000 0.768532 -0.597735
501.832030 372.465440 25.778863 26.300000 36.400000 40.900000 62.400000 10.340610 44.900000 0.644421 -0.375801
537.897840 376.131350 30.073831 24.600000 44.000000 36.400000 61.000000 8.427210 47.800000 0.461671 -0.288395
544.120700 231.452510 57.463021 19.500000 45.000000 20.100000 81.400000 11.674470 43.500000 0.742576 -0.512937
534.591690 288.313840 46.068402 21.000000 42.000000 22.700000 80.300000 11.635850 42.700000 0.761583 -0.507146
571.016870 257.993750 54.818542 19.500000 40.700000 20.700000 85.100000 12.069620 41.500000 0.846170 -0.588143
511.336370 306.758470 40.008478 22.600000 43.400000 28.000000 72.000000 10.106280 44.900000 0.639120 -0.389044
511.161310 326.634970 36.099434 24.900000 42.500000 31.900000 66.700000 9.424170 47.900000 0.558863 -0.351754
637.752600 302.317760 52.596389 19.600000 44.400000 29.100000 72.900000 12.015120 43.800000 0.804107 -0.519790
528.229150 273.336410 48.254198 21.300000 45.900000 25.800000 73.000000 9.946390 45.800000 0.615140 -0.393510
614.376160 226.976420 63.055790 17.700000 42.400000 19.700000 86.200000 12.646770 40.900000 0.845297 -0.620067
487.753820 234.798530 51.861263 19.000000 37.300000 14.400000 95.300000 12.254320 38.000000 0.854179 -0.634530
537.073920 332.243990 38.138126 22.800000 47.800000 29.700000 65.700000 9.572850 47.600000 0.530833 -0.337879
490.008780 281.892350 42.471980 21.500000 41.100000 21.600000 81.800000 10.875210 42.200000 0.712931 -0.461695
529.905860 299.106840 43.554721 23.500000 45.600000 30.500000 66.400000 10.549830 48.300000 0.636172 -0.396177
518.197570 268.854260 48.117422 21.900000 39.800000 23.400000 80.900000 11.493440 43.100000 0.820126 -0.532498
644.827410 284.518310 55.876828 18.000000 40.100000 23.100000 84.800000 12.710870 39.800000 0.884563 -0.637482
547.078210 277.403240 49.293678 19.700000 37.600000 20.000000 88.700000 12.074410 39.300000 0.870969 -0.607764
491.645750 323.436310 34.213545 24.900000 41.400000 32.200000 67.500000 10.824010 46.100000 0.675793 -0.398312
519.808430 289.519540 44.302646 21.400000 40.800000 22.800000 81.000000 10.837830 42.500000 0.717480 -0.477368
534.738230 353.338280 33.923131 23.600000 41.300000 33.400000 67.700000 10.376490 44.800000 0.653036 -0.393843
555.580860 256.514650 53.829466 19.700000 37.200000 18.900000 90.200000 13.509710 39.300000 1.037297 -0.721533
570.583390 422.985830 25.867833 26.900000 39.900000 56.800000 42.400000 11.636060 48.500000 0.641369 -0.386641
538.460760 255.391920 52.570003 20.100000 42.900000 19.800000 83.200000 11.163330 42.900000 0.711556 -0.510682
498.715400 321.009220 35.632784 23.600000 43.900000 29.100000 69.400000 10.552520 45.500000 0.644887 -0.384016
503.364930 412.631980 18.025282 28.100000 34.900000 49.700000 53.300000 10.195440 45.100000 0.572648 -0.336043
570.318560 300.041710 47.390506 21.100000 45.600000 28.700000 70.600000 10.475820 45.600000 0.660675 -0.418882
512.440320 399.680590 22.004461 27.800000 37.700000 49.300000 51.200000 10.688520 47.000000 0.610291 -0.347634
503.604670 276.573700 45.081188 22.300000 45.600000 26.100000 72.000000 9.883240 46.300000 0.606431 -0.380401
484.802130 433.055790 10.673703 30.700000 27.100000 67.500000 40.700000 13.239160 43.200000 0.740973 -0.414814
498.441680 310.324300 37.741101 22.900000 34.300000 29.800000 79.000000 12.980200 40.100000 1.037781 -0.597802
547.951190 345.542540 36.939175 22.600000 37.200000 34.400000 71.800000 11.628670 41.700000 0.859800 -0.503414
491.002570 367.622880 25.128115 26.400000 41.700000 36.400000 61.500000 7.935330 47.900000 0.423930 -0.258700
703.633350 250.647750 64.378074 16.200000 42.600000 21.200000 86.000000 13.680960 39.700000 0.893012 -0.695769
489.399220 275.434840 43.719804 23.900000 44.800000 28.600000 68.700000 10.988770 47.500000 0.685973 -0.413121
532.601530 264.048630 50.422856 20.600000 35.600000 20.700000 89.100000 13.541240 39.200000 1.098831 -0.721143
568.192390 314.603570 44.630802 22.200000 43.400000 28.800000 71.600000 11.793390 45.200000 0.769578 -0.489758
528.180560 297.222540 43.727096 23.000000 45.700000 29.200000 68.100000 11.348210 47.100000 0.696599 -0.428824
482.072980 322.947790 33.008527 25.900000 40.100000 33.000000 67.000000 10.840970 46.800000 0.661033 -0.399266
583.796090 275.722290 52.770789 20.100000 39.100000 23.500000 83.300000 13.319540 41.000000 1.006249 -0.661679
539.709000 289.062170 46.441106 19.800000 41.400000 24.100000 80.700000 12.177710 40.500000 0.817050 -0.516617
530.353740 308.631390 41.806503 21.000000 40.600000 26.000000 78.400000 11.430190 41.400000 0.773474 -0.479116
481.904360 428.270380 11.129590 32.300000 31.400000 63.500000 38.800000 11.117340 47.700000 0.555173 -0.302596
529.350490 417.165320 21.192985 27.200000 39.200000 49.800000 49.800000 8.867000 47.500000 0.472110 -0.281184
505.176060 371.138600 26.532821 24.100000 42.800000 34.000000 65.100000 9.987300 44.700000 0.583507 -0.336241
516.802340 280.304400 45.761778 21.700000 36.200000 23.700000 84.400000 12.805660 40.500000 1.011098 -0.631376
566.261710 337.609830 40.379188 21.900000 39.000000 34.300000 70.800000 11.105630 42.400000 0.813958 -0.478849
497.963290 199.412180 59.954442 18.900000 38.700000 15.700000 92.700000 11.788900 39.500000 0.865444 -0.623104
534.596320 347.931610 34.916946 22.300000 40.000000 28.700000 75.000000 10.301160 42.600000 0.655236 -0.417034
532.374770 284.963700 46.473102 22.000000 42.100000 27.800000 74.100000 11.099180 44.400000 0.766268 -0.468362
518.837020 290.905560 43.931225 21.200000 40.800000 22.400000 81.600000 10.481040 42.400000 0.686459 -0.461412
602.389820 347.281860 42.349315 22.400000 42.200000 33.200000 68.200000 12.385030 45.100000 0.815219 -0.517439
560.430240 310.923060 44.520649 21.600000 40.900000 27.300000 76.300000 11.430210 43.200000 0.780978 -0.500696
555.080540 314.846770 43.279083 21.700000 44.000000 27.900000 72.400000 11.505040 44.500000 0.730792 -0.461058
531.518580 304.568550 42.698419 20.100000 39.800000 23.400000 82.700000 11.118270 40.100000 0.741890 -0.482429
514.341070 256.955670 50.041775 21.200000 42.100000 21.200000 81.500000 10.366780 43.700000 0.681602 -0.468396
561.088820 263.909530 52.964750 19.300000 40.600000 20.200000 85.900000 12.679590 40.500000 0.869325 -0.604090
520.378640 298.526690 42.632793 22.500000 40.600000 25.300000 77.600000 11.279980 43.700000 0.758905 -0.487324
584.383950 314.925140 46.109892 21.600000 43.900000 33.800000 66.700000 11.462500 45.200000 0.794452 -0.464614
684.665670 342.288130 50.006529 19.900000 49.200000 36.400000 60.500000 11.470740 47.200000 0.710257 -0.438501
510.565980 231.452520 54.667461 19.700000 39.500000 18.000000 88.900000 12.374180 40.100000 0.896423 -0.606551
521.576520 237.424280 54.479492 19.100000 43.400000 17.300000 86.200000 12.010270 41.500000 0.755882 -0.546153
546.881430 288.832010 47.185625 21.000000 47.700000 25.000000 72.300000 10.838780 45.800000 0.632140 -0.418068
532.394840 338.646100 36.391927 23.800000 37.900000 31.800000 72.500000 11.043840 43.900000 0.752900 -0.466998
519.964520 307.894130 40.785550 22.100000 41.900000 27.000000 75.000000 11.545960 43.300000 0.761807 -0.464647
524.994220 295.096180 43.790585 21.800000 37.300000 24.500000 82.400000 12.379920 41.100000 0.921936 -0.585271
499.254370 324.908930 34.921165 24.500000 35.000000 32.200000 74.300000 12.453040 42.600000 0.912626 -0.541353
568.630980 319.444560 43.822167 21.800000 40.900000 27.400000 75.900000 11.786420 43.500000 0.792267 -0.516885
598.367700 328.308980 45.132570 20.500000 44.200000 30.200000 71.100000 12.285930 43.300000 0.799988 -0.497058
505.688400 242.926650 51.961198 19.900000 35.100000 17.000000 94.000000 12.495590 38.200000 0.999818 -0.692609
509.874960 330.588210 35.162886 22.000000 38.500000 25.500000 80.000000 9.629790 41.500000 0.631676 -0.406245
501.272910 230.529590 54.011161 19.000000 37.500000 16.900000 92.600000 11.930390 38.200000 0.883088 -0.604254
502.621570 304.160200 39.485247 22.800000 45.100000 26.100000 72.000000 10.786520 45.500000 0.647170 -0.402728
595.596660 303.715040 49.006591 21.600000 47.000000 30.200000 67.200000 11.615320 47.400000 0.714691 -0.457442
560.614530 264.359140 52.844758 19.900000 47.100000 22.600000 76.400000 10.792290 45.100000 0.633561 -0.444198
520.253970 344.598130 33.763479 24.400000 39.300000 35.800000 66.500000 10.921710 44.800000 0.728773 -0.423374
512.401370 204.592270 60.071873 18.800000 37.600000 15.200000 94.400000 12.800190 38.700000 0.976957 -0.705125
591.122480 366.343190 38.025840 21.300000 48.300000 31.300000 65.100000 11.211610 45.800000 0.609482 -0.396695
555.943220 320.555390 42.340265 22.100000 35.600000 28.900000 79.400000 13.842200 40.700000 1.092888 -0.674720
675.586660 270.463870 59.966073 17.100000 42.700000 23.200000 83.000000 13.952850 39.900000 0.922377 -0.668325
522.274950 310.235740 40.599154 22.400000 40.100000 27.000000 76.500000 12.399750 42.700000 0.854748 -0.521962
481.267860 344.364780 28.446338 25.400000 36.900000 31.700000 72.000000 10.416140 43.900000 0.666399 -0.402915
506.050380 317.939870 37.172289 24.100000 42.100000 29.000000 70.800000 8.980270 46.800000 0.542647 -0.349099
503.595960 297.646630 40.895747 21.400000 37.600000 23.800000 83.200000 9.783860 40.900000 0.688469 -0.443791
500.459300 434.911340 13.097561 30.400000 33.900000 62.600000 39.100000 9.913630 47.100000 0.513785 -0.284736
634.686090 253.546140 60.051726 18.800000 44.200000 21.800000 81.200000 12.762680 43.300000 0.836087 -0.606704
479.441970 268.088830 44.083154 22.300000 39.100000 22.300000 82.300000 11.590330 42.200000 0.824036 -0.516895
497.293690 303.184020 39.033206 22.600000 34.100000 26.700000 82.600000 11.705410 40.100000 0.925460 -0.559192
670.012550 423.548620 36.784972 21.700000 49.700000 49.700000 44.900000 11.590970 47.500000 0.683313 -0.391455
538.676380 320.959920 40.416931 23.200000 40.000000 29.600000 73.200000 12.805580 43.900000 0.881827 -0.542951
489.291480 317.234210 35.164575 24.000000 35.700000 29.600000 76.700000 12.420580 42.000000 0.907031 -0.536403
500.489870 341.521610 31.762533 26.000000 42.200000 35.000000 62.800000 11.315920 47.700000 0.657394 -0.395814
547.418500 321.437180 41.281272 23.500000 39.800000 30.100000 72.600000 12.890450 44.500000 0.891553 -0.556829
493.849910 242.834600 50.828259 20.000000 36.000000 18.300000 91.700000 12.686020 38.300000 1.006828 -0.653138
545.779130 276.659370 49.309280 20.900000 43.400000 23.600000 78.100000 10.878420 44.100000 0.698732 -0.471665
511.209830 318.465950 37.703477 23.500000 40.300000 29.500000 72.700000 10.225010 44.600000 0.672826 -0.412381
539.441630 337.394320 37.454898 23.700000 37.400000 32.300000 72.600000 11.991820 43.500000 0.846965 -0.520958
517.803010 313.489950 39.457681 21.100000 38.800000 24.500000 81.600000 9.857690 40.900000 0.660893 -0.429039
550.717260 255.903200 53.532744 19.700000 44.700000 19.900000 81.700000 10.951740 43.600000 0.660016 -0.486854
481.233180 206.249980 57.141363 19.000000 35.800000 13.800000 97.400000 11.273570 38.000000 0.855424 -0.658288
630.898100 254.436730 59.670709 18.400000 46.200000 25.600000 75.800000 12.327830 43.400000 0.812325 -0.534627
579.543950 258.088980 55.466884 19.400000 40.900000 19.300000 86.400000 12.661250 41.500000 0.858277 -0.629781
527.404000 287.473640 45.492708 21.600000 42.200000 22.600000 79.600000 11.826940 43.400000 0.768110 -0.512473
540.913080 419.616420 22.424427 28.100000 37.700000 55.700000 44.500000 10.624330 48.300000 0.598130 -0.345883
494.335670 275.566900 44.255105 21.300000 41.500000 20.800000 82.400000 10.221920 42.600000 0.655450 -0.442677
705.518900 398.550470 43.509597 20.000000 51.900000 41.500000 52.600000 10.714380 48.100000 0.578160 -0.372064
547.838210 352.096640 35.729813 22.800000 46.300000 32.700000 64.200000 10.554620 46.200000 0.614533 -0.370192
563.787590 368.226400 34.687033 24.200000 43.800000 37.700000 60.300000 9.776250 47.700000 0.577172 -0.354022
535.726220 301.989590 43.629866 21.500000 45.700000 25.700000 73.100000 10.135840 45.400000 0.600684 -0.394510
588.043410 360.606380 38.676912 23.800000 43.000000 40.800000 58.400000 11.888640 47.200000 0.781484 -0.456595
621.418910 317.662280 48.881137 19.900000 49.900000 28.600000 67.600000 10.645070 46.800000 0.584418 -0.400407
485.199770 275.445110 43.230577 22.200000 38.200000 23.800000 81.800000 12.236420 41.500000 0.899260 -0.545052
503.511910 227.894980 54.738910 18.900000 39.200000 15.200000 92.700000 11.325420 39.400000 0.764409 -0.581233
563.077180 350.377820 37.774459 23.000000 43.600000 34.200000 65.200000 9.032510 46.700000 0.551528 -0.343616
506.329300 321.279640 36.547294 22.900000 36.700000 27.800000 78.600000 11.507910 41.500000 0.822940 -0.501616
527.092820 363.522170 31.032608 25.600000 37.200000 37.800000 65.400000 12.130080 45.000000 0.781967 -0.475606
623.251170 353.516400 43.278662 21.300000 46.900000 34.400000 63.400000 10.436540 46.700000 0.621732 -0.395808
484.969730 236.918250 51.147827 20.600000 36.500000 17.500000 91.400000 12.391480 39.400000 0.961372 -0.649254
515.755400 355.247300 31.120973 24.900000 38.200000 36.800000 66.100000 11.850460 44.300000 0.780294 -0.453359
588.460290 282.234590 52.038465 20.500000 46.400000 24.400000 74.700000 11.084420 45.900000 0.663866 -0.464897
495.356640 443.524200 10.463661 30.700000 30.000000 74.400000 30.900000 10.250360 45.300000 0.521082 -0.292040
496.370580 332.721120 32.969210 24.300000 41.800000 30.700000 69.200000 9.753020 45.500000 0.598356 -0.359605
658.124390 399.299470 39.327660 22.300000 49.000000 44.400000 50.300000 11.150930 48.700000 0.658078 -0.390595
613.158230 362.816980 40.828164 21.500000 46.600000 36.500000 61.400000 11.598660 45.600000 0.721395 -0.430176
526.595890 240.438260 54.341030 19.100000 37.400000 19.800000 89.700000 11.025390 38.900000 0.837733 -0.560434
543.161420 313.195100 42.338486 21.300000 41.100000 25.900000 77.700000 12.045390 42.200000 0.804186 -0.508948
563.516690 287.206520 49.033183 21.400000 43.200000 30.400000 71.000000 11.596660 44.700000 0.822002 -0.487411
510.055390 270.497740 46.966987 22.000000 40.000000 25.600000 78.400000 11.988550 42.900000 0.876145 -0.530804
492.395910 323.423350 34.316402 22.600000 37.600000 25.300000 80.500000 8.551380 42.000000 0.565681 -0.365556
498.898680 253.913820 49.105133 20.700000 35.500000 19.800000 90.000000 12.140210 39.100000 0.968145 -0.630874
573.070470 209.960020 63.362269 17.200000 40.100000 15.100000 93.600000 12.972370 38.800000 0.875040 -0.691181
483.476620 283.606610 41.340160 22.600000 37.200000 23.000000 83.200000 10.071820 42.100000 0.722135 -0.466565
489.060020 350.746400 28.281523 27.200000 37.400000 40.300000 61.100000 11.950410 46.700000 0.723503 -0.424974
551.592170 319.493690 42.077914 20.600000 39.800000 25.200000 80.400000 10.521030 41.200000 0.696354 -0.464034
561.860030 357.921060 36.297113 21.900000 45.600000 31.000000 67.500000 11.019120 44.800000 0.639565 -0.399360
540.333860 391.837460 27.482342 25.100000 42.100000 41.500000 57.300000 9.470700 46.600000 0.548492 -0.322072
503.319420 279.886580 44.391858 21.100000 41.800000 21.800000 81.300000 10.033540 42.700000 0.644750 -0.430789
506.637880 344.543640 31.994102 22.800000 42.800000 29.700000 70.700000 10.204910 43.700000 0.621601 -0.367654
535.314910 287.420890 46.308073 20.800000 40.400000 23.700000 81.100000 9.933760 42.500000 0.669001 -0.448517
570.202130 280.643860 50.781689 19.900000 41.600000 22.400000 82.100000 12.167890 41.800000 0.818780 -0.558309
548.211080 283.888830 48.215415 20.600000 43.600000 25.700000 76.100000 11.113840 43.300000 0.730780 -0.464861
492.957560 230.697520 53.201343 20.300000 41.400000 18.200000 86.100000 11.674350 41.700000 0.800860 -0.546708
522.983530 220.838530 57.773330 19.400000 39.700000 16.700000 90.200000 11.568200 40.800000 0.815285 -0.598455
492.434910 345.223830 29.894526 24.900000 40.800000 31.500000 68.800000 9.660730 45.400000 0.582408 -0.351737
573.910560 299.799750 47.761939 21.100000 41.100000 23.900000 79.900000 11.942650 43.200000 0.795201 -0.550824
504.803180 319.913250 36.626142 23.700000 34.600000 29.600000 78.100000 11.912950 41.700000 0.898812 -0.544756
564.314870 270.322870 52.097156 18.700000 43.800000 20.100000 83.400000 12.223180 41.300000 0.743011 -0.531489
681.642720 260.646350 61.762028 16.900000 43.400000 20.700000 85.000000 14.066010 40.400000 0.881511 -0.686756
580.128140 362.650340 37.487890 22.600000 48.900000 36.000000 58.500000 10.100740 48.100000 0.565465 -0.342935
498.993540 347.062720 30.447452 25.200000 33.100000 35.600000 72.100000 13.336870 42.000000 0.961208 -0.570841
695.936590 307.551290 55.807570 18.700000 51.000000 30.600000 65.700000 11.821700 47.000000 0.675795 -0.465447
556.105120 292.002080 47.491568 21.100000 43.800000 29.500000 71.700000 11.448480 44.000000 0.791204 -0.469013
530.178660 393.209190 25.834588 26.300000 39.200000 43.700000 56.800000 10.186170 46.500000 0.595374 -0.353538
558.287620 401.743960 28.039966 26.600000 39.600000 48.400000 51.400000 11.653160 48.000000 0.661672 -0.404119
586.831530 372.614210 36.504058 22.200000 49.200000 40.700000 53.900000 10.722890 47.100000 0.649390 -0.355587
518.075700 217.552510 58.007583 17.900000 39.000000 15.500000 93.600000 12.551210 38.000000 0.869457 -0.623900
537.848900 340.826320 36.631586 23.400000 41.600000 31.700000 69.300000 12.168680 44.500000 0.786663 -0.474803
513.684920 236.869910 53.888094 19.800000 38.800000 17.600000 89.800000 10.900760 40.500000 0.775920 -0.557208
681.930680 336.184090 50.701134 20.700000 48.800000 36.600000 59.900000 12.324770 48.000000 0.785888 -0.479819
545.226180 274.090040 49.729112 19.600000 38.700000 20.300000 87.400000 11.039900 40.100000 0.772681 -0.542859
555.275740 348.926310 37.161615 23.300000 40.200000 34.600000 67.900000 11.739890 44.200000 0.794612 -0.473966
506.095930 224.448720 55.650953 19.500000 36.800000 17.400000 92.300000 12.168580 38.800000 0.950915 -0.644285
548.098600 244.483430 55.394261 20.700000 44.100000 22.900000 78.300000 11.493330 44.800000 0.767159 -0.507020
494.633810 412.939720 16.516075 28.100000 36.000000 49.800000 52.100000 10.314670 45.100000 0.570466 -0.324770
539.722000 372.156890 31.046559 23.700000 40.500000 37.500000 64.300000 10.618200 44.000000 0.684035 -0.394907
549.476920 298.351200 45.702688 19.400000 41.200000 21.200000 84.200000 11.607750 40.300000 0.729086 -0.509196
490.517870 289.316990 41.018053 22.000000 40.500000 22.900000 80.600000 10.942910 42.400000 0.727036 -0.462259
692.787890 373.714190 46.056478 19.700000 53.000000 38.000000 55.300000 11.447660 47.800000 0.639225 -0.398920
516.899070 269.053890 47.948467 21.900000 37.900000 23.700000 82.500000 12.709050 41.800000 0.974063 -0.612675
521.155680 278.242720 46.610441 21.200000 38.600000 22.300000 83.900000 11.325460 41.400000 0.811704 -0.536448
619.454830 314.681470 49.200256 20.900000 47.600000 30.900000 66.600000 10.947340 47.200000 0.661472 -0.429075
516.247280 247.785860 52.002486 20.500000 39.000000 18.800000 87.700000 12.462840 40.900000 0.906175 -0.621677
510.503780 266.959520 47.706652 22.500000 39.200000 24.200000 80.100000 13.059390 43.100000 0.962270 -0.604425
593.042740 271.614700 54.199810 20.400000 41.900000 23.000000 80.700000 12.904080 43.300000 0.891365 -0.613739
547.406850 416.900830 23.840772 26.600000 41.800000 49.300000 48.300000 9.270530 48.400000 0.485764 -0.294139
505.113360 308.204380 38.983126 22.800000 38.300000 25.300000 79.600000 9.837270 42.900000 0.669516 -0.435045
555.036040 327.288870 41.032862 21.600000 37.000000 27.100000 80.300000 11.770580 40.900000 0.854480 -0.552075
637.214930 327.531660 48.599500 20.700000 49.900000 34.100000 61.300000 10.253210 48.500000 0.600998 -0.379435
520.329420 335.009920 35.615803 24.200000 36.900000 33.800000 71.100000 12.605100 43.300000 0.898109 -0.530350
592.945140 336.368250 43.271607 22.000000 45.300000 31.500000 67.200000 10.832810 46.500000 0.658068 -0.425643
680.714300 385.918310 43.306860 20.700000 49.900000 40.900000 54.500000 10.149450 48.200000 0.576863 -0.361640
574.753550 332.054330 42.226659 23.100000 40.700000 31.700000 70.500000 12.758940 45.000000 0.866663 -0.547957
492.389420 307.307800 37.588464 23.700000 38.200000 26.800000 77.300000 12.175360 43.000000 0.842585 -0.516842
504.612700 293.076730 41.920461 22.100000 44.700000 27.000000 72.200000 9.370240 45.300000 0.578574 -0.356587
593.568060 276.347910 53.442928 18.800000 39.100000 21.300000 86.800000 13.122630 39.300000 0.936982 -0.649996
658.661410 316.126950 52.004635 19.000000 48.700000 27.800000 70.500000 11.693150 45.400000 0.662151 -0.468296
615.652400 365.218420 40.677821 20.300000 50.800000 35.300000 59.600000 11.452910 45.700000 0.649671 -0.387420
486.436250 285.487250 41.310449 22.300000 36.900000 22.900000 83.900000 12.545040 40.800000 0.926900 -0.575722
511.576280 279.353330 45.393612 21.500000 36.000000 24.400000 84.100000 12.067960 40.200000 0.959673 -0.589795
579.722840 247.101950 57.375847 19.300000 41.800000 21.300000 83.600000 12.633150 41.900000 0.892238 -0.602180
587.679950 285.971390 51.338924 20.400000 43.800000 22.900000 78.900000 11.591490 44.200000 0.724039 -0.520738
500.904680 379.659200 24.205300 25.400000 43.900000 36.600000 60.100000 8.572890 47.000000 0.466959 -0.272038
584.868670 303.942540 48.032344 19.600000 45.600000 24.500000 76.300000 11.542210 43.300000 0.686786 -0.469857
633.453480 296.893160 53.131024 19.400000 50.400000 29.200000 67.000000 11.801890 46.300000 0.694652 -0.449501
594.135690 307.206830 48.293490 20.200000 46.300000 27.000000 72.500000 12.337330 44.200000 0.760148 -0.493738
493.148670 399.690550 18.951307 28.500000 31.800000 46.900000 58.800000 11.040160 44.400000 0.651409 -0.392774
523.116310 327.496600 37.395070 22.200000 46.300000 26.700000 70.800000 10.730170 45.300000 0.613211 -0.388256
527.959150 343.322560 34.971757 23.400000 44.500000 32.700000 65.400000 8.760120 46.800000 0.512805 -0.312913
493.107960 369.752340 25.015946 27.800000 38.100000 43.400000 56.700000 11.595540 47.300000 0.663499 -0.384843
512.206410 301.597400 41.117996 22.000000 38.600000 24.100000 81.300000 11.936810 41.600000 0.836593 -0.531398
487.838640 207.307830 57.504836 18.200000 37.100000 13.700000 97.000000 12.295250 37.400000 0.881733 -0.660689
534.420120 278.541610 47.879655 22.200000 39.800000 26.500000 77.500000 12.431240 43.500000 0.915936 -0.567987
511.010430 325.438460 36.314713 24.900000 40.400000 32.600000 68.100000 11.512730 46.300000 0.729306 -0.445555
595.748180 269.886400 54.697906 19.600000 43.100000 21.200000 82.100000 12.281990 43.000000 0.789578 -0.575625
524.879760 286.541040 45.408251 19.900000 40.400000 20.800000 84.900000 12.039980 40.200000 0.790678 -0.529755
528.970570 271.293980 48.712840 19.100000 38.900000 18.400000 89.600000 12.985490 38.600000 0.885579 -0.612880
536.852860 314.702110 41.380193 22.800000 44.200000 28.100000 70.900000 9.772350 46.400000 0.591576 -0.385251
491.256420 391.600970 20.285832 28.400000 31.500000 49.100000 57.000000 13.156810 44.200000 0.807214 -0.468504
501.223540 392.805310 21.630714 27.900000 37.800000 45.300000 55.000000 10.519990 46.900000 0.578935 -0.339980
580.947980 277.839980 52.174723 19.200000 41.000000 22.400000 83.400000 11.531950 41.000000 0.778230 -0.539495
546.044930 309.909690 43.244654 21.400000 40.300000 28.600000 75.700000 12.133470 42.000000 0.865843 -0.520889
531.111720 227.177020 57.226133 18.800000 41.200000 16.900000 89.100000 10.759730 41.000000 0.708323 -0.536234
527.582700 287.508760 45.504513 21.400000 38.000000 22.500000 84.100000 11.868940 41.300000 0.859638 -0.570219
487.199000 444.147110 8.836613 32.300000 27.400000 75.500000 30.800000 11.375780 45.400000 0.585139 -0.319760
540.438800 279.769590 48.232882 19.800000 42.700000 20.600000 82.900000 11.474900 41.800000 0.714814 -0.500947
612.231130 385.981060 36.955009 22.200000 48.200000 39.900000 55.700000 10.938250 47.000000 0.638854 -0.377817
530.874010 250.809860 52.755295 20.900000 42.200000 20.000000 82.900000 11.072470 43.700000 0.727953 -0.521008
486.256080 309.576320 36.334715 21.900000 36.300000 24.700000 83.100000 12.366540 39.500000 0.901005 -0.538353
549.434110 259.686930 52.735565 18.800000 38.500000 20.600000 88.100000 11.273890 39.000000 0.802892 -0.552910
600.951170 305.063000 49.236641 20.300000 43.700000 28.000000 74.000000 11.604570 43.700000 0.767759 -0.497541
567.629280 396.488860 30.150034 25.200000 39.900000 47.700000 53.200000 10.744990 46.500000 0.681319 -0.392946
486.677550 295.357700 39.311419 21.600000 37.400000 22.900000 84.100000 11.772340 40.000000 0.842841 -0.518837
487.902430 245.885110 49.603631 20.300000 40.600000 18.500000 86.600000 10.925240 41.100000 0.741751 -0.503314
494.847820 229.856340 53.550095 20.900000 38.200000 20.000000 86.900000 12.706620 40.900000 0.996908 -0.633971
551.833610 286.850780 48.018610 21.400000 44.800000 24.700000 75.100000 10.064390 45.800000 0.612073 -0.421587
616.020950 229.043200 62.818927 17.000000 40.900000 17.500000 90.600000 12.763800 39.300000 0.845804 -0.662157
536.342590 372.811240 30.490092 25.100000 42.000000 37.800000 61.100000 10.705550 46.800000 0.623834 -0.377703
523.946890 350.646780 33.075892 23.600000 38.200000 32.300000 71.900000 12.314930 42.600000 0.832769 -0.496162
560.091250 322.838770 42.359612 21.400000 36.600000 27.500000 80.500000 11.876370 40.700000 0.889001 -0.568728
540.056900 400.463610 25.847886 26.300000 37.900000 48.800000 53.000000 11.373400 45.900000 0.695045 -0.402034
522.488750 341.046070 34.726619 23.500000 34.500000 31.300000 76.700000 11.594710 41.400000 0.859090 -0.526795
497.367960 256.804130 48.367376 20.600000 34.700000 20.100000 90.600000 12.673530 38.300000 1.035191 -0.661190
548.046740 224.392490 59.055958 18.300000 38.800000 17.700000 91.200000 11.605050 39.200000 0.834605 -0.597707
