17.704390
9.697630
22.356760
15.791290
14.643850
16.936070
18.375560
16.571420
20.453130
18.873080
19.765050
16.315480
21.586620
19.012270
14.401360
15.043840
11.527760
18.429220
17.032030
21.156840
14.133260
18.222720
20.894560
19.241860
15.799540
14.030330
18.292700
23.464230
15.753110
12.889330
15.551560
18.210560
20.163280
16.591020
20.357520
11.761220
10.946950
16.658680
15.381280
15.271750
15.478100
17.106020
17.710890
21.129510
11.488840
20.999260
20.672350
13.082120
15.722850
18.037320
17.003310
18.164710
17.120700
12.848880
19.266310
13.694450
15.916200
14.395290
18.927080
14.835070
17.965790
19.683080
18.655640
14.535080
11.943660
13.511030
21.883230
17.828590
17.080390
18.319720
15.265610
10.414650
15.335810
14.381490
18.351070
17.107330
11.627440
22.082010
14.914030
15.384510
8.416380
19.539410
12.895800
15.268250
17.412100
14.908500
14.856150
17.928740
16.203290
17.000620
18.055750
19.436050
15.489620
13.531470
14.681830
12.694400
14.980250
13.132020
17.600370
19.637620
13.371120
18.951800
17.671830
19.860000
19.769370
23.207640
11.227890
18.287050
16.272240
15.729510
14.848430
19.121590
20.545240
15.739730
20.093730
12.188200
14.130980
12.175590
21.346880
15.482980
20.482830
14.517250
12.704100
12.837300
14.723100
20.969310
21.416060
19.041130
16.592570
11.454450
15.322240
16.810150
13.752270
18.034330
15.917620
22.341200
17.149210
17.307330
23.487890
13.313560
17.546790
17.150360
10.588810
16.566430
14.937920
15.255240
15.465650
11.738890
18.605250
18.075720
8.380600
14.254630
17.537610
16.432330
14.528870
20.323200
17.049340
14.009970
15.444870
13.330900
16.142430
17.645570
18.802740
15.286840
16.378190
13.508140
17.467750
14.770790
13.793760
17.549790
14.326600
13.701760
21.425070
22.263310
13.609290
18.355020
17.372790
18.080020
10.979130
14.476450
20.381590
13.836390
19.159030
19.844450
19.640090
16.808280
15.076590
13.693710
13.782740
14.858480
18.819940
14.473250
17.644860
15.015120
15.110870
15.316120
18.422400
12.096270
12.234410
13.827310
11.249270
16.530250
19.844100
11.884010
12.622300
12.530620
15.813860
16.543630
15.987110
17.760370
16.689250
19.833520
18.374680
18.374570
16.919590
19.108860
17.177770
13.705690
15.678800
11.678330
12.320760
18.573970
14.662550
17.103910
19.778510
11.921730
14.518560
13.943160
17.139740
15.415380
18.700580
16.090470
15.438130
23.591230
11.439350
20.633890
19.731020
16.905860
12.883770
18.804420
10.971050
14.219160
16.077540
18.156140
11.754310
19.985300
17.009220
13.679080
18.084710
15.443230
20.164770
15.657940
12.269490
14.896750
20.385250
12.736950
9.857520
16.025240
21.836790
12.145990
14.115080
11.762540
16.159030
17.672900
17.442310
20.347870
17.377430
11.776270
21.973690
18.627250
15.390510
17.768230
16.028170
18.361770
14.924200
16.432460
16.581750
11.820600
17.549460
20.894030
10.434540
16.007440
16.988830
19.978510
10.885670
14.522180
18.949430
23.306900
20.635180
18.665770
17.318250
12.385860
12.212250
18.210040
15.824990
15.850210
13.380920
17.491930
20.928460
14.349410
15.371780
19.248310
19.310680
16.377550
11.888540
22.173830
13.746890
18.462190
12.445590
12.692110
22.807230
16.884560
17.904550
16.913710
15.430380
17.936140
14.478570
15.482400
11.920910
10.297780
16.130350
12.418270
9.638090
14.465380
16.787410
20.631600
22.098710
19.375580
14.386840
10.784810
15.382750
16.305440
19.599120
16.971860
17.403520
9.435930
17.304300
15.103980
14.118640
18.240170
10.808060
18.694160
13.488890
15.231150
11.314590
14.746100
14.858530
15.992600
19.649490
17.404780
19.850190
21.044240
18.191160
8.405750
11.032330
9.962310
18.953340
18.769780
15.015590
11.611940
16.949700
25.025880
15.626530
15.726430
18.093040
16.913570
17.662200
16.495620
16.123760
20.451070
20.995560
14.877790
10.064910
25.505420
14.876990
11.205240
17.318940
9.511060
16.360260
16.740840
13.755080
17.879270
13.960090
20.901980
12.647700
15.094820
14.064520
12.566680
10.674940
13.339440
12.556790
18.323310
21.318250
16.407860
11.039610
12.925980
15.197480
20.584590
13.552280
11.488040
15.362700
17.724060
25.199860
20.217400
17.086570
13.664600
22.215790
11.628600
19.888530
18.792680
13.390510
14.960740
17.301520
13.244200
19.639030
7.998060
16.874100
9.641930
13.192060
13.525660
13.739860
15.305010
15.577650
14.644410
17.818750
15.304790
15.665720
22.413870
20.225550
19.411870
13.793650
16.198670
11.937800
16.951790
12.933660
21.050750
14.986660
12.475330
20.562590
17.700350
13.472490
14.313160
12.958800
20.252640
20.840990
13.508840
20.725580
17.824290
17.372470
19.091410
10.770320
18.653380
14.412450
17.290720
12.351210
16.371810
14.111990
14.822310
18.709420
13.312600
16.031940
13.707250
23.278760
14.240400
18.408310
16.737850
19.321230
19.735670
12.513460
16.092930
19.699860
18.146100
18.500270
19.593560
19.032500
9.020430
18.497730
16.740450
15.959210
17.832640
16.344390
10.805340
14.969680
19.200720
23.808280
18.229210
11.850370
14.143120
16.430300
14.190780
15.548070
18.769160
19.758250
14.421210
13.632310
16.839200
10.679180
18.162870
14.953890
17.710430
16.944760
16.318830
12.450830
23.451430
21.166750
11.959240
12.111810
18.602660
20.140630
16.633620
21.901130
17.908220
19.755910
13.005460
18.909830
11.875120
14.926630
17.247760
19.505350
13.430520
20.269900
14.584530
12.073690
11.664060
16.077610
15.380550
15.481270
15.616460
12.982740
14.550990
13.525660
18.654610
16.207030
13.638020
19.665620
17.589310
14.687430
20.145370
11.382300
9.320560
16.240380
12.791520
15.308800
11.169850
12.540710
22.962700
18.173830
14.676560
13.809130
12.810910
13.677680
14.314870
15.651370
15.505810
18.114360
18.707210
20.853480
12.616750
19.800280
19.788150
12.268530
14.784750
23.453130
14.709020
21.384130
13.851590
12.820810
17.395810
21.152410
17.555170
19.671610
9.744410
22.435180
17.469900
10.735260
15.405720
19.751040
16.110660
11.972640
18.798840
14.111960
10.934620
16.587400
15.416250
17.064760
11.711870
17.114570
18.259240
17.511890
12.553740
18.641640
16.317570
15.821830
17.298290
21.139790
17.368770
14.287070
14.044640
19.965890
21.272690
8.869580
18.537400
14.509240
11.423630
12.338950
14.743210
22.750090
16.238700
19.520280
15.815830
13.395720
12.987390
19.761770
16.988300
15.973630
17.423080
17.487010
15.659630
13.371460
14.371570
19.524500
11.888710
19.199310
16.006380
11.597290
14.206930
12.019060
19.847490
11.942490
12.135570
14.669770
13.477890
15.265560
21.326310
12.982070
13.490340
18.763270
18.211880
15.902190
16.859520
18.920830
13.756700
18.727050
13.282020
14.375330
18.883460
18.782370
18.224320
14.454180
12.680680
15.392560
21.556600
11.924160
19.441960
12.312760
15.378700
17.241070
12.583520
16.857240
12.874490
14.422600
14.354610
18.325790
14.038180
14.963050
18.711050
16.853600
21.119650
14.744260
15.960480
17.731730
14.329340
17.977900
13.549120
16.176950
19.105170
11.339130
15.964100
12.583910
23.023720
21.309530
12.492300
15.767370
12.866650
14.182580
15.302250
17.745110
15.557100
16.069330
15.511350
13.885710
13.469260
11.224570
12.346530
22.663480
11.478380
18.010230
18.783340
24.090270
14.435050
16.550000
17.777730
15.996940
11.513600
18.503700
19.135880
14.443360
16.232730
10.504980
13.687560
21.568720
14.388700
14.060650
17.470520
12.700680
11.161130
21.832640
14.288570
15.299050
17.838550
16.830040
16.977500
20.159110
15.282560
19.426410
9.747590
13.282950
16.014240
18.552510
16.541400
13.491300
14.459340
16.271780
15.143180
10.650770
18.814680
13.521860
11.427800
11.447360
16.201460
17.173310
14.990120
15.959200
11.147340
23.974840
17.863970
14.808640
21.170170
20.941190
20.088050
13.178920
16.614820
19.725860
16.330420
10.230390
17.732700
14.480400
14.778320
17.071890
18.268250
18.961420
11.869480
16.109140
12.227520
19.305650
16.835510
12.730770
18.938900
13.254870
15.799290
17.221520
18.033340
10.780780
13.943060
17.549370
13.652530
22.319490
15.763840
13.851670
12.923480
19.314950
12.399040
18.382500
16.322520
21.085840
19.486820
14.530170
20.562700
18.519070
18.888760
19.652940
15.649490
17.581720
12.506300
15.518720
16.599900
13.091270
18.224070
15.044220
14.377890
15.722030
18.781370
15.825560
14.254720
15.245590
16.944780
12.445330
15.381820
21.667950
14.914060
18.045470
18.950080
14.124070
16.313300
10.127480
16.755710
14.164980
19.693690
14.392200
19.568160
