-0.482350
-0.629600
-0.440400
-0.813350
-0.503050
-0.435200
-0.949850
-0.671800
-0.758950
-0.446000
-0.587700
-0.577900
-0.780200
-0.354600
-0.439600
-0.875750
-0.838800
-0.818300
-0.768350
-0.271350
-0.603400
-0.939450
-0.547000
-0.265500
-0.524300
-0.610800
-0.448800
-0.918800
-0.834700
-0.851800
-0.820300
-0.245700
-0.368400
-0.434200
-0.777850
-0.831250
-0.785100
-0.538850
-0.756800
-0.800400
-0.674650
-0.428050
-0.761500
-0.478900
-0.692200
-0.717350
-0.765950
-0.938900
-0.736600
-0.483950
-0.757800
-0.717600
-0.332400
-0.830700
-0.612700
-0.674600
-0.885250
-0.459800
-0.458900
-0.348800
-0.969550
-0.842750
-0.307300
-0.550650
-0.738000
-0.724700
-0.371500
-0.440600
-0.447050
-0.613050
-0.892050
-0.450250
-0.655550
-0.430800
-0.607100
-0.803900
-0.705850
-0.748400
-0.692550
-0.664800
-1.134000
-0.537150
-0.821800
-0.558550
-0.437300
-0.681000
-0.572500
-0.872150
-0.370750
-0.581950
-0.298600
-0.401300
-0.713450
-0.910000
-0.673850
-0.837500
-0.596200
-0.877000
-0.747500
-0.457350
-0.753700
-0.398750
-0.366550
-0.749850
-0.805100
-0.788950
-0.810800
-0.921600
-0.867850
-0.650700
-0.488500
-0.868900
-0.552000
-0.709600
-0.781050
-0.522750
-0.246600
-0.897300
-0.394600
-0.601500
-0.806700
-0.846600
-0.905500
-0.709600
-0.736400
-0.875100
-0.868300
-0.533150
-0.313600
-0.528300
-0.864000
-0.768000
-0.453900
-0.631200
-0.940650
-0.403100
-0.679850
-0.439400
-0.507600
-0.779750
-0.809500
-0.345100
-0.679650
-0.829350
-0.912450
-0.533250
-0.528600
-0.510100
-1.001850
-0.514750
-0.519100
-0.740350
-0.802000
-0.558300
-0.740600
-0.286950
-0.782200
-0.995550
-0.901350
-0.391950
-0.702650
-0.732000
-0.624300
-0.368150
-0.595300
-0.883800
-0.669550
-0.392350
-0.590850
-0.580450
-0.617700
-0.837150
-0.743650
-0.745500
-0.501700
-0.753450
-0.409200
-0.660700
-0.438600
-0.851350
-0.590200
-1.059550
-0.692600
-0.644050
-0.845050
-0.607900
-0.673050
-0.456100
-0.614900
-0.416700
-0.788000
-0.760800
-0.575800
-0.546450
-0.698450
-0.700550
-0.439050
-0.778950
-0.666750
-0.475450
-0.559600
-0.288000
-0.568300
-0.888750
-0.468650
-0.837950
-0.591550
-0.585650
-0.329200
-0.625800
-0.819650
-0.615600
-0.687800
-0.709650
-0.751550
-0.498900
-0.757000
-0.690850
-0.772650
-0.796250
-0.338400
-0.441700
-0.435750
-0.739550
-0.485500
-0.562850
-0.478000
-0.372250
-0.538350
-0.607000
-0.443100
-0.713500
-0.808900
-0.648450
-0.501550
-0.704600
-0.521350
-0.801300
-0.969350
-0.498800
-0.387450
-0.526300
-0.453550
-0.585200
-0.701150
-0.427850
-0.305150
-0.644350
-0.923350
-0.626300
-0.570050
-0.820100
-0.199450
-0.554900
-0.480250
-0.805450
-0.421600
-0.405850
-0.548200
-0.589450
-0.576850
-0.489250
-0.478150
-0.725900
-0.490000
-0.883800
-0.497600
-0.650300
-0.571700
-0.474600
-0.654150
-0.902450
-0.612650
-0.410650
-0.976850
-0.633150
-0.560800
-0.667450
-0.291050
-0.397400
-0.846100
-0.651500
-0.829550
-0.756200
-0.562500
-0.794050
-0.874700
-0.372650
-0.528100
-0.441550
-0.404900
-0.655050
-0.506850
-0.400200
-0.470600
-0.478300
-0.862000
-0.701750
-1.081900
-0.667150
-0.545950
-0.798250
-0.439650
-0.758550
-0.759450
-0.797550
-0.308350
-0.414650
-0.480600
-0.606350
-0.283000
-0.859950
-0.326450
-0.509350
-0.597900
-0.720150
-0.597650
-0.451300
-0.754250
-0.831000
-0.699100
-0.438300
-0.404850
-0.840800
-0.385800
-0.310250
-0.685650
-0.830350
-0.519650
-0.838400
-0.960400
-0.393600
-0.849900
-0.874800
-0.818200
-1.112150
-0.367800
-0.642700
-0.421450
-0.495150
-0.435000
-0.975750
-0.300800
-0.703450
-0.756650
-0.287700
-0.773800
-0.973250
-0.757650
-0.392500
-0.559400
-0.729850
-0.896200
-0.599100
-0.375500
-0.414600
-0.813300
-0.647150
-0.842150
-0.732400
-0.762200
-0.315250
-0.440800
-0.726500
-0.458050
-0.683300
-0.560300
-0.807450
-0.623150
-0.840800
-0.707300
-0.449000
-0.664100
-1.035550
-0.616950
-0.659700
-0.571350
-0.696350
-0.782050
-0.494450
-0.831450
-0.653000
-0.624600
-0.964600
-0.829750
-0.421100
-0.700550
-0.281100
-0.715050
-0.753300
-0.429500
-0.781500
-0.765250
-0.730300
-0.491000
-0.797900
-0.514100
-0.781250
-0.422050
-0.399050
-0.647650
-0.321000
-0.682000
-0.472500
-0.816750
-0.562150
-0.492350
-0.675150
-0.604400
-0.463050
-0.831500
-0.585750
-0.706700
-0.818700
-0.425600
-0.710300
-0.562550
-0.325650
-0.566800
-0.809150
-0.522250
-0.783450
-0.709600
-0.494900
-0.418700
-0.385350
-0.300850
-0.701350
-0.311050
-0.708400
-0.421500
-0.857600
-0.620100
-0.565950
-0.594300
-0.273500
-0.784450
-0.784700
-0.591900
-0.401150
-0.623550
-0.743850
-0.562850
-0.704950
-0.336050
-0.310850
-0.827050
-0.515450
-0.598450
-0.549400
-0.639900
-0.401650
-0.629850
-0.567300
-0.741750
-0.691900
-0.499150
-0.620350
-0.433950
-0.720800
-0.211300
-0.847150
-0.648100
-0.748750
-0.380450
-0.882800
-0.245650
-0.757950
-0.462150
-0.627100
-0.674450
-0.404050
-0.811350
-0.533100
-0.691100
-0.599950
-0.330850
-0.577700
-0.517050
-0.666100
-0.671600
-0.911300
-0.798800
-0.446350
-0.786450
-0.737850
-0.575500
-0.617450
-0.382600
-0.802250
-0.590300
-0.484100
-0.710000
-0.816100
-0.927200
-0.445250
-0.558550
-0.777400
-0.763550
-0.482250
-0.464650
-0.640200
-0.700150
-0.864550
-0.706000
-0.526000
-0.540900
-0.570100
-0.591900
-0.570200
-0.557350
-0.303650
-0.410500
-1.026500
-0.791600
-0.431500
-0.318800
-0.541000
-0.548550
-0.605300
-0.765200
-0.742000
-0.511150
-0.691900
-0.622700
-0.709600
-0.822250
-0.851950
-0.787200
-0.610200
-0.812800
-0.532350
-0.671500
-0.361150
-0.692950
-0.549350
-0.470100
-0.697050
-0.533750
-0.266650
-0.334400
-0.315150
-0.618250
-0.822300
-0.363400
-0.675500
-0.688450
-0.890550
-0.489450
-0.751100
-0.410700
-0.702850
-0.443800
-0.496600
-0.807950
-0.605700
-0.693500
-0.371000
-0.636550
-0.701350
-0.722900
-0.604050
-0.532700
-0.778550
-0.831250
-0.775550
-0.269050
-0.681400
-0.711500
-0.318350
-0.695950
-0.584500
-0.756300
-0.665450
-0.688350
-0.930800
-0.917850
-0.793350
-0.615250
-0.612200
-0.757200
-0.520900
-0.910200
-0.534250
-0.828550
-0.809950
-0.906150
-0.858500
-0.622100
-0.584700
-0.835800
-0.875150
-0.478200
-0.529400
-0.723350
-0.622350
-0.789650
-0.657450
-0.602300
-0.620450
-0.543500
-1.034100
-0.409550
-0.851500
-0.198850
-0.415700
-0.505700
-0.675650
-0.456800
-0.801550
-0.658350
-0.705850
-0.675250
-0.691050
-0.719150
-0.647250
-0.813750
-0.772900
-0.778450
-0.288650
-1.002200
-0.917050
-0.590750
-0.818550
-0.492750
-0.570200
-0.797100
-0.726600
-0.718850
-0.811500
-0.641350
-0.475000
-0.573250
-0.778150
-0.749600
-0.887050
-0.364100
-0.575700
-0.712850
-0.538700
-0.691800
-0.453400
-0.567450
-0.725250
-0.539850
-0.532900
-0.787100
-0.423950
-1.046150
-0.671500
-0.549100
-0.751300
-0.783350
-0.603200
-0.323650
-0.529100
-0.825700
-0.642050
-0.681150
-0.203500
-0.621300
-0.523000
-0.907350
-0.939200
-0.656800
-0.790850
-0.605450
-0.687950
-0.664600
-0.693400
-0.501100
-0.682200
-0.553100
-0.644150
-0.626200
-0.487800
-0.458950
-0.519900
-0.911000
-0.565000
-0.441500
-0.564400
-0.646150
-0.770250
-0.590350
-0.843850
-0.501600
-0.991150
-0.472050
-0.714300
-0.726100
-0.583650
-0.515650
-0.498650
-0.758650
-0.868850
-0.784250
-0.643650
-0.848200
-0.731700
-0.806150
-0.602700
-0.690700
-0.633600
-0.689600
-0.902600
-0.489400
-0.738650
-0.405900
-0.559700
-0.703400
-0.623800
-0.660050
-0.198700
-0.347150
-0.693250
-0.600400
-0.888600
-0.812400
-0.708000
-0.518100
-0.666550
-0.571300
-0.323800
-0.499700
-0.532200
-0.746400
-0.430800
-0.599650
-0.519550
-0.478900
-0.744200
-0.661900
-0.604700
-0.681000
-0.706150
-0.348250
-1.012800
-0.551300
-0.786750
-0.748750
-0.799650
-0.587500
-0.514100
-0.756100
-0.602650
-0.423250
-0.632200
-0.866550
-0.539300
-0.832450
-0.651800
-0.892300
-0.875600
-0.656300
-0.291200
-0.534900
-0.822650
-0.511900
-0.604550
-0.541100
-0.952950
-0.793450
-0.607650
-0.755950
-0.444950
-0.874350
-0.643650
-0.425100
-0.717100
-0.794850
-0.645850
-0.563450
-0.427050
-0.809450
-0.913150
-0.616100
-0.407300
-0.488850
-0.300350
-0.442150
-0.547500
-0.233100
-0.644600
-0.675050
-0.571450
-0.628300
-0.526900
-0.637350
-0.587300
-0.716950
-0.777850
-0.625900
-0.732050
-0.440550
-0.591850
-0.636250
-0.631900
-0.603000
-0.781650
-0.497150
-0.357350
-0.773500
-0.608500
-0.692650
-0.363100
-0.354750
-0.769450
-0.621900
-0.321100
-0.668550
-0.650100
-0.590350
-0.278900
-0.493500
-0.511550
-0.357200
-0.255500
-0.655050
-0.717950
-0.720150
-0.984950
-0.722700
-0.504600
-0.954300
-0.709750
-0.261400
-0.516700
-0.596250
-0.448200
-0.979350
-0.813300
-0.513700
-0.316850
-0.646400
