62.007124
16.067005
76.704764
29.500413
37.379114
46.872768
47.144286
40.329507
69.187643
67.411286
52.620940
44.182875
65.443372
68.064119
51.086290
48.995572
19.993698
48.264877
42.452695
57.014615
27.737795
36.386872
57.069160
59.291726
59.268101
52.280039
68.337922
46.590993
24.239659
20.921816
61.757646
43.821279
43.669231
38.947446
36.789258
39.457778
35.356274
33.603520
37.693512
46.238816
41.586348
52.655921
68.707098
76.011086
38.037400
71.506624
64.775041
33.300650
37.878006
47.131115
60.018265
51.315960
56.869297
43.709892
59.670583
36.267841
46.444543
56.059262
56.263103
31.882528
62.516590
67.005851
54.093785
49.563114
26.156514
38.267916
55.763697
42.568619
33.981223
36.095271
47.356133
35.095761
26.344756
43.896677
55.323707
46.693809
25.335243
70.216288
35.167615
26.777094
11.516376
59.933858
23.965142
26.752984
52.589459
46.730045
39.204146
60.950472
39.129219
32.533423
64.422740
62.059285
33.089453
56.205747
47.958369
19.018214
43.686473
41.785069
33.260821
62.065574
27.523507
65.718505
57.111077
46.355255
60.109738
70.941963
27.648103
54.554170
43.214839
59.995126
36.295963
67.593632
40.430783
44.784325
69.788346
25.462150
28.322509
33.013873
47.986536
54.467114
61.567922
30.343677
23.139925
27.506969
39.034766
71.630041
61.375583
37.006908
32.719563
26.604186
38.688610
40.975368
35.080507
46.418083
37.438956
65.969168
43.821321
52.602934
72.040917
28.835973
50.893576
37.512253
29.578402
63.049874
26.467792
34.564231
17.674805
15.219992
63.321061
69.816673
21.589067
39.156072
71.563830
31.722911
27.738119
40.687871
65.271531
27.336252
49.271236
47.764119
39.053553
62.046498
63.560172
53.401266
43.274379
27.786457
59.141365
42.535332
31.596107
54.076493
40.088809
22.638439
72.142296
67.311955
26.180853
47.380775
60.870015
66.079264
25.543786
37.913874
71.930982
40.980467
62.517182
55.266567
31.463508
54.115141
36.813261
42.307988
47.709373
29.160923
58.761298
53.515621
62.544225
56.052985
37.041619
62.085973
56.097083
38.697368
24.893889
28.963626
42.058363
49.715206
72.261897
23.504264
39.737663
14.137505
41.630776
55.873818
45.195256
45.194532
53.282514
49.776584
56.341756
48.032216
55.984674
68.859928
31.010313
34.476032
65.667823
19.419043
33.957526
45.811082
33.797887
52.541208
54.621100
25.080737
39.254955
24.837972
36.618399
43.845786
59.701539
26.553870
33.413651
68.736535
34.967453
60.489429
69.967755
33.967500
34.462363
43.522875
41.498818
46.327037
41.013320
49.737525
12.209826
70.951010
56.600112
34.021853
52.018579
48.753311
66.020309
61.134772
27.054003
34.732567
58.312266
22.886208
29.627274
30.251255
72.935531
37.106606
50.159194
31.736709
43.416708
61.893879
51.576937
70.674804
41.292689
17.289847
58.858166
50.490351
33.427512
56.303929
53.628007
27.431989
53.692765
57.686553
61.384227
23.717673
36.923815
58.078597
26.844546
51.627662
45.353994
56.486867
19.567546
53.095468
48.378407
73.104680
61.845505
35.600956
60.901332
17.475994
24.247000
65.137492
29.873037
55.670874
29.611790
61.601667
49.006198
40.642074
28.060210
68.874231
49.337077
49.387613
27.603297
60.755515
41.483795
44.924762
30.587666
31.479826
70.828716
53.968556
51.752186
46.166017
51.698481
46.100047
31.457615
59.617852
21.667535
17.690807
43.115881
23.268074
17.820246
38.954430
42.609827
60.435503
64.836525
43.196300
35.197735
26.439961
33.848990
57.454974
35.658954
65.135211
46.152565
24.138768
59.748617
36.208460
42.808585
38.994604
16.869023
58.305579
44.622027
41.230200
21.468613
49.621536
53.816718
24.803150
43.099967
37.074083
66.651602
41.352033
67.708819
24.302362
26.208273
30.439192
62.323166
68.929609
27.256032
31.233740
64.879585
53.262022
34.777293
30.456221
61.080610
46.971274
47.800141
43.900323
39.330506
56.729666
68.037135
45.230034
34.531340
77.410832
44.319540
30.348542
52.821839
21.341856
35.729940
49.317968
18.449315
34.741613
45.665420
48.311047
20.352196
58.398811
41.387485
30.819393
29.948798
30.586869
25.187867
62.940982
62.071542
42.444923
18.560256
35.053779
59.684500
54.926318
27.601695
26.538183
50.663887
50.578225
77.429077
68.581630
51.125990
43.509154
67.576736
38.871209
68.557924
65.468418
35.815460
60.226160
45.812509
29.397407
59.587873
14.084743
54.014757
22.400211
41.948425
25.216193
26.737829
50.829580
45.599712
43.687702
60.150596
24.797186
38.351947
68.069046
57.094691
59.307416
22.717695
52.386166
40.934892
41.536535
38.208068
53.849483
42.793510
23.174147
44.385200
29.117127
17.597452
60.036234
39.460673
58.315272
50.364357
24.640970
62.948877
37.806971
64.186787
53.883228
25.605646
59.728883
43.435877
66.195660
37.467084
35.987103
50.516687
29.337891
35.347620
34.406257
43.778052
21.047322
70.429494
33.860620
42.905501
52.674402
46.215904
64.162767
28.051951
65.249057
42.393222
45.343174
61.816913
59.973633
48.848616
20.402592
34.936324
47.509231
31.707945
47.101435
30.111876
37.867366
29.684322
61.607702
76.245488
55.372064
34.055144
50.387902
46.508965
46.785113
44.040873
37.793261
66.429087
29.442902
53.706703
64.846582
39.231205
48.317966
33.998628
55.349163
59.244831
59.654781
40.608009
77.502110
49.326335
21.326453
28.706670
56.445938
63.076718
58.838424
69.795689
68.458487
54.240455
43.733433
57.755878
27.210810
51.909797
55.392035
72.442639
41.674600
45.958555
23.518832
30.582792
21.631870
53.571592
22.727423
47.962401
47.111710
30.371364
49.464311
26.270725
63.878714
33.283826
34.035671
60.214968
31.299309
45.632800
67.593366
28.119063
17.612046
38.608773
24.691766
46.010611
48.688479
29.625623
72.201354
44.293018
38.579307
50.978594
23.912858
39.231115
28.180446
59.057338
40.460612
61.690921
67.518845
58.829515
56.890547
66.485680
46.754707
26.369267
33.046545
65.019382
34.171915
63.959515
46.223377
48.088238
61.316304
68.947946
37.344689
62.420545
19.033328
78.061715
44.035700
34.666814
57.461195
52.579318
36.995679
21.622249
62.280927
49.741988
16.337090
57.447945
55.915197
48.178258
23.013308
48.136530
52.689549
53.046470
22.962934
60.036295
39.223194
42.028243
45.048805
72.477640
54.994779
39.257605
46.722505
39.026453
61.712612
19.793835
60.228481
48.083565
28.888718
23.117582
42.236619
67.689323
50.314591
53.635038
50.146634
33.585116
38.358141
55.966234
57.369863
51.835260
24.909822
60.234853
20.037961
32.814786
36.076360
60.670754
26.160068
50.098179
44.738774
30.772962
20.552896
23.957596
53.918252
22.282052
26.946606
54.150402
28.470741
42.247373
53.329746
28.432252
29.269426
39.026868
55.608637
37.640421
32.256100
58.581365
38.282125
56.965268
32.161913
41.219877
53.926425
40.908430
46.820575
25.113686
27.559479
27.813863
65.077928
39.142452
55.854199
43.928320
62.820592
37.193111
22.751534
44.421597
45.946303
38.664889
49.323070
42.873459
42.940460
41.563240
47.876704
57.714640
64.923212
62.466751
29.058193
48.010313
31.695662
58.984961
32.011685
35.244535
38.960517
51.089745
55.998164
33.369447
68.524163
71.540901
32.305293
51.176436
22.920833
41.425438
43.218403
51.511994
46.304692
63.120924
26.065524
51.542246
39.840372
22.195852
35.923017
69.462681
37.073312
54.855562
52.955969
73.856862
28.483427
56.358977
63.262333
35.899915
21.724490
56.643256
65.323148
53.283839
38.805495
22.943726
32.639299
66.600843
36.990237
33.339271
58.490908
33.142312
22.528757
67.230968
26.463801
52.325878
50.571472
51.812185
38.481044
70.513800
53.060039
43.018473
24.000323
24.968728
22.700050
55.524759
53.485850
29.809555
35.532822
41.350635
56.863027
40.183570
72.650703
37.660179
23.054179
34.204107
43.473127
55.834595
55.542883
52.759801
29.769868
68.717766
37.618573
27.512244
47.004358
37.014858
67.588919
40.494577
41.343461
53.904649
41.433303
15.488037
40.030318
21.650723
36.161464
26.875745
56.526485
61.802857
25.388226
37.255233
24.450926
43.572828
36.321543
27.891074
44.748913
20.930516
40.229495
52.141635
56.872859
34.214629
30.881255
59.596022
43.211726
61.913803
49.008887
47.955302
30.469930
60.452352
22.026109
73.891524
42.073681
63.337229
63.439545
39.817201
44.503917
56.737961
65.947019
39.516460
43.192358
56.058313
32.714202
49.926270
37.431316
26.948265
27.610384
31.563247
27.614478
48.913873
58.613152
45.980780
37.972759
68.917555
62.052974
40.785754
44.240829
54.563454
42.817777
54.520036
49.928444
38.430426
34.696845
32.803288
42.365560
28.634179
75.346276
30.437876
44.372536
