548.708
314.2
475.448
563.12
503.583
453.698
670.072
755.158
445.118
539.674
521.398
475.953
522.714
585.367
573.677
444.435
564.99
503.95
550.246
550.525
580.303
721.947
478.391
663.171
525.651
499.909
291.503
583.071
597.584
525.06
517.452
721.943
601.83
491.935
244.784
641.33
591.909
397.726
304.658
267.317
663.257
493.887
560.238
547.864
501.612
458.642
662.535
345.821
689.446
675.061
637.667
602.469
435.119
540.359
554.735
349.733
553.805
501.393
496.492
490.953
600.038
177.029
526.364
507.643
483.195
517.645
546.837
511.786
524.014
485.45
565.323
692.522
561.992
437.677
588.312
593.063
603.693
525.653
546.692
510.064
450.198
422.168
484.153
526.064
568.264
553.672
625.102
513.386
518.502
541.058
567.637
626.775
567.343
630.076
487.137
576.437
510.886
601.069
168.481
507.82
513.611
412.408
498.447
479.466
536.683
533.303
608.304
546.08
736.505
476.298
237.414
707.803
728.363
581.863
533.312
527.708
503.485
307.965
645.295
733.379
440.66
704.677
458.862
549.573
755.885
694.079
622.302
726.795
719.429
524.475
461.804
782.197
299.309
446.736
564.319
690.916
507.913
531.167
556.252
577.867
559.537
574.236
456.711
433.372
650.913
294.98
511.538
397.333
580.166
634.254
387.657
456.177
660.736
567.006
514.572
575.228
496.12
740.66
523.337
490.112
437.789
394.847
451.698
431.356
626.382
468.323
504.662
681.063
737.063
590.711
593.498
527.983
513.722
604.431
632.788
593.991
312.443
692.627
522.7
562.535
496.908
510.724
344.271
405.79
674.925
442.729
307.587
513.712
597.419
529.006
519.77
670.628
505.765
554.29
550.969
368.24
647.082
495.08
555.267
586.436
474.183
636.886
531.3
783.496
458.164
534.269
615.126
611.326
342.646
512.215
519.735
436.967
309.371
483.062
622.688
367.594
497.779
505.045
430.981
638.391
573.901
480.937
471.745
325.984
413.779
594.271
560.866
549.32
654.7
565.736
600.004
714.509
242.872
482.869
547.656
489.007
325.917
575.987
491.564
262.935
533.305
451.343
564.117
600.881
561.467
495.483
520.668
489.215
549.386
501.276
456.868
555.26
484.787
480.48
627.228
391.38
422.341
505.389
618.765
521.707
571.599
424.579
570.594
577.13
569.209
345.313
551.311
456.83
632.688
612.886
368.345
242.387
620.484
556.277
563.557
516.067
323.428
572.251
180.52
302.593
579.3
459.981
570.914
481.971
584.399
480.8
529.228
192.237
615.26
567.467
551.86
524.97
554.102
526.596
750.673
547.773
539.249
538.488
547.884
504.923
528.14
496.548
610.737
557.961
301.394
598.138
484.398
424.722
532.532
478.426
569.275
530.611
394.373
665.977
455.28
405.782
410.707
508.132
173.139
477.051
420.362
527.624
557.481
397.469
503.415
498.07
508.216
539.64
663.787
612.473
579.385
597.79
703.22
319.524
564.3
443.688
573.403
256.369
583.83
597.873
540.716
481.645
455.396
540.892
470.279
513.398
538.678
590.939
170.09
393.409
591.112
410.402
654.673
503.538
656.586
735.233
621.365
550.239
507.874
552.297
671.75
491.026
489.276
546.091
249.076
517.063
525.567
260.19
517.933
229.451
410.937
647.902
565.96
283.204
532.122
510.425
371.131
559.158
603.856
448.203
502.063
582.338
398.648
444.44
539.048
635.185
361.091
586.59
665.454
527.588
522.771
413.489
568.62
358.697
483.405
668.184
547.061
505.468
561.919
559.92
559.935
469.566
579.091
545.29
621.077
328.959
488.514
571.592
686.865
533.139
535.003
582.333
446.801
585.515
504.759
538.647
413.41
471.819
293.744
596.622
561.661
431.181
467.09
496.952
505.244
624.407
758.096
527.015
287.651
411.318
482.69
404.938
494.114
523.834
510.556
559.896
590.458
500.462
517.148
547.038
568.511
549.604
468.802
591.805
497.593
438.317
491.285
589.022
487.723
753.454
413.06
509.709
603.067
665.749
267.611
690.915
204.899
656.49
564.992
562.086
540.547
570.447
413.317
418.975
211.898
411.847
671.509
584.565
485.553
329.28
528.141
454.015
358.847
514.192
479.422
795.778
481.099
515.65
492.297
507.204
345.975
634.361
748.263
553.552
618.509
618.727
642.566
509.415
465.775
506.455
597.826
721.598
479.559
573.826
613.771
522.699
554.074
480.842
509.426
436.503
399.163
625.139
493.664
473.122
769.434
611.099
509.352
304.063
513.527
537.209
568.773
500.617
521.072
627.542
566.786
646.253
381.964
522.324
496.699
465.174
520.112
535.654
224.644
654.916
528.167
696.977
483.198
261.501
564.967
346.513
519.365
618.968
558.169
515.867
514.424
635.414
546.139
511.742
617.864
585.464
564.111
482.597
514.067
471.444
572.569
683.471
396.316
329.329
547.962
608.055
476.077
194.009
444.141
550.235
637.89
698.67
762.421
536.674
366.513
331.941
452.417
482.219
538.177
621.503
430.077
512.649
620.292
548.562
534.901
444.001
613.328
523.72
492.906
316.657
580.482
585.745
669.606
477.043
590.886
195.969
500.455
223.079
536.371
579.551
603.205
584.177
613.618
540.461
600.817
355.196
323.272
317.965
216.872
587.039
511.646
432.962
510.303
591.381
584.668
660.875
625.511
469.104
522.643
572.565
529.452
518.857
493.662
522.421
516.429
567.919
550.815
488.012
602.562
633.44
500.004
584.069
511.218
487.273
398.683
570.07
566.062
554.207
412.645
435.702
601.519
625.964
318.1
642.185
662.966
433.017
583.468
472.018
452.21
562.556
660.317
471.099
635.647
521.468
590.428
373.731
581.882
635.718
375.546
329.697
598.065
280.725
595.071
609.238
546.461
565.236
640.367
564.418
564.916
482.45
772.439
673.226
262.069
444.961
564.968
452.964
470.279
607.018
507.388
706.356
712.564
566.365
480.901
575.901
574.438
575.742
655.895
368.867
410.794
492.818
466.134
653.158
452.879
635.546
595.48
630.183
555.283
492.69
483.877
635.137
665.533
561.064
478.04
562.1
583.115
506.525
562.443
552.637
190.438
392.833
725.302
559.073
309.844
612.553
680.063
672.367
425.739
199.015
479.022
559.929
590.706
533.614
734.911
572.69
663.98
534.418
457.73
401.19
647.415
529.338
515.995
596.875
378.192
463.359
491.318
198.501
394.638
530.256
498.891
667.827
250.508
505.192
540.076
580.422
413.914
500.601
575.564
571.387
517.854
410.654
529.358
522.527
510.804
578.137
641.738
725.336
471.735
173.79
523.141
411.281
474.284
548.37
503.05
484.77
446.444
482.275
279.129
505.097
549.217
518.404
573.678
323.428
484.878
500.352
600.011
505.099
487.654
393.052
518.105
201.066
600.823
534.53
490.785
607.871
550.876
313.177
547.523
573.948
567.629
573.896
550.67
553.803
498.242
449.515
567.472
465.945
506.693
214.596
474.774
216.215
559.356
439.05
519.267
630.583
563.201
283.512
561.099
562.694
426.707
701.656
497.28
588.964
463.009
557.833
563.967
501.49
501.139
345.001
705.224
487.478
646.828
560.975
564.766
423.436
519.525
472.591
575.754
564.736
487.053
495.641
283.406
542.485
673.225
446.423
445.136
458.578
510.931
413.06
488.266
528.479
518.358
195.156
359.213
413.039
668.875
299.462
567.39
561.478
445.924
573.327
477.93
505.81
503.553
507.594
622.952
587.775
584.689
498.796
287.518
494.85
543.547
456.692
531.289
551.05
519.461
460.219
674.122
556.464
686.331
583.402
523.8
546.729
716.935
540.199
526.462
620.232
709.529
441.265
654.415
487.724
447.555
557.788
498.322
573.142
478.531
588.68
431.54
550.186
516.674
535.527
706.654
745.354
584.96
548.845
550.044
504.199
459.747
536.124
548.25
493.818
420.304
626.407
538.05
630.062
472.15
443.791
663.686
373.077
502.319
399.333
602.367
516.934
560.929
495.143
599.878
274
376.263
584.437
542.033
257.12
516.731
625.42
367.303
567.614
531.756
541.846
504.506
476.827
568.163
431.474
609.879
538.429
489.179
545.251
587.574
525.205
532.213
600.102
352.877
511.661
547.543
497.545
435.385
481.19
459.441
497.162
671.726
375.743
609.411
524.817
686.824
601.997
214.274
345.133
405.42
510.27
487.83
385.095
476.409
517.928
457.073
552.854
351.555
516.583
353.676
567.681
450.08
417.802
598.72
521.776
477.193
502.742
529.84
533.499
477.821
443.669
712.998
497.191
633.091
462.592
549.501
489.595
569.769
702.495
490.971
505.838
587.34
496.114
522.4
573.033
311.675
486.499
446.313
600.616
540.328
494.836
494.482
511.311
589.67
512.275
451.261
673.079
629.562
418.397
485.945
486.832
623.472
494.366
568.303
334.908
491.857
729.041
661.135
406.604
680.097
501.275
464.181
185.376
611.194
517.761
676.601
617.454
565.539
567.117
550.974
329.439
329.842
316.768
729.075
539.852
559.353
576.941
544.5
615.403
237.278
374.157
502.959
504.593
509.191
296.035
652.185
488.313
552.676
529.02
485.88
600.425
480.53
573.339
419.925
487.212
509.754
601.705
566.106
715.213
486.388
496.149
583.882
604.571
449.423
605.626
321.267
521.097
641.668
327.842
569.069
506.95
491.835
554.118
459.573
805.996
666.248
419.753
522.947
603.645
548.237
282.653
632.972
624.572
678.892
589.872
617.187
572.03
552.63
465.74
556.22
402.761
585.238
340.908
703.123
561.117
530.433
692.853
497.49
477.067
183.511
495.045
617.759
504.483
652.401
661.541
305.908
435.842
770.951
484.449
484.168
283.027
739.582
567.503
501.704
557.282
559.752
558.927
443.961
465.178
490.796
624.757
531.194
203.089
436.311
460.066
229.62
438.47
487.606
558.487
215.649
390.568
648.088
652.549
522.27
422.869
584.247
429.83
506.611
533.604
585.021
401.461
412.358
515.176
493.9
481.264
548.111
484.337
383.349
595.675
629.932
462.988
491.408
429.519
517.046
538.451
525.03
313.945
548.011
647.828
573.698
572.629
489.974
642.573
404.592
468.503
519.689
488.702
656.87
732.491
339.114
329.91
504.696
208.096
322.016
245.178
526.751
433.691
424.44
526.331
597.426
549.885
399.185
581.117
530.314
486.329
550.428
568.222
