-0.758600
-0.179450
-1.499950
-1.121850
-0.774600
-0.697250
-0.663300
-0.737300
-0.608400
-0.370250
-0.788950
-0.414450
-0.957000
-0.644550
-1.042700
-0.777050
-0.676300
-0.588600
-0.271900
-1.156650
-0.754950
-0.990150
-0.570450
-1.503600
-0.390750
-0.573200
-1.430150
-1.007500
-0.586250
-0.531950
-0.707750
-1.401450
-0.400200
-0.546700
-1.010350
-0.705050
-0.444550
-0.705100
-0.520450
-0.519050
-0.863650
-1.174250
-0.971650
-0.302300
-0.436800
-0.853650
-0.853700
-0.279300
-0.791150
-1.346450
-0.727000
-1.238350
-0.918200
-0.497200
-0.468950
-0.596200
-1.427650
-0.688500
-0.617350
-0.956450
-0.783850
-0.345900
-0.741600
-1.253550
-0.512300
-0.542500
-0.530200
-1.028300
-1.016450
-0.565000
-0.412750
-0.784350
-0.615950
-1.279750
-0.357050
-0.768250
-0.829900
-1.237950
-1.060150
-0.975850
-0.920700
-0.240300
-0.511100
-0.834250
-0.833600
-0.405600
-0.679100
-1.157700
-0.646050
-0.154000
-0.632350
-1.056000
-0.704300
-0.609200
-0.780750
-1.135150
-0.966900
-0.764450
-0.751550
-0.371000
-0.990350
-0.563150
-0.711100
-0.410700
-0.573550
-1.009400
-0.568400
-0.778900
-0.515200
-1.178350
-0.843000
-1.002300
-0.327950
-0.902050
-0.504000
-0.947400
-0.624250
-1.460550
-1.112250
-0.302450
-0.716350
-0.467600
-0.384500
-0.592300
-1.391950
-0.465600
-1.619350
-0.359900
-0.568750
-0.532050
-0.727500
-0.832600
-1.096200
-0.678250
-0.590850
-0.735200
-0.359750
-1.192550
-0.372900
-0.591450
-0.636700
-0.973050
-0.725950
-0.903650
-0.871450
-0.461650
-0.721900
-1.228500
-0.521050
-0.607950
-1.033600
-0.663250
-0.862500
-0.188700
-0.145250
-1.035850
-0.573250
-0.446150
-0.496050
-0.752950
-0.816300
-1.093400
-1.255000
-0.392550
-0.403400
-0.588800
-0.682750
-0.784250
-0.721400
-0.930950
-0.543650
-0.620800
-1.060100
-0.552500
-0.560100
-0.438050
-0.800200
-0.844700
-0.632050
-0.447850
-0.564100
-0.394650
-0.930850
-0.499700
-0.276100
-0.485000
-0.700400
-0.846050
-1.232950
-0.484500
-0.379950
-1.543450
-1.245150
-0.395200
-0.418350
-0.789600
-0.554700
-0.645150
-0.508850
-0.459200
-0.438850
-0.310150
-1.061800
-1.155400
-0.415400
-0.205750
-0.413550
-0.703300
-1.107800
-0.885950
-0.605100
-0.455600
-1.443250
-0.626550
-0.822650
-1.424000
-0.635200
-1.070800
-0.676800
-0.657200
-0.622300
-1.510300
-0.696400
-0.550550
-0.223700
-0.270550
-0.642600
-0.421500
-0.932250
-0.608450
-0.587500
-0.619800
-0.606750
-0.534350
-0.804600
-1.045250
-0.686900
-1.068800
-1.292650
-0.519150
-1.329050
-1.152750
-0.725350
-1.364200
-0.308450
-0.368000
-0.618350
-1.257950
-0.647950
-0.493600
-0.488350
-0.869250
-0.388250
-0.850550
-0.503900
-0.947100
-0.309150
-0.743450
-0.573250
-0.715600
-0.697000
-0.910000
-0.879300
-0.322600
-0.479700
-0.523000
-0.606500
-0.913600
-0.462250
-0.557000
-0.584200
-0.482200
-1.064600
-0.676100
-0.437100
-0.448350
-1.579200
-0.405000
-0.735200
-0.513800
-0.397850
-0.984200
-1.641950
-1.045700
-0.310750
-0.686500
-0.776350
-0.934300
-0.646300
-0.419300
-1.427200
-0.753300
-1.721850
-1.418300
-0.511600
-0.885900
-0.226350
-0.920350
-0.731150
-0.900900
-0.777350
-0.617550
-0.576150
-0.722100
-0.724250
-0.402700
-1.002650
-0.640550
-0.730900
-0.896300
-0.547000
-0.954050
-0.485400
-0.314600
-0.920450
-0.720150
-0.614500
-1.225500
-0.621650
-1.664250
-1.006850
-0.875450
-0.328600
-0.594550
-0.258000
-0.617050
-0.284750
-0.318600
-1.193750
-1.342650
-1.038500
-1.021000
-0.560450
-0.886300
-1.014450
-1.372200
-0.693000
-0.443050
-1.153800
-0.218800
-0.413900
-0.669950
-0.594950
-0.786850
-0.566800
-0.794450
-0.619100
-0.928150
-0.574550
-0.516250
-0.572150
-1.435550
-1.202400
-1.666900
-0.813250
-0.884550
-0.225000
-0.153500
-0.266450
-0.563200
-0.403400
-0.805250
-0.286900
-1.024650
-0.827550
-0.984450
-0.701750
-0.679450
-0.615500
-1.188000
-0.770350
-0.507400
-0.482150
-0.413200
-0.318000
-0.495000
-0.299100
-0.175400
-0.969800
-0.924500
-1.281550
-0.382800
-1.401000
-0.287600
-0.594700
-0.342300
-0.691400
-0.667500
-0.516350
-0.638400
-0.546900
-0.441600
-0.453100
-0.446250
-0.964900
-0.533200
-0.410800
-0.721900
-0.942550
-0.647300
-0.607150
-0.562700
-1.403450
-0.469250
-0.639600
-0.827750
-0.480400
-0.697700
-0.431600
-1.076000
-0.799650
-0.165950
-1.127700
-0.900850
-0.992000
-0.212500
-0.475200
-0.820450
-0.763300
-0.875350
-0.514450
-1.208250
-0.530900
-0.944900
-0.445400
-1.066350
-1.460000
-0.990200
-0.673750
-0.310300
-0.630350
-0.532900
-1.273350
-0.620600
-0.325600
-0.409000
-1.186950
-0.284200
-0.946100
-0.486500
-0.343100
-0.318850
-0.716700
-0.753100
-0.957300
-0.714800
-0.638300
-0.855900
-0.200850
-0.998450
-0.746900
-0.467550
-0.549300
-0.958450
-1.210750
-1.421200
-0.469500
-0.361500
-0.506000
-0.990850
-0.577800
-1.340000
-0.432150
-0.750550
-0.345850
-0.390050
-0.343650
-0.886850
-0.298500
-0.499800
-1.061700
-1.626650
-0.503550
-0.200150
-0.645750
-0.566600
-0.593300
-1.464700
-0.983300
-0.679750
-1.054350
-0.286500
-0.525400
-0.445200
-0.575050
-0.408050
-0.608300
-0.679350
-1.257050
-0.507100
-0.438950
-0.637100
-0.298300
-1.054100
-0.577800
-0.964600
-0.754150
-0.410800
-0.640750
-0.446450
-1.014900
-1.381400
-0.361300
-0.622550
-1.090750
-0.865700
-0.617900
-0.949350
-0.399000
-0.843250
-0.225950
-0.513550
-0.519750
-0.819450
-0.423850
-1.385300
-1.057950
-0.630050
-0.219250
-0.205000
-0.598200
-0.732550
-0.309550
-0.479050
-0.381100
-0.559250
-0.714550
-0.382650
-1.001000
-0.583300
-0.472450
-0.984500
-1.016750
-0.358850
-0.416200
-0.779100
-0.725950
-0.601750
-0.268250
-0.411350
-0.431450
-0.482500
-0.727500
-0.365700
-0.407150
-0.650200
-1.026700
-0.448950
-0.242900
-0.834250
-1.068600
-0.548900
-0.953600
-1.442650
-1.097900
-1.432300
-0.393600
-0.623650
-0.832150
-0.368800
-0.751550
-0.856600
-0.830600
-0.499850
-0.949800
-0.926000
-0.263600
-0.523250
-0.915300
-0.555100
-0.603800
-0.737950
-0.352200
-0.591400
-0.794750
-0.656200
-0.575800
-0.550350
-0.538150
-0.772150
-1.072200
-0.758100
-0.574250
-0.596750
-1.694800
-1.263450
-0.848450
-0.477200
-0.435950
-0.645300
-0.245350
-1.238750
-1.120450
-0.538500
-0.906650
-1.080800
-0.629800
-0.547950
-0.585650
-0.724050
-0.394650
-0.617550
-0.877850
-0.564350
-0.539450
-1.327200
-0.786050
-0.418200
-0.633350
-0.760950
-0.379900
-0.742600
-0.516950
-0.518550
-1.154500
-1.038100
-0.345150
-1.008150
-0.395300
-0.419900
-0.744850
-0.590000
-0.519500
-0.555700
-0.870200
-0.511500
-0.568750
-1.268550
-0.820450
-0.378600
-1.273900
-0.608300
-0.995500
-0.776600
-0.230100
-0.703450
-0.527000
-0.248850
-0.800900
-0.475700
-0.551950
-1.048300
-0.794350
-0.513500
-1.263350
-0.347000
-0.730700
-0.828050
-0.759100
-0.319550
-0.580200
-1.181650
-0.915700
-0.531300
-0.325850
-0.970850
-0.268700
-0.459500
-0.593900
-1.097950
-0.457850
-0.895100
-0.445400
-0.839200
-0.490050
-0.881350
-0.484800
-0.977400
-0.389400
-0.472250
-1.085200
-0.777850
-0.441950
-0.815450
-0.336700
-0.342850
-0.492750
-0.630950
-0.483450
-0.595700
-0.284450
-0.551200
-0.298650
-0.417200
-1.496500
-0.391300
-0.801100
-0.661850
-0.500900
-0.488600
-0.624550
-0.716600
-1.361400
-0.608150
-1.384800
-0.903250
-0.644400
-0.926350
-0.575000
-1.400350
-0.425900
-0.439900
-0.322200
-0.463000
-0.758900
-0.953650
-1.264050
-0.538850
-0.731550
-0.967050
-0.639250
-1.646200
-0.434100
-0.836150
-0.625400
-0.958700
-0.531850
-0.541750
-0.999350
-0.524600
-0.240600
-0.686000
-0.560500
-0.330800
-0.712750
-0.647750
-1.158400
-0.490950
-0.983800
-0.216500
-0.642400
-0.651650
-1.192500
-0.605700
-0.428900
-0.355200
-1.374500
-1.436450
-0.652800
-0.202150
-0.921250
-0.517250
-0.620250
-0.390950
-0.724250
-1.390500
-0.588850
-1.487800
-0.870800
-0.640250
-0.458600
-0.645950
-0.729450
-0.457500
-0.867650
-0.646300
-0.928100
-0.284400
-1.678400
-0.755550
-0.664150
-0.446450
-0.471350
-0.446350
-0.848700
-0.295600
-0.509650
-0.865350
-0.541450
-0.976400
-0.499650
-0.648900
-0.595550
-0.668700
-0.690900
-0.387100
-0.588150
-0.622050
-1.089800
-0.480500
-0.968150
-0.944100
-0.574400
-0.457350
-0.872100
-1.411000
-0.846950
-1.590650
-1.152750
-0.446600
-0.482400
-0.607000
-0.885500
-0.450600
-0.829600
-1.501800
-0.581800
-0.337500
-0.889150
-0.574450
-0.754950
-0.651600
-0.428950
-0.370100
-0.459100
-0.839400
-0.487850
-0.671850
-0.423650
-1.229650
-0.230600
-0.687150
-0.651600
-0.411200
-0.714700
-0.912900
-0.373150
-0.790750
-0.938150
-0.650550
