13.162350
30.286190
23.812610
22.181410
18.006720
15.518200
22.362040
21.600970
34.554440
13.727170
27.159300
19.731200
19.142780
25.133260
12.182810
21.635390
30.947230
29.246900
19.207760
21.313150
19.369220
25.171360
28.462540
18.811220
18.035030
19.684980
27.152410
31.747010
28.427620
28.441860
27.286070
11.526310
16.990230
13.919230
25.047670
31.389480
26.868120
28.451270
20.896660
26.963510
32.506780
27.384720
35.341120
19.236040
29.510910
28.528580
28.549720
23.260290
22.704780
20.639470
27.256490
22.621790
24.865650
24.994930
26.913730
19.465270
36.747860
24.561550
18.668770
27.128220
24.899940
34.010210
15.689380
23.164220
24.590860
23.004770
22.252220
21.469030
24.282300
30.050110
29.529050
17.304550
31.180000
24.212310
20.363480
25.293040
25.427880
31.078720
19.524650
23.989230
23.308690
14.170890
34.419960
25.838540
23.766860
19.127020
26.473850
22.717970
19.058450
17.211900
15.114920
21.299390
19.832650
27.017450
26.762710
27.268790
26.260360
24.385980
33.649050
20.993320
34.558960
27.951770
22.380080
28.619360
32.535070
31.560350
32.779530
26.645360
28.473820
27.783150
25.189720
30.952490
27.709600
18.112250
30.573280
19.080180
18.786020
22.447380
27.822770
31.219390
38.571520
23.068460
30.251380
19.218530
35.495470
26.527300
24.195140
20.725550
22.210040
27.924830
35.007450
31.727700
22.305240
29.674280
22.044390
15.892340
33.643910
17.252460
14.593940
36.174550
33.989100
22.131980
24.805440
32.804700
26.658170
23.198890
24.453570
30.418790
28.322150
19.408750
24.923470
27.810350
28.536320
28.076490
21.714890
18.968950
27.057620
32.927880
19.994770
20.823510
33.806900
23.268380
29.548970
26.260340
25.248720
22.324030
23.680190
14.596630
18.697190
25.900060
27.645270
28.483290
30.566470
34.455250
26.944720
23.606460
20.435570
19.498250
25.903870
25.231470
25.713150
31.577690
29.393310
14.946540
21.968920
32.039240
24.902700
24.123640
29.893000
23.883090
26.888350
25.524780
25.444580
27.373700
20.805730
23.878460
15.326580
28.061360
23.609080
24.007760
20.006680
21.090430
24.815610
30.038810
27.227400
29.250020
25.300130
21.354670
23.500070
19.182290
30.839730
19.857420
33.044580
30.442040
27.503100
24.220790
34.952000
29.172690
22.427720
28.541010
22.823420
26.054620
18.476860
30.528330
18.302890
27.289760
16.806770
24.907690
26.509870
26.150510
23.662280
18.153050
25.259340
19.410310
27.488640
21.728580
19.036070
20.452790
27.489640
20.813510
18.300840
14.012920
17.441180
28.257260
31.755410
23.771760
23.051010
31.590750
29.559950
31.556150
21.713070
25.886930
15.057100
27.577870
25.471770
27.115230
30.298240
22.539130
24.414010
21.031920
24.617780
17.805500
24.686040
15.405310
18.206200
30.486640
25.781860
22.558130
28.889930
20.228430
26.294540
26.543980
31.731000
13.044330
25.410940
27.721770
30.648110
31.609640
20.556040
26.751470
24.957780
27.935600
20.499490
31.821620
33.886510
21.167650
33.216280
23.800020
23.259040
14.084350
19.461650
25.719700
21.578370
21.633390
15.644060
14.437320
30.901220
29.781890
27.716080
27.277950
27.107260
23.873730
19.165460
24.983920
27.884070
30.393690
21.539480
21.796220
27.962370
24.855270
16.648370
33.575230
23.438870
27.059810
18.234860
18.347690
28.045690
24.633950
17.069070
19.632380
19.951740
23.745470
21.709360
25.973090
26.629740
15.130600
31.782780
25.871170
16.907770
28.996930
27.530440
23.437250
23.162000
19.435370
24.644880
25.939110
27.126210
27.294950
14.741930
28.051070
19.397460
29.605450
18.951160
25.403080
23.632550
19.045250
27.782490
22.852850
27.156270
22.892830
19.338300
24.174100
35.366150
20.965740
20.929950
21.367430
31.625180
25.835670
26.971980
19.817640
33.993030
24.731780
21.995960
28.472840
20.427740
28.838710
22.286210
22.459010
29.499880
21.022820
18.494770
22.333030
18.969020
32.547660
29.908580
29.639880
19.245330
27.545300
27.012140
25.390280
34.422020
24.488820
31.503370
29.803750
36.277800
17.634080
18.931830
19.615890
29.535030
25.874130
20.536530
36.865400
30.012760
25.319280
17.752520
19.894230
21.393530
28.834990
21.440800
27.478070
30.137740
20.845040
28.076750
19.079930
38.381460
24.269620
23.201190
23.727190
17.756250
24.474030
24.858700
21.659130
16.543170
32.899660
22.602110
15.669820
21.384240
23.561220
22.370300
27.041860
17.637090
25.472530
19.735110
25.452720
16.766790
15.040060
16.038780
25.311720
17.923450
32.129010
21.025530
26.109750
26.700960
23.055200
18.788290
17.568020
18.173680
35.423520
22.457550
15.048280
20.248850
16.237710
18.420640
18.438460
23.389050
10.077490
32.209330
15.640090
27.370000
32.410910
33.561570
14.717840
21.363300
25.718540
23.325970
33.529000
19.992470
21.454310
28.034980
32.727580
15.378150
29.718560
21.010170
20.013640
23.555940
32.141250
18.375350
20.167960
15.968450
32.672270
25.371070
15.449070
27.741020
20.998020
22.242370
21.750480
25.055650
26.483260
17.005730
25.090830
34.157630
28.797760
27.866480
22.876670
19.784760
26.648900
25.971330
24.173450
21.657470
28.703510
30.017960
24.500800
16.257900
28.545670
29.073280
24.442450
23.113910
28.045250
28.932780
20.528190
28.349280
22.630470
27.736720
35.116920
25.185460
23.692740
25.654390
18.536840
25.096730
23.844780
15.075090
22.361980
25.080450
24.354310
31.782010
23.914750
20.525980
18.583140
24.826250
29.037490
35.607620
35.655320
27.830130
17.662680
18.543570
28.135020
18.652920
31.332370
32.897510
21.906360
19.194000
21.964760
21.263020
25.326330
23.946660
20.986780
29.220960
25.353770
14.993550
19.352500
24.604990
20.067530
23.342500
24.862260
22.799340
24.636370
26.913970
25.487840
29.850330
30.867300
26.168810
28.186060
25.495870
17.913560
25.970150
29.356030
29.869140
11.706540
30.170900
28.992590
26.707400
29.478110
25.881260
28.283490
32.222040
31.554270
10.728890
31.987490
32.571100
20.782610
20.015860
29.551670
19.355770
28.497450
29.632360
28.037010
25.029250
31.535500
25.145230
25.719400
34.467350
17.270700
22.075640
32.209690
34.502650
32.218820
25.794570
27.281980
26.671680
29.392650
29.726160
27.990460
26.969430
20.433730
27.310200
31.123150
36.060300
26.763260
19.433620
19.694790
23.480610
21.767550
15.279490
32.733790
13.077010
20.914300
20.423720
20.220430
22.756020
31.110860
25.550190
25.423050
17.987000
29.341770
25.666760
18.505680
32.828370
30.043970
29.231100
16.984200
29.083600
22.587050
18.776350
22.341550
16.067430
26.713950
35.920190
33.812670
20.733050
27.053160
30.080150
25.597090
24.290760
30.172840
27.390180
34.025800
28.147700
25.106300
32.187290
23.850620
19.507150
19.593150
26.520590
22.473990
15.619200
28.304220
28.592490
17.636110
29.293910
24.890760
29.372060
26.637180
34.094740
31.911910
22.916530
30.280930
21.669590
17.437000
34.659990
13.913430
29.526230
25.964230
33.862170
27.470610
31.321750
21.343080
19.465750
26.676080
28.960900
31.351980
23.939330
21.300170
15.952100
22.416380
25.112300
32.982530
26.862660
20.836620
22.963230
14.703290
28.133310
23.551160
34.766710
38.093470
27.267680
30.582850
16.698060
29.789610
17.512120
24.945740
29.869410
19.503610
26.230870
29.229270
28.925100
32.473380
23.683250
31.080350
30.830550
20.129690
28.436610
24.645800
31.907530
22.949730
29.760800
19.486340
31.780470
32.757610
25.797840
30.353110
24.525390
31.323610
30.883440
14.495860
16.990540
23.314720
16.723490
23.476260
32.395560
26.543380
22.518530
19.621770
25.114190
24.443250
31.232820
21.426500
22.578590
13.432480
26.187690
27.159350
21.110410
32.605820
26.816820
21.294540
27.563460
34.302010
23.117510
29.408330
21.545180
26.422540
16.378110
39.144160
18.411060
20.797740
24.261930
24.200710
16.570720
32.643440
22.609470
14.692320
27.180720
22.881330
29.319810
34.006380
25.711510
23.617710
26.158180
26.201040
18.862340
14.076960
29.527740
24.990360
27.816350
23.746750
25.219650
25.351860
25.841520
23.082540
15.563440
27.543800
24.959520
29.452930
26.479380
22.950110
23.932290
32.413410
20.922040
29.014920
26.322150
21.951450
18.961410
21.754420
11.718630
29.825120
25.063090
24.722630
29.900880
26.444280
31.647110
20.272180
25.903650
22.583110
18.141360
24.941030
26.526220
24.125260
21.734460
13.501430
23.340250
30.249290
27.047560
20.158370
32.470050
25.616770
21.458360
19.590420
11.324130
24.715190
17.540440
19.594340
26.180750
22.325340
31.677580
21.592670
26.746630
26.363520
14.203190
11.819450
27.534190
26.593600
29.272180
26.699550
19.082670
24.501430
26.692380
18.600610
18.114190
21.994860
24.892160
19.155020
26.244490
19.579140
21.141340
23.172390
21.290140
