53.700000
31.300000
46.800000
97.900000
38.000000
66.200000
43.200000
90.300000
48.200000
45.800000
76.300000
48.400000
88.600000
47.600000
52.000000
41.400000
34.800000
32.400000
42.000000
80.600000
44.900000
29.600000
49.200000
48.400000
31.300000
48.300000
108.200000
45.200000
35.200000
33.600000
31.000000
75.600000
64.700000
45.500000
103.300000
63.000000
58.000000
38.500000
44.200000
35.000000
34.000000
50.400000
34.100000
50.100000
38.300000
36.200000
92.300000
30.500000
54.000000
96.700000
46.400000
55.100000
58.400000
92.900000
46.200000
76.100000
77.200000
98.000000
88.800000
52.400000
37.400000
41.200000
89.900000
78.800000
35.500000
44.600000
43.700000
49.500000
51.800000
45.000000
76.200000
53.000000
40.000000
72.700000
54.300000
50.000000
34.100000
41.400000
92.200000
99.000000
46.600000
60.100000
81.800000
90.800000
75.600000
93.200000
40.900000
49.000000
26.500000
52.600000
76.000000
37.300000
43.000000
53.800000
40.600000
43.100000
40.800000
89.500000
83.700000
64.700000
43.400000
45.000000
88.400000
47.500000
42.600000
44.900000
53.800000
39.700000
97.300000
40.300000
29.700000
46.600000
41.200000
57.800000
106.800000
39.000000
47.700000
59.000000
35.600000
29.200000
36.400000
76.000000
45.900000
44.000000
50.100000
95.000000
46.900000
41.400000
49.100000
47.100000
38.300000
37.500000
40.500000
50.100000
41.100000
44.800000
39.700000
43.800000
36.700000
54.200000
56.200000
36.400000
70.200000
87.200000
35.800000
43.300000
87.700000
35.600000
42.500000
108.500000
49.800000
64.600000
47.100000
40.700000
39.100000
95.800000
42.700000
42.200000
24.500000
45.100000
53.500000
75.800000
97.400000
43.100000
81.100000
50.900000
53.800000
69.900000
47.700000
43.700000
81.400000
78.000000
44.500000
54.800000
43.200000
57.600000
47.900000
79.900000
79.500000
84.500000
44.200000
57.200000
43.700000
48.900000
51.500000
37.900000
92.800000
95.800000
52.100000
66.100000
37.200000
52.400000
34.400000
68.400000
45.900000
41.000000
43.200000
113.500000
54.600000
44.700000
46.900000
61.500000
21.400000
44.500000
79.600000
39.200000
82.700000
25.300000
36.600000
82.800000
38.400000
40.700000
49.100000
41.900000
37.800000
45.100000
91.000000
43.300000
43.400000
41.500000
46.700000
79.200000
42.400000
50.200000
36.300000
33.600000
62.500000
44.000000
100.900000
89.200000
89.800000
86.600000
36.000000
87.200000
46.400000
43.000000
31.900000
84.200000
34.900000
38.500000
49.800000
44.500000
44.500000
38.800000
98.800000
48.000000
21.200000
53.700000
43.600000
82.500000
64.600000
38.300000
59.900000
100.700000
54.000000
35.800000
56.500000
81.900000
85.600000
38.000000
39.800000
34.300000
52.200000
59.100000
36.100000
91.700000
79.500000
44.600000
48.900000
50.800000
42.000000
81.600000
87.500000
38.200000
83.000000
56.500000
47.900000
44.600000
30.400000
53.100000
43.800000
88.300000
48.200000
60.400000
54.500000
36.500000
39.900000
61.800000
43.300000
32.100000
36.200000
44.000000
41.000000
25.800000
43.800000
38.200000
43.200000
88.600000
94.000000
54.000000
36.800000
43.800000
42.800000
37.900000
51.800000
41.600000
56.100000
85.500000
80.300000
43.300000
74.000000
49.800000
43.100000
36.400000
51.500000
45.900000
36.100000
41.100000
38.000000
44.000000
39.700000
54.700000
17.600000
103.000000
41.500000
37.500000
52.800000
38.800000
39.100000
37.900000
101.700000
71.900000
91.800000
44.200000
40.300000
55.500000
51.600000
48.000000
44.200000
36.100000
52.900000
92.700000
45.200000
47.400000
54.600000
42.200000
40.500000
106.900000
46.500000
89.700000
37.200000
48.900000
46.200000
43.000000
61.000000
45.000000
49.200000
31.900000
40.000000
38.300000
44.700000
108.400000
82.000000
41.700000
50.400000
73.700000
57.800000
44.700000
76.700000
40.600000
102.700000
34.700000
42.200000
29.600000
48.900000
59.200000
59.000000
55.400000
31.400000
38.000000
100.000000
36.600000
58.300000
43.800000
44.700000
66.000000
47.400000
47.400000
71.500000
99.800000
47.500000
37.800000
44.700000
50.400000
41.900000
46.000000
89.400000
48.600000
38.600000
72.800000
88.500000
70.500000
45.700000
87.200000
33.800000
74.700000
44.800000
22.100000
106.600000
45.900000
106.600000
51.200000
43.300000
40.300000
38.700000
65.900000
48.100000
44.200000
83.800000
51.900000
101.000000
41.000000
44.700000
104.800000
60.700000
41.300000
91.100000
42.700000
47.300000
59.600000
89.200000
13.700000
40.600000
50.100000
60.300000
80.100000
75.600000
36.300000
42.200000
48.200000
47.400000
37.400000
42.900000
77.400000
39.700000
40.300000
27.400000
43.000000
45.100000
45.700000
50.900000
35.500000
45.700000
49.000000
36.000000
41.700000
56.300000
85.300000
45.700000
42.500000
25.300000
69.800000
24.800000
39.200000
81.100000
48.600000
31.200000
78.200000
45.700000
51.900000
38.400000
33.400000
28.800000
73.200000
35.500000
49.400000
44.000000
65.700000
63.900000
83.100000
77.100000
85.100000
44.100000
42.700000
49.000000
59.200000
66.400000
41.400000
40.800000
91.500000
44.400000
50.300000
26.100000
76.500000
45.500000
46.100000
90.100000
99.600000
48.300000
42.800000
38.000000
78.700000
40.500000
39.500000
55.400000
68.000000
39.000000
52.200000
72.500000
106.000000
49.000000
45.200000
71.800000
86.800000
67.600000
53.500000
42.100000
56.200000
70.200000
80.100000
52.300000
35.200000
50.100000
26.700000
44.600000
45.400000
39.500000
50.100000
48.800000
38.900000
52.700000
55.300000
96.100000
91.600000
66.100000
46.900000
70.900000
35.500000
33.700000
42.600000
42.800000
40.500000
77.200000
87.000000
90.600000
43.200000
47.700000
37.900000
15.700000
38.100000
40.700000
38.800000
49.300000
38.200000
64.700000
95.500000
59.000000
87.000000
40.900000
40.100000
48.700000
42.500000
62.500000
65.900000
88.200000
53.600000
41.100000
88.100000
50.300000
40.900000
90.400000
45.700000
37.100000
37.900000
49.800000
80.000000
45.700000
87.400000
87.400000
49.700000
74.400000
93.200000
56.000000
45.300000
48.200000
50.800000
70.300000
28.800000
37.300000
17.200000
91.900000
71.300000
36.500000
39.000000
40.500000
37.400000
46.300000
48.100000
39.300000
90.900000
43.100000
93.700000
50.300000
80.100000
47.600000
36.100000
45.100000
70.500000
91.000000
49.600000
37.600000
76.400000
28.500000
32.400000
32.800000
69.100000
40.500000
77.200000
75.600000
35.900000
74.200000
44.600000
35.000000
45.300000
95.700000
93.600000
53.000000
39.300000
41.100000
45.200000
40.800000
38.800000
40.000000
50.300000
49.600000
70.700000
20.000000
83.100000
42.200000
74.200000
43.000000
48.500000
55.900000
46.500000
78.400000
90.400000
94.600000
61.900000
46.900000
43.300000
42.500000
44.900000
45.700000
43.200000
36.100000
76.400000
69.700000
45.300000
37.300000
47.700000
44.700000
90.300000
51.500000
92.500000
53.100000
23.900000
94.800000
54.600000
101.300000
22.300000
32.100000
40.200000
81.000000
34.700000
55.500000
39.400000
42.500000
84.500000
93.000000
27.700000
76.000000
43.200000
55.000000
51.100000
80.400000
33.500000
39.700000
46.300000
37.900000
40.700000
39.800000
75.500000
34.100000
84.900000
95.700000
45.200000
56.700000
36.800000
35.900000
41.200000
38.900000
42.100000
83.800000
88.500000
110.800000
40.900000
39.300000
66.900000
54.400000
88.100000
44.200000
41.700000
42.500000
48.700000
81.600000
39.100000
59.600000
24.300000
44.100000
48.500000
60.400000
44.100000
50.000000
86.400000
47.100000
86.500000
46.500000
32.600000
32.000000
42.900000
44.100000
33.400000
32.200000
47.300000
45.400000
72.900000
49.600000
58.400000
41.400000
90.000000
46.400000
46.300000
48.300000
82.400000
73.100000
31.500000
98.900000
49.400000
72.100000
54.900000
52.300000
76.100000
31.700000
53.000000
44.000000
81.400000
37.300000
93.700000
83.200000
44.600000
74.000000
71.000000
61.400000
47.700000
79.400000
29.000000
90.300000
63.700000
45.200000
68.100000
95.900000
51.900000
55.800000
86.700000
93.000000
47.700000
102.900000
72.400000
30.400000
83.300000
41.700000
37.900000
47.800000
36.700000
45.000000
79.600000
37.700000
35.400000
33.500000
59.500000
44.200000
38.000000
36.500000
80.300000
49.400000
47.200000
28.400000
97.700000
51.500000
41.400000
45.500000
93.200000
37.600000
55.700000
70.200000
47.900000
53.600000
63.400000
72.200000
41.000000
38.900000
43.100000
51.100000
78.500000
98.500000
61.300000
45.100000
44.300000
33.900000
37.400000
