110.8
88.7
75
97.9
102.1
74.2
88.7
77.1
55
105.4
42.4
75.9
83.2
99
103.5
79.1
44.9
125.1
74.5
107
118
87.9
108.9
88.1
101.3
105.6
77.9
98.3
111.8
34.5
43.4
102.5
97.6
97.1
98.6
75.6
88.4
101.3
104.6
104.7
97.3
108.6
112.3
107.3
82.6
86.8
104.3
74.1
114
87.6
109.3
89.5
68.4
85.7
109.8
74.6
55.3
118.8
38.3
107.7
77.4
115.1
107.5
81.3
86.3
108.5
93
36.9
94.6
111.6
92.8
108.5
106.9
84
55.4
88.9
50.5
81
77.3
80.4
81.5
77.5
118
57
95.8
88
96.3
90.5
113.6
95.6
98.1
86.5
112.7
43.7
111
108.4
104.5
86.3
116.9
40.5
122.9
82.1
91.8
93.8
97.5
98.1
106.7
56.2
103.9
113.6
89.8
102.2
109.5
52.1
99.2
114.1
111
99.5
89.2
100.4
52.4
112.6
40
88.8
104.7
90.6
97.1
97.6
108.6
88.6
90.6
84.1
95.6
96.8
70.4
99.3
45.7
120.9
40.6
105.4
98.4
50.3
106.1
59.1
94.5
68.5
110
105.7
92.1
95.3
95.4
81.2
82.5
95.7
76.8
113.7
88
87
115.2
111.6
55.9
104.7
44.7
72.5
108.8
59.2
103.8
94.1
96.5
113.2
113.4
43.5
99.6
91.2
79.5
48.6
88.7
88.1
113.6
103.5
112.7
75.9
114.2
74.5
97.8
79.5
85.5
112
71.1
91.8
82.6
87.2
34.5
104.6
106.2
112.7
76.7
100
100.9
101.5
56.1
89.2
106.4
115.4
114.7
50.2
64.9
112.7
66.4
94.8
98.5
65.1
104.4
99.8
112.1
60.9
105.8
98.8
49.9
111.5
73.6
91.6
61.2
93
56.5
95.9
109.2
86.1
108.3
90.7
96.3
80
103.3
103.2
95.2
59
67
110.1
100
45.7
98.7
73.2
73.2
95.6
99.3
103.6
94.1
50.6
94.8
54.9
44.7
100.6
101.2
107.6
98.4
65
106.2
109.8
111.5
83.9
104.9
96.6
99
116.9
95.1
75.8
110.7
59.4
121.4
89.5
90.8
82.1
99.4
98.7
82.4
123.6
89.5
116.2
82.8
40
102.8
85.3
106.8
111.5
89.9
108.9
129.9
110.6
93
102.9
75.9
120.2
88.3
97.6
105.4
102.7
101.8
61.6
87.7
94.6
129.7
98.3
88
89.3
95.1
108.5
121.7
106.7
104.6
110.6
93.8
111.3
55.3
90.1
83.5
46.2
69.7
96.3
115.6
50.6
65.8
107.2
102
76.7
40.1
104
101.3
104.8
102.6
86.1
88.5
80.7
90.4
57.7
100.7
41.6
62.1
101.4
104.7
85.5
104.8
49.3
105.3
94.5
102
101.7
94.8
121.2
117.4
57.5
98.8
81.4
96.6
119.7
110.4
92.5
103.3
109.9
102.5
81.8
98.9
113.8
92.7
99.8
94.3
119.8
86.7
97.6
46.4
85.5
48.8
86.7
100
93.4
77.7
108.9
94.7
97.4
95.1
92.9
96.9
91.4
98.5
34.8
98.6
93.3
56.5
117.7
78.4
95.5
56.6
65.3
56
55.9
106.3
116.5
113.1
88.7
96.6
107.1
97.9
106.1
94.6
96
98.4
75.1
99.3
90.5
82.3
94.9
49.3
88.3
96.4
119.7
62.6
110.2
78.2
37
75.1
91.3
65.7
63.2
49.7
93.7
50.4
99.9
105.8
111.6
77.2
108.9
91.7
51
128.6
98
88
96.1
102.3
67.5
85.4
89.2
103.6
90
69.7
95.1
113
48.1
100.1
85.4
92
109
59.1
87
93.6
87.9
82.9
104.8
118.7
107.2
96.7
74.3
90
50.6
94.3
67.3
108.4
77.2
86.5
117.5
45.3
72.3
88.2
52.1
54.2
85.8
53.4
115.1
101.3
38.9
93
114.2
95.2
101.1
102.8
119.5
87.2
77.3
94.2
81.3
80.7
96.2
38.3
103.8
96.8
86.4
109.6
45.7
98.6
104.5
74.7
80.7
77.8
118
97.5
50.2
99.3
73.1
105.8
64.6
99.2
86.9
93.2
40.6
98.1
107.2
105.6
54.9
71.8
118.9
76.6
54.3
102.3
50.1
84.8
92.8
85.9
94.2
68.5
76.4
85
78.4
103.3
103.5
88.6
54.5
103.4
81.8
104.5
115.5
101.8
85.9
113.8
126.3
97.1
66.8
104.6
104.5
55.7
88.4
98
80.9
105.1
130.2
41.9
92.7
50.2
97.9
92.4
66.9
58.6
104.4
97
80.8
60.4
86.2
99.7
120.7
104
90.4
52.5
73.2
101.7
98.7
90.3
57.3
110.1
106.5
64.5
87.1
95.8
100.3
49.9
63.1
109.2
100
97.9
110.6
99
96.9
101.8
57
80.6
75.5
89
75
105.3
64.7
117.3
109.5
97.5
113.5
95
101
117
85.5
103.7
102.4
76.5
121.6
101.5
50.4
113
102.7
117.3
100.4
90.9
98.1
108.9
106.4
62.2
98.7
96.6
85.7
55.7
64.1
42.9
84.9
91.1
74.8
114.9
39.1
99.9
109
61.9
94.4
104.2
37.3
123.7
96.3
92.8
65.9
113.8
103.6
64.2
109.6
93.5
75.2
105.9
46.6
92.2
100.4
91
119.5
105.7
105.7
80.9
110.7
74.4
56.5
103.3
64.5
61
36.7
108.4
106.9
103.5
44.8
96.9
102.6
99.1
120.3
117.3
60.8
39.1
35.6
76.9
102.3
61.9
102
106.2
81.6
118.1
39
60.8
104.8
87.4
92
39.6
90.7
101.2
98.3
117.4
104.5
106.3
64.7
90.1
114.6
100.7
115.6
99.7
101.7
64.2
111.6
123.5
97.9
51.4
79.9
49.8
101.7
109.9
61.1
45.1
114
116.4
102.9
78.9
99.7
55
120.4
118
116.8
68.2
115
84
102.4
58.1
97.8
87.3
95.5
110.2
121.7
39.5
119.1
115.4
48.8
91.4
98.4
102.9
108.7
81.5
106.4
74.6
128.4
105.7
40.1
112.7
123.5
94.2
111
65.8
58.8
88.2
107.8
118.5
103.3
72
70.7
46
84.2
66.7
54.3
100.7
55.5
90
74.9
82.3
126.2
81.2
81.6
98
71.6
110.8
60.6
97.9
124.3
102.4
107.5
116.6
46.3
85.8
97.9
100
112.8
104.2
102.5
80.8
54.1
50.5
92.2
82.2
60.3
91
70.7
60.9
92.1
98.4
120
60
105.8
87.8
117.5
66.1
102.9
97.2
98.2
111.2
50.5
117.4
100.9
90.7
113.8
99.3
78.7
110.5
98.4
84.4
95.3
97.6
92.8
67.1
118.3
70.6
104.3
110.3
89
96.4
87.8
65.8
38.3
92
94.5
103.2
109.4
103.9
94.8
45.5
113.1
75.9
88.9
83.6
111.9
97.5
120.1
95.1
64.7
92.6
76.9
103.1
104.3
101
52.5
89.8
121.4
118.1
94.3
102.8
120.8
97.6
105.5
51.6
86.5
80.6
69.6
94.4
51.5
47.4
86.4
67.7
119.8
75.5
98.7
105.8
56.8
111.2
99.5
96.6
84.7
88.9
94.9
112.4
109.1
54.6
66.3
93
53.2
53.9
98.8
90.4
115.4
89.5
88.5
88.3
101.7
104.8
75.8
92.6
92.2
110.7
116.8
98.8
72.2
64.5
96.3
106.3
90.2
106.2
87
59.7
74.4
92.4
86.5
101.1
61.9
98.3
57.1
94.8
92.1
66.7
101.3
113.9
118.3
114.2
56.1
89.3
98
76.9
104.9
97.3
110.5
81.5
43.6
111.6
88.7
91.7
88.9
74.4
89.8
68.3
68.3
85.9
99.1
91.1
74.9
42.4
92.6
41.1
89.2
90.5
97.7
115.7
91.7
36.3
89.1
94
86.9
129.3
124.1
110.8
56.9
53.5
43.5
107.6
97.1
77
56.4
116.8
104.4
111.3
90.6
63
118
109.1
59.7
88.2
109.6
77.9
100.5
77.2
115.4
102.3
85.9
118.1
85.5
101.1
44.7
67
108.4
93.4
73.6
97.8
103.8
100.9
112.7
96.9
91.5
79.5
81.7
102.6
87.7
107.1
111.4
65.1
107.3
114
82.2
97.7
102.7
100.6
105.4
94.8
98
49.2
99.8
102
88.9
104.7
124.8
103.1
115.1
121.5
113.4
94.9
117.1
104.2
103.6
92.6
85
46.3
93
111.4
94.4
68.4
48
67.6
101.8
106.6
112.9
117.7
111.3
73.2
101.6
87.9
38.6
44.4
107.7
67.3
100.8
106.6
72.4
106.2
93
98.6
45.7
113.8
88.2
103.9
67.4
87.4
102.2
109.8
62.5
78.9
111.2
113.8
104.7
68.9
94.4
39.6
51.7
105.8
63.1
97.9
107.9
118
90.6
66
86.7
117.2
52.7
119.6
99
95.2
88.7
55.2
90.8
112.1
103.5
89.2
107.1
103.9
54.6
119.9
95.6
101.4
102.3
44.8
111.2
92.8
94.2
122.1
93.8
101.4
106.1
85
97.6
121.9
36.9
93.7
98.3
78.6
66.6
47.4
72.8
100.9
56.1
115.8
80.8
102.6
103.1
79.9
99.2
79.2
100.2
48.8
91.1
96.1
91.8
68.3
115.9
99.7
37.5
85.5
76.8
63.7
59.5
88.6
89.3
85.2
101.2
102.1
114.9
113.5
87.9
51.9
104
103.7
58.7
91.9
103.1
64.3
81
109.7
92.2
83.1
59.7
100
102.5
94
54.9
91.2
103.7
56.1
107.5
121.6
93.4
107.8
106.8
