62.007124
16.067005
73.486592
29.500413
37.379114
40.329507
33.397578
52.620940
50.018962
65.443372
68.064119
51.086290
48.995572
42.452695
61.662856
57.014615
27.737795
36.386872
57.069160
44.587788
59.268101
52.280039
46.590993
24.239659
20.921816
61.757646
43.821279
38.368831
43.669231
38.947446
36.789258
39.457778
35.356274
33.603520
67.804180
37.693512
31.013672
32.956088
52.655921
68.707098
42.235590
76.011086
67.788125
71.506624
64.775041
33.300650
37.878006
35.076503
60.018265
53.196067
51.315960
40.673194
56.869297
50.625967
59.894239
56.402358
31.245290
39.248197
57.719159
43.709892
37.108623
36.267841
46.444543
56.059262
56.263103
31.882528
67.005851
54.093785
44.803629
26.156514
23.330509
38.267916
55.763697
29.560919
42.568619
33.981223
36.095271
47.356133
40.173062
36.199487
66.913121
26.344756
43.896677
55.323707
25.335243
70.216288
26.777094
33.987751
11.516376
59.933858
23.965142
26.752984
46.730045
39.204146
39.129219
62.059285
33.089453
59.859577
19.018214
43.686473
41.785069
33.260821
62.065574
27.523507
65.718505
57.111077
46.355255
70.941963
49.487434
54.554170
36.874670
43.214839
31.291952
36.295963
44.784325
58.849180
25.462150
28.322509
47.986536
61.567922
60.153796
30.343677
23.139925
27.506969
23.489070
39.034766
37.006908
32.719563
50.389232
26.604186
65.580122
38.688610
40.975368
37.438956
43.821321
72.040917
28.835973
50.893576
37.512253
29.578402
63.049874
26.467792
50.353720
34.564231
15.219992
63.321061
69.816673
21.589067
16.812651
54.883093
29.215565
71.563830
31.722911
27.738119
27.739629
40.687871
65.271531
49.271236
47.764119
39.053553
24.867712
62.046498
43.274379
27.786457
59.141365
42.535332
53.757753
31.596107
38.994804
22.638439
67.311955
45.644008
47.664817
30.069484
47.380775
60.870015
66.079264
43.576097
57.136572
37.913874
71.930982
40.980467
33.091756
62.517182
43.339652
55.266567
31.463508
54.115141
57.341362
27.265781
39.784797
36.813261
42.307988
47.709373
29.160923
58.761298
53.515621
62.544225
37.041619
62.085973
38.045957
38.697368
24.893889
28.963626
42.058363
49.715206
72.261897
23.504264
35.031602
39.737663
14.137505
41.630776
74.205381
55.873818
41.131746
45.194532
58.779464
48.032216
55.984674
68.859928
31.010313
34.476032
23.821585
48.904836
19.419043
33.957526
45.811082
33.797887
52.541208
54.621100
25.080737
39.254955
24.837972
65.298932
36.618399
43.845786
26.553870
54.864934
33.413651
29.557199
34.967453
60.489429
69.967755
33.967500
34.462363
41.498818
46.327037
41.013320
41.569772
53.185745
12.209826
70.951010
57.947938
56.600112
52.018579
48.753311
37.468056
66.020309
61.134772
27.054003
58.312266
29.627274
72.935531
37.106606
50.159194
31.736709
43.416708
61.893879
33.810545
51.576937
70.674804
41.292689
17.289847
33.903551
58.858166
44.190137
56.303929
53.628007
27.431989
53.692765
61.384227
64.236439
58.078597
26.844546
51.890481
45.353994
58.165308
19.567546
73.104680
55.391853
35.600956
60.901332
17.475994
24.247000
47.897392
55.064763
33.422306
65.137492
29.299692
29.873037
61.601667
49.006198
40.642074
32.682828
30.099314
49.387613
27.603297
60.755515
41.483795
44.924762
30.587666
31.479826
70.828716
44.763457
46.166017
51.698481
52.418037
46.100047
44.355515
31.457615
14.770065
21.667535
17.690807
43.115881
23.268074
17.820246
38.954430
60.435503
43.196300
35.197735
56.936106
26.439961
33.848990
61.378399
65.135211
32.960752
59.748617
42.808585
38.994604
16.869023
58.305579
44.622027
21.468613
53.816718
24.803150
43.099967
37.074083
66.651602
67.708819
29.062265
42.334271
24.302362
26.208273
30.439192
68.929609
64.433220
53.262022
30.456221
46.971274
64.452327
43.900323
39.330506
56.729666
28.325701
45.230034
77.410832
44.319540
30.348542
52.821839
21.341856
35.729940
18.449315
34.741613
48.311047
20.352196
49.108571
58.398811
41.387485
30.819393
30.586869
33.563073
25.187867
44.368324
62.940982
62.071542
42.444923
35.053779
27.601695
26.538183
50.663887
50.578225
77.429077
68.581630
51.125990
43.509154
67.576736
38.871209
68.557924
65.468418
41.719095
49.273833
35.815460
22.108447
60.226160
45.812509
29.397407
59.587873
14.084743
51.005487
54.014757
35.097529
41.948425
25.216193
42.095694
26.737829
50.829580
45.599712
43.687702
74.720588
68.069046
57.094691
22.717695
31.557599
52.386166
40.934892
41.536535
38.208068
53.849483
23.174147
33.887309
44.385200
20.262446
29.117127
17.597452
39.460673
50.364357
24.640970
22.022797
62.948877
64.186787
53.883228
25.605646
37.467084
50.516687
59.035956
29.337891
35.347620
34.406257
43.778052
20.737104
33.860620
42.905501
46.215904
64.162767
18.105327
28.051951
25.294009
65.249057
42.393222
45.343174
61.816913
29.323960
32.675030
48.848616
37.462104
20.402592
34.936324
47.509231
31.707945
47.101435
30.111876
55.225626
37.867366
61.607702
76.245488
47.184350
55.372064
50.387902
46.508965
46.785113
41.329450
44.040873
37.793261
61.924927
29.442902
53.706703
39.231205
48.317966
33.998628
55.349163
41.244643
26.077619
59.654781
40.608009
49.326335
21.326453
28.706670
56.445938
63.076718
58.838424
69.795689
68.458487
54.240455
57.755878
51.909797
55.392035
15.994021
72.442639
41.674600
51.360132
23.518832
53.571592
22.727423
47.962401
47.111710
38.066524
30.371364
49.464311
15.524609
26.270725
63.878714
33.283826
34.035671
31.299309
45.632800
34.414822
29.334494
28.119063
17.612046
24.691766
48.688479
29.625623
72.201354
44.293018
38.579307
39.594998
50.978594
23.912858
39.231115
59.057338
40.460612
61.690921
67.518845
58.829515
66.485680
46.754707
32.462646
45.310060
26.369267
35.412476
33.046545
65.019382
36.589477
63.959515
39.767088
46.223377
48.088238
68.947946
19.033328
78.061715
30.509920
44.035700
34.666814
57.461195
52.579318
36.995679
62.280927
49.741988
16.337090
55.915197
48.178258
40.293579
23.013308
48.136530
52.689549
53.046470
49.965477
22.962934
60.036295
39.223194
58.632091
42.028243
45.048805
72.477640
54.994779
39.257605
36.753333
39.026453
61.712612
19.793835
60.228481
48.083565
42.236619
50.314591
21.331518
30.746566
50.146634
39.510106
33.585116
32.158196
38.358141
43.221236
55.966234
51.835260
60.234853
20.037961
36.076360
60.670754
41.945365
26.160068
50.098179
49.736945
30.772962
20.861607
20.552896
23.957596
37.249183
33.674659
53.918252
25.570474
54.150402
46.349613
45.407595
28.470741
53.329746
55.822137
28.432252
29.269426
55.608637
37.640421
51.200265
32.256100
58.581365
27.856924
38.282125
56.965268
31.159697
62.393196
53.926425
51.224482
46.820575
25.113686
27.559479
27.813863
41.425262
55.854199
44.465736
43.928320
62.820592
37.193111
24.467090
22.751534
44.421597
38.664889
42.873459
42.940460
41.563240
47.876704
57.714640
48.010313
31.695662
25.731240
35.244535
38.960517
51.089745
55.998164
68.524163
32.305293
51.176436
22.920833
47.702519
41.425438
43.218403
51.511994
46.304692
63.120924
50.955834
51.542246
39.840372
22.195852
35.923017
69.462681
37.073312
54.855562
52.955969
73.856862
28.483427
56.358977
35.899915
21.724490
37.442682
56.643256
63.312129
53.283839
32.639299
34.864376
33.339271
58.490908
22.528757
71.843190
22.802430
67.230968
27.424810
26.463801
52.325878
50.571472
59.800337
18.572988
51.812185
38.481044
48.088666
70.513800
58.837248
46.620388
53.060039
43.018473
42.027642
24.000323
24.968728
22.700050
53.485850
25.848469
35.532822
41.350635
56.260639
49.771429
56.863027
48.220209
40.183570
72.650703
37.660179
23.054179
34.204107
43.473127
55.834595
55.542883
52.759801
29.769868
65.617227
68.717766
37.618573
27.512244
47.004358
37.014858
67.588919
40.494577
41.343461
53.904649
41.433303
40.030318
52.093746
48.446669
18.451127
21.650723
36.161464
61.802857
25.388226
51.215990
24.450926
43.572828
27.891074
24.153535
37.325677
54.645021
37.393733
52.141635
56.872859
34.214629
13.550260
30.881255
59.596022
61.913803
32.126583
49.008887
47.955302
59.157153
30.469930
30.514270
60.452352
22.026109
59.715257
42.073681
48.510653
63.337229
39.817201
57.629566
73.657928
44.503917
56.737961
56.058313
32.714202
49.926270
26.948265
51.688104
51.081485
27.610384
31.563247
27.614478
48.913873
54.407538
53.617620
37.972759
62.052974
40.785754
44.240829
54.563454
54.520036
49.928444
38.430426
34.696845
32.803288
42.365560
28.625616
75.346276
31.199653
32.408181
52.164055
30.437876
44.372536
30.191287
