9.961200
8.670180
11.655510
12.092380
11.701810
8.251720
9.949990
11.873580
11.809030
12.163830
11.989340
7.945490
12.260970
9.611980
8.667580
13.259060
12.210440
8.783030
9.251170
10.008930
12.219570
10.549760
9.631720
9.961930
8.436690
10.616520
12.730540
11.072940
9.333510
7.941810
8.417870
12.283490
7.876360
12.011750
9.670140
10.348560
9.734430
9.669870
8.748670
12.433030
9.330860
11.054300
12.920750
7.097210
10.425580
11.634860
13.080960
10.385310
9.466380
9.163160
10.768600
10.500780
9.018130
8.914880
10.868910
8.112220
11.013740
12.314950
10.985330
12.218990
8.276810
9.135640
11.533920
9.604920
8.317580
8.353620
11.222190
8.580720
10.228830
12.263430
9.090050
9.186360
10.599760
13.102080
7.054360
12.319240
11.645230
9.845600
11.728490
11.841550
13.515660
6.809980
8.078340
10.336590
10.887150
8.933250
9.026800
9.317810
8.558870
7.349510
13.088820
9.276980
10.921440
12.377770
11.317180
9.855630
10.202250
10.402290
10.183190
8.010320
11.383500
9.812860
8.932360
10.418370
8.141220
11.861440
8.418080
9.963580
11.130360
11.141700
12.323700
12.398050
8.410700
8.002150
9.565810
8.865320
13.099110
11.719570
9.320550
10.977040
11.300230
7.614390
11.470490
8.282550
12.992140
9.877190
10.878470
9.062660
8.144860
10.700980
8.953500
13.115000
13.153070
12.303580
10.979080
10.824560
8.585590
13.496590
9.903430
8.811200
10.954230
12.996100
9.241060
10.845910
12.182730
8.741180
8.351210
10.084500
11.592430
11.802470
10.714840
7.764860
9.991950
6.916830
7.438780
8.529450
9.128030
9.065850
9.735100
11.044240
10.669340
10.830800
12.344980
11.038720
9.507810
8.136180
11.707790
11.904030
9.398890
10.941810
8.225790
9.231900
12.877550
8.042750
10.138940
9.918840
13.198110
13.381130
11.474420
10.946170
9.855670
8.702800
10.943140
11.297870
8.045060
7.964690
11.223790
11.428440
11.359970
12.776750
11.808430
10.845000
11.408580
9.789490
10.644450
11.142290
10.878220
13.186680
9.490180
10.255820
9.912430
9.501550
8.417060
10.127620
8.099630
9.687300
7.054650
10.249810
11.800170
8.333090
11.874500
11.186150
12.052570
9.435970
11.359500
10.410960
11.887520
11.895980
12.625040
10.061170
11.467680
9.669330
9.757180
9.401810
10.345400
8.597830
11.559900
10.327930
12.461700
8.219750
10.417990
8.885720
9.034580
9.758370
12.143310
9.863520
10.939230
10.288420
13.024990
8.962230
12.740390
10.984860
7.887920
10.368310
7.617510
9.215160
11.242270
10.127890
11.072990
12.637600
9.113380
12.537500
10.078200
9.471250
8.244670
9.127900
9.649390
12.602130
9.138140
8.838270
8.005130
9.998330
12.884060
8.264690
9.234250
7.667180
8.751730
9.787840
10.885060
11.207550
12.575700
8.367430
10.880780
11.103640
8.995390
10.321870
11.998220
10.299120
10.499530
9.746500
8.686750
13.010840
8.214710
13.302400
7.642470
10.065880
10.582610
10.715710
11.455800
10.006590
11.020960
13.274850
10.765210
10.176850
10.904680
7.894590
10.118380
12.338470
12.707900
10.818070
9.661210
8.841440
11.535990
9.280600
9.131940
9.705510
10.920560
11.571330
12.638300
9.823620
8.111450
12.173830
8.232210
10.208000
12.931020
10.920540
11.699930
13.163470
8.900680
13.069460
10.811690
8.029910
8.754170
8.677440
10.116990
7.319440
7.843760
10.892640
8.408790
9.880140
12.841530
11.901580
10.008150
9.363620
9.386460
10.404140
12.118580
9.309960
11.047390
7.045300
9.580020
10.620120
9.568210
11.182190
7.102850
12.682550
7.978470
9.809110
7.232830
9.946270
11.256410
11.116400
10.223020
12.633910
9.678910
11.594860
9.467250
6.685710
7.417210
10.821660
12.699450
9.775560
7.948660
9.905480
9.014680
9.995220
10.961850
10.873260
9.170510
9.216230
12.952840
12.421860
8.588090
10.895440
7.142960
9.214230
7.510240
8.129420
10.928660
9.489950
11.220480
9.728050
9.713360
10.513330
12.355830
7.717790
8.408010
8.551900
11.597220
12.408850
11.491150
7.490450
7.961640
8.035940
11.033350
9.413670
7.972310
10.358040
14.490840
13.626010
11.146180
8.359790
10.478430
7.802790
11.552740
9.679920
8.652250
10.742820
9.976060
7.019470
9.338030
6.787110
11.786200
9.192260
7.873250
8.127640
8.633800
9.820190
8.688010
9.393880
10.847500
10.722630
11.049410
14.175700
10.901540
13.313490
10.572190
8.811590
9.021620
8.060920
12.210310
7.817140
11.267690
9.565280
9.301400
10.797870
11.343610
7.598780
11.809030
10.932180
8.134690
8.065300
13.492650
10.750470
10.786780
11.776100
11.645110
11.079470
8.831750
12.265250
9.108900
9.422840
7.967840
10.363040
12.176820
9.806470
8.095660
10.870260
9.974170
13.331690
8.988420
11.242390
11.875800
11.849040
6.710940
7.660410
6.902640
11.618630
12.481880
9.726590
11.755650
9.220680
8.856590
7.036660
11.160960
9.785240
11.375660
11.544560
10.018940
11.915520
11.809400
9.775950
8.150360
9.346340
9.829920
8.190040
8.675460
11.607770
9.170980
12.693400
10.182200
10.368800
7.333840
9.809570
9.396420
9.672430
10.110800
8.172830
8.690490
8.893550
11.846330
12.666530
8.508270
7.695720
9.530420
11.073090
10.185190
13.221110
8.009210
11.075120
9.353810
10.962400
8.659580
11.382360
9.382010
11.540920
10.867980
10.607190
10.042070
9.528470
8.669020
9.981430
10.394480
10.291210
10.768980
9.533740
12.611030
9.027190
9.899700
9.060370
7.848200
8.219670
11.797000
8.981960
6.738830
11.644330
7.490680
8.549670
7.812380
7.626290
10.782250
8.783860
8.448800
10.072180
10.888750
9.297030
8.089410
12.274280
8.549080
11.766530
11.910660
10.101480
12.795720
11.212910
8.474070
13.587150
8.732380
9.131030
12.031220
7.811120
10.122320
12.733650
10.519120
7.153410
10.681060
11.855390
7.249290
8.694480
12.092090
7.797930
8.720700
9.969040
10.910560
7.246090
11.952610
12.589480
11.885370
8.675790
11.008120
10.148790
11.672990
9.045590
11.562460
9.022900
9.922780
12.869030
9.028170
9.201120
7.641090
8.511520
11.282040
13.606190
10.275190
9.952320
7.820790
10.916520
9.953450
10.297940
8.908450
9.085140
8.726530
8.691160
11.373210
9.908650
10.532630
11.180870
9.561870
8.396690
13.138630
9.773050
8.774830
12.472070
10.588640
9.598300
10.801730
9.345410
9.389450
11.751100
9.163210
9.071940
7.819030
7.120560
9.514380
10.982650
11.679320
8.745510
10.670310
12.318570
10.435640
9.450270
10.158610
10.895350
10.218610
11.160320
9.140070
11.661190
8.085040
8.019920
11.992690
8.886220
8.762370
10.136700
9.399110
10.728250
13.386460
8.220200
11.874970
11.119140
8.390290
9.194350
9.418580
10.579500
7.908670
8.700680
9.590830
9.365070
10.511490
8.688170
11.748160
13.109510
8.887440
10.042240
12.229870
8.332550
10.278440
9.696880
10.125130
11.309190
9.453100
8.223830
13.069740
10.069210
7.528870
8.877760
10.281600
9.423410
8.280880
9.821160
11.931590
10.193160
8.519930
9.371020
9.094630
7.493100
11.355760
6.637180
12.712680
12.048490
10.401420
10.884690
9.100150
9.772450
11.026740
12.370380
12.111740
10.838100
7.792980
8.848830
7.473000
10.275080
7.930550
9.649540
10.989080
7.837750
9.877300
11.239450
12.507010
7.865130
10.879360
8.492350
10.700920
10.245170
10.289210
12.165550
9.527080
11.716270
11.403480
9.225590
12.337880
10.540290
7.735230
11.537990
9.470440
8.573290
8.839240
10.442500
11.030670
7.786580
11.664300
7.451760
7.883290
8.994830
9.107880
10.023750
11.771070
8.081590
11.574320
11.738430
12.542320
9.990070
9.895600
11.826790
6.756410
11.086960
12.321340
7.606740
11.395280
9.651140
8.982170
11.001340
7.659770
10.909740
9.146760
9.637170
12.535180
11.523590
11.565670
7.581570
8.997450
8.777750
9.310120
9.826700
11.549260
11.305450
12.219390
7.937680
10.221300
9.813140
9.263200
12.968990
11.064200
10.575210
7.978170
10.260630
9.306180
9.849850
10.726800
10.499840
12.415320
9.007470
12.053510
10.305150
9.453820
11.317670
12.252830
9.679500
11.166260
11.831440
8.542260
11.756570
8.059840
10.015940
9.614110
8.343380
11.534860
11.525980
10.641300
8.224130
10.351390
10.442300
10.992800
9.617700
9.971810
8.318110
10.419060
12.464920
10.073680
12.432080
10.725860
10.527250
7.282740
10.262020
11.324350
9.797940
10.664390
10.289350
10.371120
12.380750
11.055170
7.627870
