0.309720 13.417000 7.067700 1.218000 1.486600 0.010574 0.128900 101.920000
0.247450 12.267000 4.342400 1.044300 1.857800 0.020760 0.144880 126.330000
0.218340 8.114400 6.794800 1.149200 1.990200 0.023704 0.071492 135.430000
0.370480 7.426000 8.597700 1.584700 1.956400 0.027372 0.114840 91.030000
0.628760 12.143000 7.731500 1.129100 1.674600 0.020247 0.149620 138.660000
0.456310 4.976900 8.031400 1.550700 1.605100 0.018078 0.084930 120.890000
0.387770 9.391700 3.490400 0.753530 1.965000 0.023037 0.064521 113.710000
0.557250 12.207000 6.106400 0.865370 1.497300 0.012670 0.104910 196.070000
0.530010 6.928800 5.758200 0.806360 1.685300 0.026170 0.050634 149.750000
0.588600 11.607000 9.060700 1.049700 1.529700 0.018048 0.054783 117.060000
0.511130 9.434800 3.921200 1.124500 1.833800 0.025468 0.120120 162.810000
0.395870 7.862500 6.835400 1.366600 1.801600 0.010101 0.059838 114.620000
0.289170 10.395000 6.145000 1.173000 1.860600 0.022524 0.077523 97.861000
0.501320 7.441200 9.014700 0.702570 1.464400 0.016432 0.061991 157.400000
0.508280 12.626000 7.515600 1.250300 1.413900 0.026755 0.089425 98.762000
0.228420 9.309000 8.352200 1.543800 1.561300 0.026716 0.093264 151.290000
0.463380 9.045700 3.364800 1.566700 1.082900 0.019021 0.100220 147.150000
0.302100 8.217200 4.191800 1.575800 1.739700 0.026491 0.065642 127.840000
0.515330 11.548000 7.484800 1.279700 1.173500 0.017714 0.051549 155.310000
0.572240 8.925400 5.348700 1.648200 1.607400 0.022702 0.081678 88.991000
0.273980 13.358000 5.253900 0.978080 1.249800 0.023774 0.053967 87.435000
0.341120 7.866700 3.494200 1.502600 1.755100 0.026445 0.106220 161.070000
0.248410 12.925000 7.981900 0.569500 1.972300 0.028387 0.055008 120.780000
0.442530 8.909400 6.307800 0.984420 1.248500 0.023635 0.088269 115.670000
0.227690 5.677700 7.370400 0.893060 1.158100 0.017050 0.082179 88.059000
0.244980 13.329000 4.371200 0.726990 1.545500 0.015954 0.116480 109.460000
0.481120 7.164800 4.515800 0.627560 1.521800 0.027347 0.055576 173.330000
0.227310 13.126000 7.931800 0.560920 1.684100 0.015713 0.147440 176.850000
0.532690 5.110400 8.968400 1.645200 1.207500 0.017075 0.072715 150.510000
0.260570 8.075900 7.828900 0.648370 1.681200 0.018894 0.130180 107.650000
0.436560 8.734700 5.331100 0.868030 1.468700 0.011616 0.105820 102.350000
0.397270 6.900500 8.515200 1.426500 1.461600 0.017144 0.146980 183.950000
0.595870 12.518000 9.039000 1.452400 1.388800 0.023305 0.080117 97.143000
0.387380 7.639000 3.958200 1.514800 1.330900 0.020632 0.133800 108.330000
0.472260 11.700000 7.861100 1.495500 1.704300 0.009694 0.065362 131.640000
0.536920 12.754000 6.334000 0.908110 1.104800 0.019720 0.113540 190.210000
0.285140 12.981000 5.248300 0.671200 1.738100 0.014401 0.131020 158.560000
0.289510 11.788000 9.099400 1.472900 1.715400 0.010463 0.146820 143.690000
0.238230 5.444500 3.712500 0.977560 1.988900 0.026466 0.119480 155.080000
0.357730 13.262000 8.056700 1.065500 1.488600 0.014669 0.133990 119.180000
0.263530 7.570800 3.733400 1.421900 1.474200 0.013379 0.119170 103.560000
0.240710 6.560200 3.460900 1.499100 1.811500 0.021013 0.092372 142.000000
0.408030 12.828000 4.695700 1.592400 1.673100 0.028345 0.140520 143.910000
0.544060 8.813600 9.073000 1.090200 1.325900 0.015861 0.106830 137.460000
0.599770 9.594300 3.374100 1.597800 1.799500 0.016724 0.140770 185.480000
0.300900 4.861200 8.002900 1.035300 1.661500 0.016996 0.064244 157.890000
0.337430 10.165000 8.664500 1.647200 1.408600 0.022073 0.147050 157.720000
0.548960 12.402000 6.994100 0.936920 1.081600 0.017167 0.115680 105.130000
0.214010 5.661300 5.501000 0.625590 1.523600 0.019948 0.116600 182.020000
0.351190 9.014400 5.229000 0.883770 1.849400 0.025778 0.075620 152.590000
0.284430 6.380200 4.749500 1.471600 1.508100 0.026891 0.121070 196.150000
0.402260 12.205000 3.405200 1.153500 1.724900 0.026114 0.084771 155.770000
0.251750 11.209000 6.612600 1.527100 1.117100 0.023274 0.086335 92.612000
0.325070 10.319000 5.619600 1.287800 1.581500 0.022292 0.070568 140.430000
0.329800 5.267400 5.900500 0.900460 1.477500 0.027585 0.125840 158.250000
0.563890 4.507000 4.725500 0.877350 1.730700 0.017621 0.126210 128.870000
0.294590 5.429300 3.982500 0.626840 1.769300 0.025191 0.118600 136.220000
0.407350 10.799000 7.870900 0.622270 1.383300 0.016306 0.095935 164.920000
0.310470 11.502000 7.271600 1.581200 1.582900 0.024402 0.116280 130.460000
0.567500 6.680300 7.229600 0.902270 1.315900 0.014963 0.123690 104.480000
0.253500 9.003900 7.288400 1.539700 1.307400 0.026664 0.078172 127.050000
0.388020 10.661000 7.541700 1.588100 1.185300 0.011674 0.054176 126.930000
0.332240 6.094000 4.643500 1.612400 1.236500 0.020987 0.137430 150.220000
0.266320 7.328100 5.178000 0.870810 1.990900 0.010400 0.083827 122.560000
0.409860 10.882000 4.576200 1.377900 1.757800 0.024770 0.056812 148.660000
0.286310 10.093000 5.883900 0.820000 1.595200 0.028010 0.128550 94.914000
0.354300 6.117600 5.650500 0.682920 1.537700 0.024216 0.095789 104.180000
0.565330 5.947500 6.159800 1.408900 1.616800 0.025750 0.132000 121.720000
0.488850 6.403800 9.137400 1.199500 1.246900 0.020089 0.149650 168.550000
0.459760 11.489000 5.855500 0.776290 1.843900 0.013576 0.088193 153.460000
0.625340 9.420400 6.346900 1.394700 1.700300 0.024318 0.107230 130.650000
0.348160 5.026900 6.976300 1.287000 1.908800 0.019834 0.065815 147.670000
0.352320 13.230000 3.928400 0.630340 1.782200 0.018110 0.070837 132.450000
0.296990 5.520100 6.390100 1.059300 1.358200 0.019881 0.063792 85.340000
0.595880 8.836400 9.379300 1.221000 1.443000 0.016238 0.064835 90.911000
0.539320 8.329300 4.079700 1.415900 1.531800 0.024189 0.146500 152.030000
0.452510 5.469300 7.905900 1.088000 1.604400 0.026070 0.149850 188.430000
0.312000 13.375000 6.757200 1.476400 1.494100 0.026994 0.144190 102.500000
0.526420 10.697000 5.152500 1.114800 1.482100 0.015174 0.122890 90.565000
0.273330 13.287000 8.755600 1.224100 1.896000 0.027724 0.117690 140.870000
0.570150 8.451400 3.798200 1.590100 1.280000 0.011364 0.078252 140.690000
0.431580 8.994700 8.607300 1.259400 1.983800 0.024153 0.115400 180.920000
0.443090 12.645000 5.363400 0.771080 1.973500 0.022303 0.050515 141.850000
0.250340 10.220000 5.344300 1.214200 1.903200 0.015437 0.056693 121.320000
0.609690 6.007500 4.251800 0.873070 1.698600 0.024827 0.124360 96.926000
0.457090 13.203000 8.656500 1.344300 1.484400 0.027883 0.125670 110.470000
0.623540 11.457000 4.650000 1.535800 1.645700 0.022449 0.140380 100.180000
0.371470 9.746200 9.252100 1.594500 1.724100 0.019296 0.068836 126.000000
0.621330 12.444000 3.670600 1.198800 1.634800 0.015501 0.142430 181.940000
0.626420 11.352000 4.029100 0.905530 1.517600 0.011837 0.087098 133.020000
0.268900 10.457000 8.440000 1.260200 1.959300 0.024485 0.079132 150.960000
0.521830 12.681000 9.080100 1.620800 1.966800 0.013285 0.074860 193.510000
0.441900 10.243000 7.843900 1.125800 1.612400 0.016745 0.078425 187.680000
0.611130 7.311700 6.602000 1.134500 1.180600 0.010540 0.102240 149.940000
0.287800 8.716900 6.643000 1.240400 2.001700 0.020812 0.111340 123.220000
0.346860 8.090700 6.720500 1.203500 1.840700 0.018511 0.128190 136.700000
0.449630 8.054500 3.569200 1.092700 1.955800 0.015324 0.149250 94.136000
0.411540 11.520000 9.131600 1.477600 1.846000 0.018065 0.054411 87.898000
0.370010 8.396400 4.110000 1.136900 1.935200 0.012535 0.125990 171.850000
0.604650 8.970800 7.990100 0.857530 1.922300 0.012779 0.137690 89.769000
0.550030 10.639000 7.418600 1.155400 1.816000 0.023882 0.143850 180.240000
0.211450 7.283600 3.260800 1.465600 1.226900 0.021482 0.105150 89.143000
0.242940 13.064000 5.562700 0.980160 1.091400 0.014459 0.086798 108.010000
0.225170 9.865700 5.001800 1.436300 1.187000 0.014991 0.131130 113.430000
0.303340 6.941100 7.388900 0.855080 1.914500 0.015805 0.073017 184.820000
0.222800 8.482300 7.797100 1.023400 1.182300 0.015763 0.115090 131.520000
0.625270 5.011900 5.694900 0.705400 1.742000 0.015387 0.110980 117.180000
0.364450 8.186400 6.840600 0.750560 1.794800 0.012983 0.057463 135.030000
0.230770 7.484600 6.033000 1.631700 1.623300 0.021950 0.113660 108.800000
0.563380 6.185600 5.826900 1.328200 1.941800 0.012120 0.135940 107.760000
0.566570 5.867100 8.469100 0.836140 1.312500 0.009886 0.138050 105.300000
0.270280 8.146800 3.172200 1.296900 1.743600 0.013007 0.080669 164.080000
0.265810 11.852000 7.283200 1.374900 1.415800 0.028303 0.098574 92.557000
0.553930 6.588900 8.488500 1.295500 1.751700 0.012218 0.103070 133.500000
0.275960 13.160000 6.583800 0.551000 1.265200 0.021872 0.122450 138.380000
0.322180 5.883100 4.131100 1.613400 1.445800 0.016813 0.138460 199.960000
0.396590 10.826000 5.241900 1.322300 1.719100 0.025974 0.145070 134.850000
0.544810 6.283700 4.376600 0.807170 1.511600 0.026267 0.068445 148.510000
0.258910 9.624200 4.980500 1.367800 1.540300 0.023240 0.103810 102.970000
0.220380 9.330900 8.752000 0.819320 1.381700 0.018232 0.066291 197.020000
0.267940 10.495000 4.780900 0.609510 1.765100 0.019771 0.130710 102.630000
0.581160 5.234900 5.274600 1.437500 1.114400 0.010141 0.090812 105.950000
0.593270 7.933000 3.965400 1.542700 1.394600 0.017507 0.117010 136.390000
0.612800 7.271300 6.488600 1.235600 1.639800 0.011983 0.130490 169.350000
0.395240 8.776100 3.195100 1.626300 1.575800 0.012579 0.054640 129.480000
0.607170 11.273000 6.634400 0.855990 1.118300 0.019401 0.058167 169.820000
0.437550 7.959400 4.198500 0.827350 1.638500 0.011727 0.110870 163.390000
0.237020 11.911000 6.546100 0.959750 1.916600 0.025541 0.114950 170.900000
0.278770 5.039900 7.534300 1.306900 1.950700 0.009907 0.107690 145.870000
0.622570 5.921400 8.126100 1.325400 1.959100 0.021738 0.074364 152.790000
0.360410 12.055000 3.837000 0.825140 1.787800 0.014578 0.066856 190.100000
0.602780 9.937900 8.169500 1.554700 1.255400 0.018367 0.110330 110.190000
0.314390 9.354800 7.072900 1.026600 1.532200 0.020268 0.062898 104.680000
0.566040 4.672700 3.572900 0.926850 1.346600 0.014628 0.092883 116.430000
0.279710 11.175000 3.939700 1.318400 1.954600 0.025610 0.145610 176.650000
0.509520 12.784000 5.012600 1.192700 1.544300 0.019086 0.110230 98.946000
0.467490 12.191000 9.175600 1.440100 1.968800 0.020964 0.112230 94.633000
0.255210 9.644100 7.327100 1.342100 1.763700 0.021445 0.092869 104.840000
0.474970 13.058000 4.381000 0.842750 1.382600 0.014861 0.099033 87.235000
0.559440 12.281000 5.376800 0.696290 1.244500 0.020641 0.128730 97.307000
0.291110 5.394700 4.545200 0.676360 1.966000 0.010553 0.111090 187.110000
0.297870 12.997000 7.916800 0.670650 1.589300 0.022041 0.136220 116.380000
0.389110 7.200500 4.406900 0.692020 1.649300 0.012240 0.130590 118.450000
0.419840 6.593600 5.841000 0.970490 1.957400 0.025634 0.058392 162.440000
0.238560 8.544400 4.438900 0.852980 1.115700 0.013341 0.065453 88.678000
0.210340 7.366800 5.392900 1.578500 1.516500 0.016588 0.094956 143.270000
0.588940 8.152800 6.153900 1.375200 1.514700 0.021978 0.095203 190.060000
0.422040 5.329800 5.034400 1.143100 1.607500 0.024475 0.118960 85.264000
0.614140 4.961600 4.312300 1.408400 1.610900 0.015565 0.109710 156.000000
0.361360 11.446000 2.983100 1.317500 2.034600 0.025894 0.126630 205.640000
0.401130 9.371900 5.283500 1.473300 1.572600 0.023117 0.130210 199.740000
0.258900 8.348000 4.425600 1.600500 1.714800 0.015089 0.145330 164.570000
0.369630 4.812500 5.512400 1.140100 1.331600 0.012679 0.086575 158.010000
0.291700 7.300600 5.241700 1.322000 1.866300 0.014380 0.110540 160.550000
0.426290 12.198000 5.132400 1.188300 1.703900 0.019829 0.098624 131.590000
0.581420 10.139000 3.088500 1.355700 1.721500 0.010856 0.061446 193.240000
0.504090 8.021700 3.446400 1.124900 1.357800 0.016770 0.071037 131.180000
0.288600 4.486100 6.660500 0.877530 1.445800 0.009767 0.114880 92.715000
0.424380 5.239300 6.489900 1.271900 1.727000 0.022641 0.101950 138.690000
0.459990 5.586100 4.292300 1.639100 2.154500 0.017802 0.071530 147.050000
0.584910 12.564000 4.695800 0.680790 1.307500 0.019541 0.130050 143.690000
0.292330 5.818700 2.560300 1.365100 2.027000 0.016620 0.130700 129.980000
0.422720 6.848300 6.414900 0.580250 1.713400 0.021287 0.108000 188.560000
0.249690 6.564400 5.665500 0.807480 2.136700 0.025751 0.066084 153.300000
0.367300 12.311000 6.620400 1.313400 1.989600 0.021400 0.113710 204.340000
0.525610 9.292700 3.132100 1.077300 1.779900 0.021563 0.134180 132.730000
0.327190 4.698900 7.151500 1.368000 1.441400 0.012535 0.088887 163.810000
0.625130 5.414600 5.193600 0.830680 1.806200 0.022401 0.068257 133.190000
0.310840 5.502600 2.785800 1.177600 1.877300 0.013427 0.052844 128.300000
0.362110 6.956400 6.078000 1.395600 1.884500 0.028243 0.095596 139.800000
0.576360 10.652000 4.786800 1.250000 1.244100 0.020494 0.135860 93.139000
0.345560 4.190400 5.653000 1.061400 1.432100 0.020146 0.117820 177.740000
0.364320 5.129700 5.705000 1.237200 1.245300 0.019886 0.107710 90.586000
0.502450 11.827000 6.558500 0.660130 1.429700 0.021361 0.149970 115.720000
0.228690 12.236000 7.023500 1.362000 1.070900 0.022798 0.084067 86.962000
0.363350 8.457000 4.137200 0.717430 1.835900 0.024694 0.081088 190.180000
0.276890 5.205800 5.404300 1.292500 1.686900 0.019147 0.088845 127.740000
0.517360 8.261400 5.805900 1.392200 1.564500 0.017815 0.116770 90.799000
0.347460 9.868700 6.146100 0.611160 1.543200 0.014622 0.121330 196.240000
0.542200 4.214700 4.373800 1.052100 1.557400 0.013399 0.122960 165.290000
0.443940 11.617000 4.022700 1.066300 1.083900 0.023946 0.126500 115.620000
0.214010 7.257900 3.416800 1.152200 1.411100 0.025510 0.054779 109.670000
0.339250 7.435500 2.477300 0.890400 1.552800 0.010050 0.067744 197.440000
0.606080 11.245000 2.917800 0.729450 1.094500 0.013741 0.141230 100.530000
0.333510 9.019900 5.381900 0.927460 1.712200 0.025548 0.114630 182.140000
0.278770 11.641000 3.099400 1.576000 1.539300 0.012203 0.090341 148.810000
0.357040 5.432200 3.915200 1.214800 2.040600 0.019778 0.095978 122.160000
0.558690 9.447900 3.505800 0.902220 1.452600 0.013289 0.111500 123.350000
0.558100 10.418000 6.068800 1.034800 1.796100 0.013236 0.099781 150.930000
0.402130 8.706600 4.827200 0.656540 1.111400 0.019586 0.128860 124.360000
0.381790 9.195200 2.541400 0.780140 1.660300 0.016307 0.085369 155.820000
0.262160 8.741600 3.613900 1.305600 1.736900 0.019071 0.147390 203.530000
0.417090 4.788800 3.897300 0.907860 1.289300 0.014103 0.134100 175.160000
0.529290 11.885000 6.614600 1.017700 1.296200 0.010762 0.082032 86.545000
0.584530 4.965500 3.820300 1.176100 1.482500 0.024050 0.068164 128.190000
0.501990 8.526300 5.749200 1.082800 2.068400 0.017760 0.131090 193.080000
0.303140 12.168000 6.311400 0.998300 1.669400 0.018655 0.111000 126.660000
0.302660 11.742000 2.437600 1.422800 1.949400 0.025045 0.109070 197.830000
0.581030 8.179100 4.667700 1.374800 1.786600 0.010758 0.121200 109.010000
0.353740 8.249400 3.278800 0.872920 1.426000 0.015805 0.133570 137.800000
0.243070 4.523200 4.104100 1.394200 1.872800 0.010489 0.124120 181.090000
0.461520 4.415800 5.371000 1.020700 2.234400 0.022542 0.099507 201.950000
0.309610 10.058000 5.295200 1.028400 1.804500 0.011448 0.140580 191.270000
0.374440 11.694000 5.954100 0.945860 1.173400 0.018496 0.149010 112.360000
0.549700 7.688000 3.869300 0.682790 1.529000 0.023381 0.101300 98.807000
0.371380 4.751900 6.286200 0.859430 1.864100 0.014188 0.084865 126.960000
0.385550 8.436900 6.013900 0.997490 1.636000 0.016113 0.114570 199.350000
0.224260 6.294700 6.804700 0.616110 1.644100 0.026660 0.082977 162.370000
0.509440 7.269100 4.734400 1.162400 1.684100 0.023833 0.058917 205.820000
0.434420 10.981000 3.539300 1.039400 1.906400 0.015008 0.080944 162.800000
0.211930 8.499900 3.757800 1.607500 1.364100 0.024729 0.071163 188.020000
0.378670 11.129000 6.378400 0.711480 1.438700 0.018277 0.068094 121.230000
0.298620 9.798900 4.128100 0.698410 2.009600 0.022446 0.050774 189.760000
0.368870 11.826000 5.266200 0.675620 1.397400 0.023449 0.064601 103.830000
0.460850 6.726100 7.069800 1.481100 1.506000 0.010347 0.143540 103.560000
0.482010 12.472000 4.702500 1.400700 1.879500 0.027756 0.102660 150.040000
0.359310 12.054000 5.680600 1.257400 1.701600 0.019801 0.118770 177.950000
0.312000 6.247100 4.797500 1.405800 1.297800 0.018307 0.059191 119.030000
0.256210 10.674000 4.477600 1.108700 1.762600 0.019647 0.084953 200.320000
0.576880 9.525500 5.525800 1.238000 1.785100 0.021450 0.093773 180.670000
0.511300 7.407300 7.106100 0.686460 1.104800 0.015907 0.137130 109.150000
0.493230 6.283900 3.851600 1.561700 1.240100 0.015489 0.123730 118.310000
0.574360 4.543200 6.831900 1.019100 1.820600 0.017026 0.125100 88.476000
0.563200 10.993000 2.666200 0.764530 1.699900 0.020822 0.060487 122.840000
0.301050 7.740200 6.497400 1.326000 1.682500 0.019039 0.085215 164.950000
0.479050 7.951300 5.899600 1.539400 1.497500 0.020168 0.120600 105.310000
0.433010 6.741300 2.724400 1.626700 1.453800 0.011068 0.103130 116.550000
0.419380 6.954500 2.974300 0.556590 1.360600 0.018541 0.127330 112.200000
0.561910 6.875500 5.959500 1.594400 1.718100 0.016847 0.079898 206.110000
0.339130 7.395400 5.872300 0.891760 1.783100 0.015755 0.055542 143.720000
0.212650 4.374700 7.058400 1.606100 1.802100 0.018455 0.064378 175.690000
0.589080 6.552800 5.429200 1.368700 1.811200 0.024946 0.090492 146.080000
0.277730 10.616000 3.604500 0.931310 1.321400 0.015547 0.127140 91.684000
0.512590 11.167000 2.770300 1.234300 2.012900 0.021005 0.063782 173.440000
0.289120 8.237300 7.172500 1.085600 1.637200 0.023429 0.086799 200.590000
0.276440 8.535100 5.189700 0.719210 1.527000 0.013318 0.104800 152.620000
0.457830 5.031000 5.775400 0.855990 1.942800 0.012032 0.054031 206.610000
0.472900 4.613400 3.611300 0.957230 1.984400 0.024349 0.095375 133.740000
0.254240 6.786700 6.094000 1.350100 1.886000 0.009841 0.075568 142.440000
0.226000 9.434100 4.941500 0.742930 1.966400 0.021961 0.143650 188.860000
0.575130 4.222200 3.475800 1.502000 1.741400 0.014348 0.082201 121.620000
0.548010 10.803000 3.054000 0.994100 1.870900 0.016989 0.050923 160.070000
0.241060 10.610000 5.442600 1.450900 1.618200 0.019173 0.141760 170.660000
0.613080 5.120800 6.525400 0.745260 1.771900 0.024424 0.122860 173.280000
0.380300 10.694000 5.150300 0.706720 1.117700 0.015925 0.146900 135.920000
0.381630 8.674300 3.933000 1.509200 1.203900 0.027975 0.071976 173.950000
0.230380 12.192000 2.466000 1.572100 1.477100 0.014909 0.141470 102.390000
0.586620 11.088000 3.569400 1.460500 1.615900 0.011118 0.102760 113.730000
0.571410 9.094900 2.640200 0.752390 1.626800 0.015584 0.100920 155.090000
0.473620 12.343000 5.055000 1.032500 1.798900 0.018569 0.066911 165.650000
0.445570 5.172500 2.490700 0.922050 2.146100 0.027238 0.138870 109.300000
0.333940 10.298000 6.109000 1.554500 1.191900 0.010652 0.120730 92.341000
0.438170 10.284000 7.154500 1.102100 1.421700 0.018800 0.094538 135.240000
0.316520 6.442400 2.867200 1.211000 1.581600 0.010263 0.132200 83.929000
0.326170 5.280500 4.522200 1.521000 1.845800 0.020937 0.051947 171.880000
0.418730 8.029100 3.222900 1.014200 0.975260 0.018931 0.142920 123.840000
0.351710 12.082000 3.736800 1.488500 1.366900 0.023259 0.141050 135.500000
0.591640 6.608400 6.712900 1.610100 1.256600 0.010428 0.077892 154.410000
0.266110 9.934000 5.909400 1.214000 1.857000 0.023151 0.113500 99.490000
0.270430 7.594900 3.598700 1.518000 1.598300 0.021993 0.146750 97.476000
0.243210 4.989400 6.634100 0.981240 1.973500 0.019231 0.078159 195.180000
0.287230 8.513600 2.903400 1.317000 1.350300 0.014338 0.130520 205.130000
0.414630 8.953000 2.547300 0.661550 1.628200 0.018352 0.149270 145.230000
0.254760 7.897200 2.488900 0.942990 1.730700 0.020329 0.141280 180.910000
0.563570 8.704500 4.079600 1.382100 1.235200 0.011869 0.130900 206.360000
0.295110 11.151000 3.708200 0.630920 1.348800 0.017335 0.052200 159.290000
0.305700 5.092300 4.398200 1.258400 1.969500 0.022583 0.082586 115.510000
0.296540 11.531000 2.532700 1.431300 1.413500 0.018004 0.112660 93.328000
0.510390 9.174400 4.765000 1.225900 1.538800 0.023550 0.091491 188.050000
0.434050 11.918000 5.413200 1.538600 1.509600 0.019747 0.104570 166.560000
0.223750 9.311100 5.324100 1.197900 1.958100 0.024871 0.067907 166.990000
0.428940 4.472100 7.075200 1.511500 1.153700 0.020194 0.098250 120.880000
0.364750 6.337500 5.639900 1.515000 1.695300 0.020702 0.124970 181.990000
0.392520 7.449700 6.518400 1.247600 1.744600 0.026189 0.058735 108.110000
0.593070 4.869700 3.630400 1.138200 1.449800 0.012924 0.093008 157.590000
0.319410 11.973000 3.006600 1.578600 1.873900 0.025775 0.083692 167.960000
0.411320 7.533900 5.840200 0.810280 1.474700 0.020391 0.089594 121.440000
0.551710 6.904800 7.121200 0.885150 1.532700 0.010830 0.114000 201.330000
0.244250 9.047600 4.531000 0.589860 1.673700 0.015360 0.138550 108.520000
0.341720 7.164200 4.964600 1.336100 1.576900 0.027377 0.139630 157.870000
0.372460 6.468900 3.266800 0.732350 1.929500 0.016007 0.116000 106.380000
0.599720 7.048200 4.474600 1.219000 1.842800 0.026875 0.140450 168.090000
0.258540 5.349500 4.524700 1.558300 1.692000 0.009581 0.090843 138.110000
0.471650 5.053900 5.276400 1.449400 1.198200 0.009706 0.063183 115.920000
0.368310 7.320600 5.258900 1.371300 1.382100 0.015854 0.070133 127.350000
0.259600 9.225400 5.690800 1.049500 1.333600 0.011285 0.072857 99.717000
0.546950 8.818800 4.462800 1.273300 1.578000 0.019461 0.095441 207.470000
0.338320 6.353800 4.149600 1.428100 1.407900 0.010673 0.129450 159.950000
0.351820 10.745000 3.940200 1.552600 1.794300 0.018392 0.077132 181.300000
0.271000 6.386800 2.523400 1.261600 2.174900 0.016341 0.109870 161.740000
0.584250 8.131800 4.009900 0.562990 1.932300 0.020642 0.119450 140.590000
0.547370 7.631800 2.821000 0.739710 1.314700 0.020335 0.124310 106.540000
0.561070 10.784000 3.949100 1.492300 1.465900 0.020774 0.077400 157.350000
0.525370 9.858000 3.651100 0.763830 1.275100 0.020130 0.059541 103.970000
0.486490 5.886800 3.791800 0.935980 1.978800 0.014063 0.072546 177.440000
0.519390 4.630400 7.027600 1.260800 1.861200 0.025973 0.101070 198.040000
0.516030 5.023700 6.943600 1.357500 1.479900 0.018380 0.081345 118.340000
0.435380 11.205000 2.927400 1.541700 1.678600 0.009754 0.092392 151.650000
0.339690 6.314800 3.502000 1.615700 2.065400 0.019127 0.138950 114.990000
0.322100 5.607400 4.801500 1.403400 1.005100 0.017649 0.097475 113.240000
0.438400 7.221500 3.299400 1.103300 1.442100 0.017718 0.094498 114.140000
0.318470 9.082400 3.123200 0.930710 1.859600 0.021090 0.125830 176.560000
0.555540 12.129000 5.461800 1.413000 1.392000 0.021610 0.116580 131.840000
0.605850 6.065100 3.877700 1.254500 2.032600 0.024604 0.130280 173.050000
0.348350 8.906800 4.381900 1.043900 1.232200 0.020594 0.061343 164.810000
0.273210 6.635900 3.704800 1.130600 1.941300 0.017205 0.094058 124.970000
0.596960 11.346000 5.219700 0.837990 1.817700 0.016728 0.114790 160.880000
0.392960 10.185000 5.686600 1.026000 1.075200 0.014766 0.133840 113.120000
0.500870 7.950200 2.968000 1.363500 1.512400 0.025991 0.056847 110.670000
0.266950 6.181000 5.101700 1.468000 1.754200 0.022667 0.123780 191.570000
0.480750 11.970000 4.243900 0.875870 1.402000 0.010542 0.098363 134.460000
0.577150 7.184000 5.754100 1.540500 1.760600 0.014491 0.079496 183.940000
0.496410 4.761700 5.046900 0.834850 1.903600 0.011577 0.066424 123.700000
0.490410 11.179000 4.469000 1.381200 1.025300 0.017568 0.145890 136.720000
0.263850 10.371000 6.130200 0.839050 1.850500 0.019928 0.081457 176.060000
0.280900 9.204500 4.065800 1.457500 1.164400 0.010998 0.147510 195.980000
0.212440 9.403000 5.780600 0.760530 1.848300 0.027924 0.097799 105.870000
0.342080 6.269900 5.989300 1.047900 1.221400 0.015771 0.075824 97.331000
0.556810 9.339000 4.873700 0.712360 1.161500 0.019297 0.065594 91.147000
0.231770 8.945600 4.725500 1.487400 1.664500 0.026108 0.147130 155.950000
0.427090 12.035000 2.705600 0.631960 1.128500 0.020678 0.123190 90.429000
0.469600 5.454800 4.926300 1.353800 2.107700 0.021443 0.126600 129.690000
0.604410 7.482300 2.657700 1.058100 1.937800 0.021496 0.060219 127.380000
0.512350 8.996800 4.499100 1.432500 1.587600 0.011445 0.069564 83.051000
0.463900 9.748600 5.978100 1.404400 1.749300 0.016097 0.148200 107.520000
0.400260 9.997700 3.887100 1.255500 1.604100 0.024232 0.065165 143.050000
0.622720 12.256000 2.458900 1.522500 1.679500 0.022527 0.077022 119.150000
0.494170 7.590500 4.819600 1.288300 1.378700 0.022965 0.075695 130.200000
0.507790 8.686100 3.443100 1.099300 2.023300 0.026967 0.078501 200.130000
0.489150 11.591000 4.341800 1.445900 1.433700 0.018510 0.138410 169.730000
0.244780 9.449800 4.072800 1.600400 1.883200 0.026049 0.076791 192.890000
0.446240 9.379700 4.690300 0.585010 1.821700 0.026631 0.051040 117.310000
0.284240 7.232500 5.712900 1.633200 1.545800 0.025003 0.090024 88.629000
0.483090 11.375000 3.002800 1.567100 1.317400 0.015831 0.102390 119.660000
0.371810 5.568500 7.134800 1.323700 1.960200 0.027516 0.094661 193.550000
0.304470 8.888600 4.788400 1.203400 1.650800 0.010576 0.144660 102.870000
0.222820 12.110000 4.508700 1.591900 1.939300 0.026942 0.052254 198.810000
0.626730 5.704700 4.351900 0.552010 1.770700 0.013683 0.089227 202.670000
0.284580 9.841400 6.440000 1.153800 1.138000 0.024136 0.093253 158.580000
0.595530 10.591000 3.925700 1.046100 1.089100 0.013096 0.149730 119.740000
0.410180 4.398900 6.870300 1.543900 1.590700 0.027145 0.104900 131.890000
0.387850 5.551200 6.930300 0.915510 1.167000 0.025285 0.096300 123.980000
0.466140 10.999000 5.469200 0.638790 1.660000 0.018782 0.120260 119.400000
0.376040 6.127000 2.790200 1.513500 1.361300 0.009612 0.115590 136.890000
0.395570 10.311000 5.141100 1.200500 1.920100 0.010811 0.129530 204.060000
0.486970 5.512200 6.956000 1.278700 1.550100 0.011521 0.105460 141.730000
0.283420 4.305800 4.639100 0.989570 1.648600 0.016434 0.108130 98.379000
0.507430 7.509100 2.976900 0.823610 1.326600 0.012157 0.063072 99.860000
0.420700 10.451000 3.465000 1.110200 1.325100 0.012961 0.055876 98.564000
0.541020 7.712600 5.648200 0.636380 1.752200 0.013928 0.085079 151.020000
0.590730 4.599400 3.639100 0.685480 2.018200 0.027325 0.147250 158.370000
0.573970 7.417700 4.363000 1.163500 2.003700 0.012868 0.121390 196.510000
0.442150 9.417200 5.224900 1.319400 1.769100 0.019012 0.099655 179.640000
0.593910 6.650500 6.724600 0.959030 1.199800 0.015176 0.079755 97.668000
0.619780 11.903000 6.690600 0.803190 1.619800 0.013552 0.058872 198.450000
0.374280 8.298900 4.721900 0.615630 2.124700 0.026203 0.104430 196.370000
0.442710 9.982200 6.164700 0.806910 1.666400 0.023774 0.086153 185.440000
0.215680 9.007200 4.208300 1.175200 1.814500 0.024969 0.098900 202.090000
0.607240 9.250600 5.213500 0.781660 1.807700 0.018689 0.085842 186.430000
0.216480 8.287800 5.626000 1.645100 0.994360 0.016020 0.107010 85.654000
0.485970 6.220100 4.561500 0.846970 1.840000 0.018703 0.131890 85.415000
0.271700 8.064400 6.578000 0.693010 1.758400 0.023468 0.069461 137.680000
0.602810 8.189800 3.060300 0.626280 1.653100 0.017615 0.145240 154.070000
0.334490 4.940500 4.880800 1.643900 1.026300 0.019420 0.139410 107.820000
0.358420 8.359500 5.001300 1.485300 1.791300 0.023571 0.113060 204.840000
0.422270 4.300200 3.665800 0.644440 1.184100 0.022731 0.108630 89.913000
0.296920 12.043000 4.709200 0.679580 1.630700 0.014047 0.138210 168.470000
0.543060 7.109800 2.808200 0.751640 1.146800 0.028234 0.068865 112.830000
0.376500 8.758400 3.194300 0.620750 1.726100 0.015144 0.117190 148.450000
0.349550 11.043000 5.881100 0.821760 1.641000 0.015679 0.121990 150.540000
0.522690 8.569000 5.157600 1.078000 1.900600 0.020627 0.066190 126.750000
0.619240 10.196000 4.500700 1.036100 1.896100 0.014213 0.148660 150.500000
0.323540 7.745200 3.405600 1.339100 1.599200 0.024797 0.096708 84.451000
0.520540 5.339400 5.336600 1.477400 1.503300 0.014309 0.053269 107.170000
0.263430 6.227200 6.228700 1.292400 1.933300 0.014580 0.106780 142.220000
0.450770 7.639500 5.820600 1.610200 1.601000 0.027482 0.120930 85.882000
0.591960 11.467000 3.413500 0.722570 1.225800 0.022697 0.055243 95.672000
0.383660 8.128900 6.403200 1.011900 1.573400 0.020183 0.111140 182.980000
0.459370 10.303000 3.685800 1.216600 1.634300 0.018987 0.119930 133.100000
0.537070 11.272000 3.097200 1.450400 1.488300 0.012609 0.136400 190.790000
0.310890 8.351100 3.881700 1.574100 1.356400 0.013179 0.118130 172.080000
0.250430 8.555000 3.337700 1.397800 1.562300 0.012294 0.131310 147.610000
0.598810 8.068800 4.899500 0.998530 1.553200 0.015864 0.134350 142.300000
0.498230 8.694400 2.543900 1.116000 1.142700 0.016619 0.135040 97.003000
0.275870 5.453400 4.393600 0.950760 2.012700 0.019550 0.124410 90.113000
0.567520 6.032300 5.528400 1.321400 1.700000 0.017233 0.102090 114.840000
0.520750 9.564300 3.925300 1.136300 1.570300 0.022372 0.149930 174.710000
0.481850 8.966900 2.838800 1.269700 1.874200 0.020696 0.095605 150.790000
0.245380 6.777800 5.957000 0.620160 1.813100 0.012629 0.114710 139.170000
0.523820 9.310200 3.106700 0.587820 1.444200 0.028036 0.069266 103.500000
0.533760 5.318100 2.560800 1.213900 2.111300 0.015222 0.148000 152.760000
0.571450 9.957100 2.775000 0.776570 1.481700 0.027258 0.053588 109.910000
0.380580 8.438200 6.058400 0.855070 1.965700 0.028439 0.083089 169.950000
0.277510 11.106000 5.142600 1.621500 1.544200 0.021837 0.074918 176.580000
0.591130 10.080000 7.125800 0.944380 1.610900 0.010645 0.074326 181.030000
0.357330 6.305600 3.815800 1.536900 1.881600 0.013018 0.093152 142.950000
0.421010 5.515900 3.722300 1.213300 1.484900 0.022090 0.112820 96.771000
0.421580 4.525200 5.086200 1.316200 2.088300 0.019775 0.129920 122.820000
0.536580 4.692900 7.173600 1.217600 1.005200 0.023124 0.140930 97.301000
0.314430 12.121000 6.703600 1.285100 1.595900 0.013336 0.117110 131.170000
0.551590 4.943100 3.592200 0.563800 1.872600 0.026567 0.061133 90.391000
0.620320 6.667200 6.037200 0.920510 1.716200 0.009733 0.086065 207.290000
0.354580 4.420600 3.775400 0.604740 1.530900 0.012632 0.101880 113.590000
0.614020 4.843900 5.330900 1.353700 2.153600 0.020611 0.115290 139.860000
0.259500 5.074900 2.990100 1.509200 1.797400 0.010305 0.077928 130.640000
0.528810 10.887000 4.722200 1.020300 1.785000 0.014008 0.125450 199.520000
0.461920 5.348700 3.885400 1.380200 1.675300 0.020318 0.108510 184.150000
0.593630 5.571400 2.698900 1.199400 2.201300 0.012564 0.053892 196.470000
0.487150 5.932200 4.771000 1.240200 1.467800 0.009506 0.149600 84.851000
0.454330 5.190000 3.179700 0.808860 1.597600 0.026038 0.114460 147.450000
0.380910 6.415200 6.002500 0.960740 1.670500 0.021847 0.127550 126.560000
0.572160 12.306000 4.130200 1.293600 1.829600 0.026063 0.115080 165.890000
0.553730 12.135000 5.700400 1.050800 1.751000 0.023947 0.081725 160.290000
0.271630 7.624600 3.279800 1.323500 1.901000 0.015650 0.081748 199.360000
0.297950 6.223900 6.622400 0.639580 1.657600 0.015565 0.068870 144.800000
0.606480 8.592300 3.740500 1.240400 1.792700 0.011650 0.135030 145.400000
0.379010 7.999400 3.108900 0.662480 1.629200 0.019739 0.051915 171.870000
0.559270 4.796700 5.200900 0.779990 1.697200 0.012594 0.078356 148.910000
0.223620 5.741400 7.127500 1.613900 1.666100 0.024950 0.062370 154.440000
0.347920 7.843400 6.960400 1.566900 1.246600 0.018612 0.122810 129.220000
0.446930 5.611700 4.365300 0.785600 1.701400 0.015722 0.058147 191.160000
0.440200 10.693000 5.491200 0.921590 1.641000 0.016737 0.104240 114.250000
0.506460 7.024800 4.638800 0.714070 1.751000 0.026840 0.144940 131.410000
0.597530 6.956300 3.340200 1.197300 1.109000 0.021238 0.130910 91.922000
0.480010 9.891200 4.618900 1.546300 1.291400 0.025526 0.075724 134.590000
0.269590 10.424000 5.355000 1.291500 1.937200 0.019291 0.102160 153.950000
0.264950 10.132000 4.358600 0.575080 1.546100 0.017178 0.114580 83.757000
0.405560 10.205000 6.499300 1.416000 1.573100 0.011295 0.075044 181.210000
0.392550 5.837000 5.497000 1.561000 1.967900 0.021312 0.111750 192.580000
0.335320 11.843000 4.391000 1.041400 1.695400 0.019361 0.087682 124.290000
0.617080 9.995200 4.102900 1.524700 1.389900 0.018470 0.056975 180.170000
0.421780 5.520700 6.488700 0.965980 2.005800 0.024151 0.053471 144.880000
0.519800 5.173800 2.559000 1.367500 1.779200 0.021345 0.089120 123.200000
0.622120 12.426000 6.028600 0.919310 1.382400 0.023692 0.112010 122.690000
0.499320 8.335000 2.436700 0.792210 1.241100 0.012225 0.123180 101.020000
0.264250 5.602100 4.250200 1.144500 2.141800 0.020363 0.068037 151.490000
0.369710 5.956200 2.774300 1.561900 1.792900 0.021783 0.086623 205.660000
0.589530 12.070000 3.357700 1.445500 1.117100 0.011947 0.073767 131.060000
0.460810 5.307100 5.096300 0.931610 1.517000 0.009507 0.067957 138.150000
0.534680 7.436300 5.052200 0.938060 2.175100 0.020868 0.070276 202.930000
0.365640 6.637800 5.396300 1.292700 2.068200 0.027891 0.076605 206.060000
0.260680 11.643000 4.484100 1.270500 1.877000 0.025067 0.070868 153.700000
0.363800 6.620900 5.474200 0.556320 1.601100 0.024976 0.054415 133.420000
0.495500 7.598200 4.986700 1.330000 1.552400 0.012022 0.088581 121.530000
0.290860 11.874000 4.840900 1.646600 1.258700 0.017063 0.101810 140.530000
0.485300 11.638000 2.466200 1.420100 1.479900 0.014215 0.135710 123.750000
0.451490 4.523600 3.927200 1.308400 1.955500 0.017280 0.141730 196.620000
0.587100 6.902400 6.882500 0.637870 1.358800 0.019975 0.117740 88.762000
0.337760 10.097000 3.620500 1.290000 1.340000 0.013663 0.122640 172.050000
0.353560 7.960300 3.199300 1.164400 1.741200 0.019080 0.105960 105.910000
0.392920 9.648400 4.968800 0.916500 1.827800 0.019106 0.081451 184.560000
0.351230 7.115900 6.421600 1.195900 1.844400 0.010289 0.123880 167.180000
0.229240 5.992700 3.036500 1.109900 1.955100 0.017719 0.068436 119.710000
0.341680 9.111000 4.696300 1.631300 1.621400 0.022054 0.135790 152.760000
0.424490 10.630000 6.265700 1.486300 1.524100 0.018241 0.072379 141.320000
0.464810 4.605400 4.489100 1.390000 1.572200 0.023040 0.068167 113.780000
0.371880 8.750200 6.611200 0.972010 1.743900 0.022985 0.055964 174.980000
0.299240 5.808400 3.846400 0.640780 1.882200 0.012634 0.131770 137.580000
0.472510 7.201400 4.150900 1.530700 2.107800 0.026200 0.063826 190.450000
0.614510 6.936700 3.061200 1.210200 2.147100 0.024930 0.071505 162.410000
0.513150 7.749000 5.476600 1.097800 1.511000 0.026174 0.145660 90.720000
0.375130 4.922300 6.998300 1.113500 1.521100 0.011482 0.090167 106.400000
0.500250 10.061000 5.621400 0.806130 1.389800 0.018979 0.141100 118.520000
0.311610 5.774400 4.293300 0.934350 1.919900 0.015863 0.087753 204.930000
0.325050 6.470000 5.788600 0.975650 1.831500 0.026997 0.050808 141.240000
0.212600 4.916800 4.555600 1.450500 1.646900 0.020326 0.076515 84.741000
0.479190 5.908500 6.094200 0.980180 1.945600 0.024346 0.071568 191.530000
0.448290 12.051000 3.766500 1.588700 1.491700 0.011794 0.061002 168.140000
0.442150 6.993300 4.861600 1.572500 1.497100 0.026104 0.052064 115.200000
0.334830 4.599400 4.080000 1.335500 1.094200 0.011692 0.063168 93.377000
0.217020 7.351600 2.536200 0.833400 1.997500 0.021380 0.104290 191.730000
0.556730 11.766000 4.099500 1.509300 1.290400 0.017380 0.071391 114.860000
0.355840 4.932300 5.035300 0.732500 1.840700 0.024948 0.082228 141.310000
0.499820 5.484800 5.429300 1.485300 1.817200 0.014120 0.079614 139.400000
0.457930 8.272000 3.290200 0.564920 1.887800 0.020945 0.126260 153.090000
0.312560 4.791100 4.758000 1.629100 1.010600 0.018085 0.066571 85.272000
0.244180 8.473200 6.661000 0.749370 1.693300 0.015855 0.089242 172.800000
0.321700 7.608100 2.454200 1.599300 1.806800 0.025391 0.059746 114.640000
0.423160 10.728000 6.687100 1.013700 1.217800 0.010244 0.073222 110.560000
0.560480 7.569400 5.075800 0.858880 1.853900 0.022047 0.120000 169.200000
0.571170 6.330300 6.341700 1.613700 1.541000 0.014631 0.057943 159.240000
0.362310 5.182900 4.537000 1.103800 1.747300 0.027603 0.148930 127.090000
0.345360 7.947000 5.731800 1.417700 1.892100 0.012029 0.055709 157.590000
0.394300 7.804300 4.860400 0.698980 2.138500 0.014259 0.119180 199.720000
0.565750 5.964400 4.971300 1.538700 2.018000 0.023941 0.127760 157.060000
0.253280 4.190800 4.852600 1.551000 1.681300 0.013886 0.087545 84.796000
0.464490 11.787000 3.351400 0.736450 1.690200 0.019579 0.060295 119.380000
0.353930 4.217300 3.900700 1.606000 1.886200 0.028277 0.109730 125.320000
0.324910 12.050000 4.246100 1.514300 1.479600 0.016296 0.099927 90.864000
0.381410 9.759800 2.837400 1.045000 1.498200 0.009864 0.073572 173.110000
0.484990 8.100400 5.447300 1.017900 1.741900 0.026007 0.064308 120.230000
0.297330 8.717800 2.868400 1.194500 1.604000 0.015573 0.134700 153.520000
0.609790 6.378800 2.815000 1.008200 1.309200 0.010564 0.102840 147.470000
0.270230 8.403300 3.388400 1.118700 1.878300 0.017168 0.065816 148.390000
0.377650 5.258800 2.536000 1.129700 1.373900 0.013206 0.123960 88.591000
0.257790 8.813500 5.970000 1.363900 1.872900 0.019341 0.062097 166.680000
0.359800 8.704600 6.130500 0.553960 1.577000 0.025704 0.070163 154.620000
0.290170 7.006800 5.960300 0.839610 1.311000 0.014425 0.126690 132.410000
0.317840 7.917500 3.374800 1.548300 1.303500 0.025179 0.131950 172.530000
0.269070 10.007000 4.171700 1.011400 1.684100 0.017632 0.093901 169.730000
0.279580 11.282000 4.988900 1.486900 1.729500 0.023524 0.078807 136.230000
0.431280 10.076000 5.385200 0.742310 1.697700 0.014169 0.133990 141.280000
0.362670 11.606000 3.971700 1.377600 1.527000 0.020430 0.093873 172.000000
0.481270 11.727000 2.752100 1.012200 1.638400 0.014649 0.124150 199.030000
0.292390 7.941500 3.549200 1.271000 1.807000 0.013371 0.113010 136.190000
0.272910 4.985200 4.561400 0.969530 1.638400 0.015201 0.147080 143.910000
0.453190 10.015000 4.586200 0.840310 1.158200 0.022881 0.102060 108.980000
0.404260 9.206300 4.332400 1.525800 1.051600 0.009513 0.065565 116.960000
0.258550 4.573700 5.906700 0.801480 1.826200 0.013873 0.057277 159.330000
0.424890 8.668600 6.295400 0.969590 1.698600 0.021073 0.149270 139.690000
0.455030 6.749400 4.935300 1.555100 1.993000 0.025332 0.114750 170.020000
0.409830 11.102000 5.837300 0.956820 1.488200 0.011163 0.135020 147.110000
0.519080 7.680300 2.840700 1.490800 1.833800 0.014790 0.072450 99.463000
0.230820 11.401000 4.017300 1.463100 1.979000 0.025051 0.090834 200.100000
0.523830 8.544600 3.370400 1.048600 1.890500 0.022737 0.116040 153.970000
0.334330 5.470300 3.035500 0.772850 1.970700 0.021179 0.057608 95.492000
0.288870 5.469400 2.650300 1.161100 1.589500 0.015851 0.142520 116.620000
0.228850 12.211000 5.407200 1.250700 1.842200 0.016723 0.073318 188.900000
0.350010 7.382300 4.617000 0.810630 1.710400 0.017585 0.059921 207.110000
0.486120 6.586000 6.806300 1.085100 1.060900 0.017838 0.088414 92.657000
0.383200 6.349500 6.169100 1.111400 1.944900 0.025856 0.126310 123.070000
0.242430 7.635700 3.214100 0.792490 1.893000 0.022194 0.070430 195.940000
0.276450 9.593900 6.221000 1.082100 1.581500 0.012909 0.120360 129.260000
0.531690 4.528400 4.284000 1.073100 2.123100 0.020987 0.114810 115.640000
0.599500 6.325000 3.875100 0.798200 2.121600 0.027656 0.056474 195.400000
0.417110 4.993600 6.695600 1.186800 1.816300 0.010367 0.091425 91.119000
0.311890 11.291000 6.085300 1.490200 1.792800 0.024004 0.066862 201.790000
0.490130 5.750100 5.217400 0.852800 2.049300 0.028054 0.076228 178.860000
0.580130 11.088000 5.695400 0.739120 1.496200 0.011074 0.104090 147.580000
0.373090 9.781400 3.754000 1.423300 1.957500 0.013402 0.134450 179.610000
0.376820 4.845000 6.250200 1.093500 1.788400 0.022821 0.108250 140.980000
0.330810 6.931300 3.377500 1.386800 1.857100 0.011487 0.131200 156.510000
0.363030 8.860700 3.354300 1.212300 1.719000 0.023804 0.056664 206.690000
0.427640 7.564900 6.172500 0.899820 1.660300 0.013407 0.109380 88.376000
0.230070 11.079000 4.683000 1.545100 1.193800 0.015749 0.088857 185.080000
0.522900 8.329800 4.318900 0.722990 1.671200 0.019909 0.072398 173.450000
0.397180 8.855700 2.878200 1.527900 1.382300 0.012411 0.080963 179.060000
0.258190 7.212800 3.578200 0.711830 1.655800 0.024665 0.087227 86.646000
0.455050 4.280400 2.960300 0.877680 1.757900 0.013525 0.087397 83.879000
0.515660 7.231800 4.819500 1.107700 1.528400 0.017407 0.120210 166.820000
0.504160 9.025800 7.160800 1.038500 1.264100 0.022242 0.119730 98.051000
0.384160 12.007000 4.702600 1.218500 1.177900 0.015008 0.140080 104.590000
0.295020 5.828000 3.658200 1.281800 1.796800 0.020774 0.069243 83.374000
0.613590 9.223800 4.585200 0.653000 1.412700 0.012004 0.050182 124.480000
0.436880 10.902000 3.680200 1.374800 1.021300 0.015479 0.124620 104.750000
0.313670 9.952500 5.515800 1.538500 1.978800 0.020756 0.119560 147.560000
0.389180 7.315600 2.855500 0.602200 2.018000 0.023646 0.051133 153.990000
0.294080 4.191600 4.232900 1.232600 1.442300 0.017737 0.080497 149.520000
0.439580 9.188900 3.817600 0.672320 1.438500 0.014146 0.064220 172.240000
0.577740 10.031000 3.502400 0.919070 1.431000 0.025600 0.096410 165.980000
0.262010 6.851800 3.538100 1.146400 1.388400 0.011561 0.087891 125.640000
0.528800 8.644800 4.355500 0.980150 1.435500 0.012938 0.107070 124.440000
0.391360 12.302000 6.319200 1.243100 1.743600 0.017780 0.099635 178.070000
0.447930 8.490600 6.465500 0.755740 1.816500 0.016428 0.050212 196.280000
0.478510 9.019600 3.100600 1.101400 1.645500 0.022626 0.080903 150.030000
0.366240 5.020000 3.785500 1.002600 1.696400 0.022240 0.056963 112.010000
0.621220 7.148800 2.921300 1.568900 1.401800 0.018768 0.076261 99.073000
0.446720 10.202000 2.623600 0.744940 1.713200 0.012270 0.109300 150.010000
0.474900 7.755500 6.023400 1.440500 1.971400 0.019123 0.140680 182.050000
0.273630 11.737000 6.787700 1.140700 1.488900 0.013400 0.121560 94.928000
0.282670 11.762000 4.441800 0.790820 1.633400 0.024871 0.079001 186.140000
0.302970 7.759900 5.048200 1.381700 1.412700 0.018664 0.073190 134.360000
0.457210 5.272400 5.254700 1.330000 2.048800 0.021014 0.135460 207.440000
0.532600 9.709200 4.673800 1.119200 1.306800 0.009857 0.054520 141.310000
0.463270 6.976700 3.635400 0.788260 2.067100 0.024280 0.097071 162.790000
0.539700 11.356000 3.107100 1.212600 1.528000 0.015973 0.066899 152.900000
0.453330 11.161000 5.647300 0.987940 1.025500 0.010929 0.131850 110.840000
0.383600 9.281800 3.740400 1.138400 1.560300 0.012170 0.052152 107.640000
0.257170 9.950800 6.416500 1.418100 1.606400 0.027938 0.055686 166.940000
0.517800 11.093000 3.607500 0.648450 1.572400 0.017475 0.144950 183.480000
0.356560 6.717000 2.735700 1.271200 1.985400 0.016649 0.066770 175.130000
0.316420 10.634000 6.924200 0.698940 1.754000 0.028352 0.053991 108.740000
0.211960 6.749600 7.005900 1.155000 1.716300 0.016101 0.148760 145.370000
0.378470 6.499400 6.055800 1.605900 1.908400 0.014993 0.074605 146.160000
0.480170 11.105000 4.129400 0.955220 1.684300 0.012242 0.064009 152.460000
0.557350 10.465000 5.498100 1.009200 1.545700 0.012147 0.137000 178.250000
0.473180 11.448000 3.947700 0.779400 1.716600 0.019190 0.078310 199.440000
0.500200 4.952900 7.091600 1.149300 1.441400 0.012514 0.074989 117.530000
0.452190 10.329000 3.801700 1.136900 1.727600 0.020744 0.067855 122.180000
0.346540 6.877200 4.563200 0.910610 1.954200 0.027073 0.076397 195.520000
0.339990 10.531000 3.137200 1.194100 1.459800 0.025538 0.131010 202.570000
0.556830 8.666100 6.370000 1.260500 1.443200 0.015140 0.143870 175.570000
0.547940 6.546600 6.847700 1.059900 1.810100 0.024599 0.110650 143.360000
0.526350 10.258000 4.796800 1.382600 1.846800 0.023407 0.107070 207.340000
0.250740 7.246400 6.856100 0.875020 1.627500 0.022329 0.059930 126.830000
0.450870 4.862000 3.390600 1.097700 1.616000 0.017503 0.056380 172.170000
0.367330 6.373400 5.680300 0.952490 2.021500 0.010889 0.093778 195.440000
0.273410 6.667500 2.447700 1.548600 1.847900 0.021782 0.124030 149.430000
0.282350 12.013000 6.090500 1.213400 1.816300 0.024980 0.148410 143.900000
0.309740 9.662600 3.851900 1.497600 1.841200 0.015849 0.147580 189.630000
0.357780 4.974000 6.481100 1.382200 2.241900 0.026440 0.065459 195.640000
0.506590 5.886700 3.560000 0.840590 1.845900 0.021324 0.149240 180.930000
0.305340 9.976400 2.767600 1.020800 1.813100 0.026624 0.067309 198.430000
0.278180 6.376300 3.713200 1.554800 2.082100 0.025511 0.090567 137.780000
0.265460 9.158300 5.281900 1.069700 2.041000 0.015250 0.098159 190.360000
0.593590 10.625000 2.655600 1.630200 1.581100 0.020337 0.093308 93.340000
0.455950 7.390100 3.694400 0.897020 2.034500 0.020364 0.132030 144.500000
0.287920 9.916200 2.892900 0.684770 1.370400 0.018180 0.109830 113.350000
0.290720 12.447000 4.974900 1.534700 1.272700 0.013513 0.143270 161.070000
0.470540 9.285800 4.714600 1.362000 1.529800 0.023995 0.144990 101.890000
0.461960 9.133500 5.745700 1.045100 1.877300 0.025565 0.097750 146.350000
0.427280 4.731200 4.274900 1.338000 1.757600 0.014922 0.077534 118.100000
0.410740 7.160100 4.783700 1.499100 2.109100 0.025180 0.060848 154.360000
0.340580 11.256000 2.759300 1.535600 1.684400 0.013953 0.100480 149.020000
0.578040 5.718100 6.229700 0.890660 1.360100 0.021812 0.050387 106.830000
0.485570 6.454600 5.110400 1.642200 1.857000 0.024797 0.093741 100.130000
0.265500 11.514000 6.481500 1.612000 1.274000 0.024459 0.118850 109.460000
0.297460 5.372400 6.438800 1.122900 1.189700 0.012764 0.091301 143.890000
0.463780 6.012100 5.633200 1.402800 1.112300 0.021115 0.064964 109.160000
0.443160 9.558300 5.487400 1.343300 1.565700 0.010349 0.076421 114.500000
0.341330 5.794000 4.371700 0.828720 1.881700 0.022982 0.083096 163.240000
0.617990 8.457300 5.814500 1.578200 1.154200 0.012161 0.122720 147.790000
0.616120 10.792000 3.852500 1.517200 1.694700 0.024260 0.054723 153.820000
0.467620 8.257700 4.976400 0.767480 1.689600 0.018147 0.060374 105.220000
0.399510 8.304200 6.206300 1.146000 1.664800 0.009511 0.057783 103.770000
0.440080 8.086200 4.864600 1.246500 1.256600 0.025936 0.144040 151.640000
0.260970 7.663800 3.515600 1.424800 1.676700 0.019469 0.101560 179.250000
0.483410 5.267000 2.709800 1.592200 1.117400 0.018695 0.137080 92.751000
0.348250 8.060900 7.117500 1.573600 1.829600 0.024869 0.077609 202.420000
0.578130 8.724400 3.229600 1.088200 1.945900 0.027447 0.059420 116.750000
0.352110 11.182000 5.614800 1.166500 1.486900 0.011969 0.109290 88.963000
0.495270 10.142000 6.264800 1.559200 1.524500 0.017268 0.134710 115.990000
0.405490 9.417200 6.874500 1.244000 1.445600 0.011964 0.085564 117.540000
0.510520 6.119100 7.081200 0.694340 1.269400 0.013825 0.118080 144.510000
0.590720 9.434000 2.633200 1.214700 1.383200 0.025720 0.095605 87.698000
0.322490 7.500000 6.400500 1.421100 1.425900 0.026689 0.059819 165.370000
0.366260 5.077700 5.567700 0.973120 1.291500 0.012711 0.074605 104.040000
0.461580 4.472100 6.447300 1.002600 1.753600 0.013517 0.149150 166.150000
0.264870 8.819500 6.329700 1.278400 1.685300 0.018088 0.104470 111.480000
0.381310 12.373000 3.589200 1.177300 1.662100 0.026318 0.126500 94.993000
0.544680 11.758000 6.243500 0.958590 1.396600 0.024139 0.130830 153.760000
0.333790 5.923900 3.703600 1.576800 1.837700 0.028396 0.084753 150.180000
0.622180 9.928200 3.228300 0.599900 1.581100 0.017817 0.069408 97.985000
0.432500 10.932000 2.522300 0.769690 1.292500 0.016170 0.115690 105.900000
0.506170 8.804900 2.902700 0.678630 1.699700 0.018422 0.143360 112.390000
0.217600 12.377000 3.509200 1.109300 1.557800 0.017892 0.092109 132.050000
0.430060 10.920000 2.751800 0.789510 1.352900 0.016526 0.093583 160.540000
0.481500 7.266400 3.384400 1.545800 1.254900 0.019611 0.145820 116.410000
0.374170 9.236000 6.154000 0.786170 1.897200 0.021187 0.055308 163.720000
0.484420 8.902000 3.005100 1.134800 1.473700 0.026846 0.071422 131.270000
0.534830 7.356200 6.734200 1.289800 1.548400 0.014247 0.099638 134.640000
0.498960 9.568500 6.639000 1.354100 1.224400 0.012316 0.137170 115.770000
0.625910 4.405900 4.195000 1.284300 2.148900 0.013939 0.093259 160.030000
0.299860 7.939800 4.696400 1.115200 1.750000 0.013401 0.114210 93.524000
0.538910 4.493200 3.821000 0.978520 1.789300 0.017769 0.131620 174.090000
0.321140 5.558200 6.406400 1.090200 1.420700 0.024951 0.116300 89.465000
0.536430 7.594400 2.410400 0.613110 1.754300 0.026006 0.086733 130.600000
0.268040 10.976000 4.458500 0.572810 1.559100 0.021022 0.058708 133.060000
0.390970 11.934000 4.834500 1.462700 2.011200 0.023951 0.116430 204.430000
0.555970 8.920600 6.444000 0.943670 1.738900 0.022066 0.082100 114.910000
0.624530 11.935000 2.785300 1.192600 1.370300 0.016460 0.068103 142.170000
0.515500 10.773000 6.450600 1.325100 1.480100 0.022264 0.073338 103.710000
0.552190 4.234600 5.261900 0.765520 2.042400 0.018846 0.112520 143.670000
0.484890 10.738000 5.489100 0.554380 1.392600 0.022639 0.136670 119.510000
0.486510 9.818500 3.911600 1.495500 1.418300 0.012639 0.052278 160.240000
0.372960 8.037100 4.193100 1.355000 1.923600 0.023681 0.102940 167.750000
0.500620 9.676200 5.753700 1.530000 2.014900 0.026499 0.102720 195.130000
0.606220 9.532100 6.815600 1.513200 1.680400 0.009853 0.084364 140.070000
0.291930 4.193500 3.057800 1.426500 1.942000 0.027307 0.087795 178.670000
0.245350 10.292000 7.110500 1.326000 1.439800 0.019462 0.088884 90.073000
0.515230 9.376300 6.188400 0.645260 1.540400 0.014984 0.141220 168.690000
0.362460 11.461000 4.112900 1.246000 1.323100 0.018053 0.070323 116.500000
0.308050 9.086800 4.550800 1.216200 1.917900 0.015245 0.116870 136.490000
0.240360 6.476600 2.841800 1.510600 1.577600 0.014870 0.128550 150.840000
0.404040 9.701600 3.302200 1.070500 2.023100 0.023739 0.066974 161.070000
0.257770 8.604500 6.484100 1.129600 1.423900 0.009668 0.100980 93.021000
0.327790 8.675900 3.832800 1.241100 1.965000 0.015364 0.139420 163.890000
0.331600 6.171900 6.665100 0.607270 1.301600 0.022319 0.061996 141.590000
0.461580 10.154000 5.258200 1.573300 2.027900 0.024594 0.091977 185.080000
0.397440 11.280000 6.551600 0.963300 1.140400 0.021282 0.068186 91.385000
0.589710 11.223000 7.098000 0.603190 1.613300 0.012764 0.066524 152.730000
0.233050 8.422500 3.938900 0.842920 1.624000 0.012932 0.059023 95.880000
0.225040 5.577900 5.917600 1.020500 1.841200 0.018850 0.129740 95.137000
0.419730 5.694800 3.524000 0.793340 2.098500 0.017511 0.105040 197.360000
0.239390 10.066000 2.662300 1.063600 1.875700 0.026333 0.068315 202.030000
0.273350 4.741800 6.846300 0.735390 1.731900 0.026456 0.115500 200.710000
0.387770 4.905700 3.331900 1.400500 1.638700 0.018320 0.087850 110.820000
0.461130 8.274700 3.397600 0.658630 1.455100 0.021028 0.133030 125.440000
0.361120 10.272000 5.151500 1.523300 1.560300 0.017039 0.104870 99.731000
0.578730 11.956000 4.108500 1.275200 1.873000 0.022590 0.087633 194.460000
0.533710 7.434800 5.121300 0.744720 1.792600 0.022158 0.068282 140.430000
0.292910 9.397000 2.997700 1.400800 1.620700 0.018988 0.143610 179.550000
0.463460 9.072600 2.793600 0.815980 1.586200 0.017468 0.100150 196.740000
0.276460 7.170200 2.526700 0.821680 1.908100 0.023211 0.057068 166.020000
0.305500 4.723300 3.032600 1.395100 2.097200 0.020947 0.088847 92.511000
0.261420 6.048700 6.950000 1.546000 2.001300 0.025662 0.066993 202.840000
0.394300 4.510900 6.378100 0.645440 1.391400 0.021700 0.149420 102.110000
0.447770 12.171000 5.912700 0.886090 1.813500 0.018350 0.128480 171.580000
0.527510 7.180000 6.452400 1.203000 1.953300 0.020407 0.100790 167.000000
0.369570 4.906800 6.247300 0.801530 1.778400 0.013237 0.084147 203.330000
0.272450 7.105000 4.899100 1.053100 1.960900 0.012563 0.116310 125.100000
0.221760 7.426300 4.205200 1.238900 1.575200 0.028457 0.060804 117.410000
0.398670 11.093000 2.601300 0.808750 1.276800 0.010820 0.145830 177.380000
0.335210 5.358000 6.077300 1.342300 1.671900 0.024712 0.051915 186.290000
0.485610 5.477200 2.678200 1.450000 1.755400 0.024741 0.088753 171.510000
0.314340 7.107000 4.197400 1.210300 1.258800 0.011023 0.070188 167.320000
0.249800 5.315600 5.661600 1.214000 1.315600 0.025816 0.126830 142.790000
0.275990 10.264000 4.738100 1.344200 1.803700 0.012883 0.135710 146.360000
0.428110 10.507000 4.731900 0.828130 1.064100 0.019472 0.087347 104.340000
0.558820 8.544500 2.924600 0.736890 1.750400 0.022372 0.110400 92.543000
0.238620 5.930800 3.728400 1.564200 1.836600 0.018029 0.073149 83.566000
0.254130 5.854200 4.324500 0.973290 2.159300 0.015885 0.056265 168.120000
0.396450 11.637000 4.343800 1.191000 1.199000 0.011216 0.096396 165.880000
0.306470 8.834900 4.848500 1.185100 1.943800 0.027717 0.108930 183.930000
0.343440 5.468500 4.834800 0.694300 2.248500 0.017965 0.112000 182.040000
0.417520 7.138400 5.893800 1.035000 1.992700 0.016963 0.114720 153.630000
0.446590 12.008000 4.967400 1.149900 1.180100 0.027820 0.137340 117.670000
0.275530 7.757700 2.918400 1.134600 2.035400 0.018610 0.104590 202.880000
0.482120 7.529600 7.180200 1.548700 1.462900 0.013835 0.063991 103.340000
0.608240 5.303000 5.679600 0.826700 1.920800 0.026754 0.086676 158.960000
0.320380 8.790000 4.132800 0.764080 1.791100 0.024778 0.089949 176.430000
0.462670 5.725900 6.999200 1.379400 1.895500 0.011864 0.099799 117.390000
0.290450 4.915600 4.677500 0.626300 1.932400 0.014091 0.062713 154.920000
0.242140 4.629600 6.057900 0.745360 2.014100 0.022307 0.066925 194.440000
0.437090 8.763000 3.381400 0.898580 1.729200 0.027523 0.102330 140.640000
0.224390 10.515000 4.193400 1.502600 1.531600 0.018710 0.119810 113.590000
0.410820 9.036500 2.926500 0.790530 1.764200 0.026464 0.129200 145.520000
0.458230 11.097000 3.617900 0.935820 1.426000 0.010059 0.079745 112.170000
0.366350 5.016600 4.323500 1.582900 1.701300 0.016382 0.092630 120.440000
0.346880 9.431000 5.622000 1.244600 1.472000 0.026319 0.108630 124.240000
0.415400 5.218600 4.622000 1.346900 1.565000 0.011448 0.087076 83.725000
0.227430 10.256000 2.754800 1.330500 1.699100 0.019458 0.098266 121.190000
0.272380 12.290000 5.705300 1.634400 1.802700 0.022719 0.102360 185.910000
0.388890 10.085000 3.879600 0.837420 1.911600 0.018177 0.121940 146.340000
0.589180 8.235000 4.631900 0.919220 1.846600 0.014394 0.091701 195.650000
0.335530 4.688800 6.979400 0.555690 1.304800 0.027318 0.128610 103.070000
0.531880 11.611000 2.478600 1.585800 1.490600 0.027225 0.071909 105.440000
0.324450 4.982100 4.348700 1.237100 2.055300 0.018108 0.136390 197.510000
0.298840 12.276000 4.931200 1.276700 1.556400 0.022827 0.123810 97.141000
0.559650 8.071600 3.204800 1.021100 1.683800 0.027213 0.068118 104.740000
0.609370 6.076000 5.895000 1.599300 1.234300 0.022451 0.136200 92.064000
0.267340 5.137400 5.275900 0.909730 1.860800 0.021651 0.086508 164.400000
0.385040 12.057000 3.109600 1.051600 1.767900 0.018403 0.060060 195.920000
0.428260 9.575100 3.057100 1.057800 1.441600 0.017357 0.113200 142.830000
0.605810 4.762600 7.005600 1.332800 1.962800 0.024187 0.136530 106.250000
0.384050 9.920500 5.693100 0.991430 1.524000 0.016988 0.050089 136.350000
0.395330 9.728400 2.452000 1.383600 1.244700 0.013342 0.054705 127.040000
0.255200 10.309000 5.517300 1.234600 1.709500 0.016997 0.139750 107.510000
0.418450 7.583000 6.090900 1.242000 1.345800 0.023064 0.058979 96.157000
0.387620 6.250900 3.290800 1.560700 1.098800 0.018177 0.077245 108.010000
0.346430 9.558700 7.170600 1.282100 1.490200 0.016211 0.091589 103.840000
0.401570 9.349500 3.804700 1.306500 1.501700 0.017667 0.082199 86.300000
0.607010 4.437200 4.126500 1.083800 1.793900 0.012704 0.109150 136.720000
0.402200 9.920800 6.444100 0.631420 1.594600 0.013219 0.124410 183.590000
0.211460 7.670000 6.882900 1.314800 1.876500 0.013053 0.086625 136.190000
0.338420 9.471100 3.342100 0.942780 1.771900 0.027808 0.064278 191.440000
0.528060 4.268500 4.616500 0.591130 1.790700 0.020584 0.137470 111.410000
0.584540 10.660000 5.686900 1.229200 1.723700 0.015681 0.061547 157.840000
0.245160 8.182800 6.802600 1.025700 1.431200 0.018794 0.109680 90.415000
0.351400 10.025000 2.645900 1.250700 1.611100 0.014291 0.071314 124.100000
0.425940 8.522800 3.653400 1.248200 1.140500 0.010041 0.124680 124.080000
0.252060 11.883000 3.046500 1.406700 1.646600 0.022119 0.116180 173.410000
0.480390 10.955000 6.144500 1.362800 1.469300 0.015234 0.128770 189.900000
0.239230 11.889000 2.866400 1.370900 1.713800 0.021197 0.117970 111.470000
0.226040 11.588000 4.609900 1.135100 1.593900 0.023179 0.136840 135.820000
0.243720 6.155300 5.621200 1.462200 1.127800 0.020907 0.095372 84.798000
0.313540 12.355000 5.343500 1.618300 1.121200 0.027641 0.106320 83.133000
0.508440 5.329000 2.751500 0.975480 1.523200 0.011085 0.071224 134.490000
0.376200 6.212800 4.860700 1.647000 1.818100 0.019929 0.124870 182.510000
0.341950 8.815600 6.464400 1.296700 1.547400 0.020586 0.090108 175.450000
0.514740 6.398200 6.195500 1.279400 2.057100 0.018635 0.058799 167.030000
0.238880 10.430000 4.001900 1.396700 1.512000 0.020122 0.109530 181.100000
0.525510 7.136500 2.918800 0.867900 1.866100 0.020192 0.057456 120.360000
0.435090 11.172000 5.451300 0.835900 1.783100 0.027703 0.134420 113.680000
0.500370 8.546600 2.679000 1.254600 1.389800 0.022461 0.064832 125.260000
0.443100 12.035000 6.293300 1.382500 1.070400 0.011845 0.100920 102.460000
0.420070 5.664200 3.847500 1.251800 1.917600 0.011196 0.073573 167.590000
0.607090 4.974100 3.363300 1.321700 1.672500 0.014312 0.124560 192.590000
0.348610 10.050000 7.088900 0.780210 1.610600 0.013211 0.069842 175.380000
0.454660 9.974500 7.013300 0.633700 1.816000 0.019291 0.089255 199.540000
0.324010 9.997600 4.411400 1.429000 1.743500 0.021050 0.137760 104.750000
0.507680 4.212200 3.636800 1.250100 1.769700 0.017877 0.128660 91.968000
0.511250 7.330400 6.406900 1.644300 1.509400 0.018036 0.124840 201.080000
0.514770 9.776100 4.237700 1.473600 2.049600 0.026183 0.087623 192.530000
0.224410 8.055200 5.563200 1.022100 1.592100 0.010534 0.108230 104.250000
0.294070 7.703200 6.502000 0.894350 1.863100 0.024760 0.142890 103.630000
0.437130 9.087100 4.631300 0.551730 2.052200 0.026073 0.107730 153.780000
0.425830 8.705600 2.701400 1.638600 1.625600 0.015443 0.134620 137.390000
0.304570 10.549000 3.848100 0.720070 1.376200 0.016972 0.100360 123.100000
0.598220 4.334200 3.271200 0.928990 1.681200 0.015806 0.076305 149.390000
0.483250 7.650700 4.489700 1.645100 1.809100 0.025491 0.085764 187.530000
0.233010 10.512000 6.297700 1.026000 1.549700 0.021987 0.105000 138.730000
0.229610 10.839000 5.683200 0.928800 1.791900 0.014918 0.078972 166.020000
0.276250 11.644000 5.408300 1.317700 1.911700 0.017811 0.111710 182.650000
0.240300 11.000000 3.513600 1.546400 1.120200 0.019516 0.096396 92.152000
0.354580 5.964200 6.808400 1.266700 1.859700 0.022767 0.128460 93.707000
0.561130 10.086000 4.584300 1.124100 1.418300 0.009556 0.061156 127.760000
0.579720 11.551000 4.641100 1.085100 1.096900 0.022807 0.072336 94.992000
0.615090 5.150700 3.371800 1.218300 2.004300 0.020987 0.131260 162.620000
0.376290 8.816400 6.437400 0.923270 1.338900 0.022592 0.107220 85.690000
0.520880 6.733100 3.678500 0.748500 1.874500 0.021251 0.132320 135.570000
0.458630 11.289000 6.994700 1.553000 1.630600 0.017598 0.107700 107.410000
0.318880 4.524500 5.169300 0.728430 1.929600 0.020243 0.125440 110.010000
0.349240 8.595400 6.264100 0.804450 2.046300 0.023008 0.091273 207.070000
0.258790 6.884900 4.123700 1.192400 1.225500 0.012272 0.122820 188.760000
0.321230 9.220300 5.487000 0.979960 1.941400 0.010889 0.106560 181.460000
0.427050 7.427500 3.213400 1.293900 1.878100 0.026752 0.076024 86.128000
0.403180 11.968000 5.160700 1.479100 1.246500 0.025319 0.100500 105.920000
0.303330 9.026600 6.464400 1.021900 1.553300 0.010917 0.066812 195.320000
0.396020 4.540100 3.198200 0.702570 1.397500 0.024459 0.064117 104.950000
0.322830 11.046000 5.800100 1.310000 1.649300 0.012798 0.110730 129.840000
0.248270 4.379700 4.952100 0.898390 1.560800 0.024747 0.113250 120.530000
0.486200 8.080300 7.088400 1.398700 1.286800 0.021544 0.085495 89.265000
0.468450 11.371000 6.046800 0.685410 1.561700 0.022946 0.116300 110.880000
0.342640 11.185000 7.077900 1.294500 1.666600 0.025033 0.063958 113.550000
0.273030 5.182900 2.501900 1.292900 1.547700 0.013573 0.133580 92.517000
0.341210 4.851700 5.822700 1.346700 1.627200 0.010008 0.058017 181.100000
0.514770 5.850200 6.824300 0.684150 1.276900 0.025913 0.127630 89.486000
0.477520 6.272400 3.004400 0.939540 1.859600 0.011830 0.068726 117.310000
0.485440 6.260700 5.479600 1.217900 1.917800 0.011863 0.138830 194.420000
0.467330 8.107000 5.205400 1.511800 1.462600 0.024162 0.073943 101.290000
0.473350 4.692300 4.501900 1.371600 1.833000 0.024111 0.066023 145.700000
0.549050 9.014800 4.758500 0.728220 2.021600 0.023108 0.088562 151.930000
0.496120 4.318300 4.350400 1.074300 2.009600 0.018131 0.055885 159.300000
0.348300 11.952000 6.737800 0.794570 1.548700 0.026214 0.112140 130.170000
0.454310 11.001000 4.297100 1.525500 2.027400 0.027677 0.148960 172.370000
0.259240 9.480600 3.994900 1.040100 1.607900 0.013064 0.106040 105.240000
0.280040 10.075000 3.495900 1.247200 1.959000 0.015292 0.090524 205.380000
0.405110 10.933000 3.440500 1.373900 1.294800 0.013823 0.103410 205.990000
0.508910 10.669000 5.331100 1.331500 1.355400 0.020170 0.133500 106.960000
0.440760 5.544300 6.057500 0.742760 1.310200 0.020657 0.086620 116.030000
0.582470 11.984000 4.800800 0.749750 1.614700 0.022760 0.084023 184.430000
0.458920 12.234000 4.293900 0.705450 1.452700 0.010454 0.120120 118.630000
0.357970 4.927000 3.253200 1.149700 1.539900 0.011055 0.083923 113.010000
0.443490 6.969500 3.061800 1.182100 1.112500 0.011420 0.069911 118.090000
0.318470 7.578200 6.251700 0.969270 1.576700 0.028175 0.100670 197.510000
0.408590 9.169900 5.501700 0.993900 1.858800 0.018557 0.140910 152.400000
0.626470 6.229500 5.066000 1.395900 1.770800 0.026227 0.101310 205.830000
0.575070 10.370000 6.394300 0.958200 1.619600 0.021411 0.108450 168.880000
0.305330 5.767400 7.005100 1.158700 1.236500 0.020653 0.068498 93.348000
0.450490 6.851800 4.843300 1.414000 1.791600 0.022708 0.059178 132.560000
0.219670 4.842500 6.619200 0.747230 1.738900 0.013811 0.056233 93.990000
0.526580 11.005000 2.580600 1.537000 1.732400 0.009529 0.057189 173.510000
0.331480 9.598800 4.309100 1.259900 1.571600 0.025631 0.077691 185.930000
0.304360 10.099000 3.898900 1.144200 1.732200 0.011670 0.066703 181.160000
0.468150 8.453600 4.336600 0.839210 1.511900 0.026878 0.090378 90.276000
0.582010 7.183300 2.840700 1.032500 1.541300 0.018824 0.111770 92.670000
0.555050 6.086000 4.127800 0.745840 2.185400 0.024983 0.131830 178.840000
0.586060 4.280900 5.734100 1.411100 1.096500 0.018077 0.130560 115.360000
0.254140 5.237300 6.627400 1.153600 1.712600 0.021487 0.090549 142.380000
0.390850 8.266500 7.084700 0.592310 1.627600 0.020223 0.078766 157.640000
0.496720 10.570000 2.897000 1.306400 1.354700 0.024094 0.100130 148.130000
0.285760 5.330600 4.027800 1.094800 1.109900 0.022006 0.082009 108.560000
0.341230 7.263600 3.882000 1.300200 1.936300 0.016360 0.127480 145.650000
0.554360 11.319000 3.465800 0.643450 1.500300 0.012492 0.095377 137.870000
0.469640 7.125300 5.191000 1.457000 1.261000 0.023418 0.076539 142.310000
0.539080 7.016200 3.082400 1.373500 1.856700 0.027786 0.084059 113.340000
0.576910 4.460200 2.424000 1.525600 1.836600 0.014622 0.088328 110.380000
0.464770 8.235300 5.847800 1.404400 1.706600 0.012996 0.120980 148.960000
0.265040 5.618200 4.972300 0.931130 1.480300 0.021129 0.073293 115.500000
0.249470 8.060400 6.879300 0.803600 1.400100 0.017393 0.138840 159.340000
0.609450 8.869400 2.615200 0.879610 1.166700 0.019133 0.111170 103.970000
0.245390 10.588000 5.722600 0.842530 1.581000 0.015314 0.091673 83.846000
0.260800 10.653000 6.986300 0.907620 1.748200 0.020842 0.050589 117.610000
0.596480 6.402300 4.184600 0.890770 1.184000 0.022325 0.137610 111.530000
0.320590 11.166000 6.175400 0.632950 1.440800 0.016373 0.124220 140.860000
0.575630 10.042000 2.683000 0.955800 1.467400 0.011678 0.084422 114.200000
0.283510 4.728500 5.045600 1.555200 1.941600 0.011152 0.119940 129.970000
0.451040 10.766000 3.392400 1.382700 0.981190 0.012196 0.129880 97.688000
0.430670 4.526400 2.821100 1.538600 1.168000 0.015041 0.108020 97.289000
0.557120 5.666000 4.652400 0.619360 1.603400 0.014560 0.142490 83.464000
0.270110 12.032000 6.833400 1.576300 1.192900 0.020632 0.091877 123.270000
0.447600 11.080000 6.742700 1.193800 1.587900 0.015009 0.123670 108.500000
0.471100 5.894200 7.154400 1.208300 1.778500 0.020538 0.056318 102.100000
0.408090 7.280700 6.111500 1.057300 1.462000 0.009552 0.089187 178.450000
0.568910 7.744900 6.807700 1.516500 2.045300 0.019216 0.104420 206.230000
0.594610 8.457400 2.872900 0.598870 1.372600 0.026036 0.056946 110.970000
0.324610 10.221000 4.204200 1.602600 1.472500 0.018971 0.130960 174.350000
0.331430 7.513000 4.148900 1.642900 1.843900 0.015785 0.110960 205.790000
0.316730 10.418000 6.693400 0.827350 1.598900 0.027476 0.126450 129.270000
0.367030 9.220400 3.949200 1.563800 1.969300 0.020880 0.135320 160.120000
0.517370 7.245300 6.923400 1.388100 2.116300 0.017385 0.105250 197.460000
0.532200 12.376000 5.856400 1.074600 1.401000 0.019228 0.122130 183.500000
0.577240 6.306000 3.086100 0.816430 1.059200 0.010346 0.127110 114.000000
0.383550 11.133000 5.093700 0.742040 1.267700 0.016800 0.064441 104.170000
0.619740 10.121000 3.568300 1.238700 1.689300 0.018491 0.121230 123.180000
0.236800 4.641100 4.701900 1.417600 1.922100 0.011845 0.062251 86.514000
0.589020 9.534700 5.021700 1.415900 1.666000 0.013125 0.110990 166.330000
0.232030 5.663100 3.990400 1.317900 2.028000 0.018178 0.091248 119.370000
0.355330 10.810000 3.962600 1.524600 1.430700 0.015726 0.094580 137.910000
0.603950 8.064100 5.497700 1.541000 1.399300 0.009967 0.074010 131.740000
0.410350 6.639900 3.547000 1.162900 1.870200 0.017311 0.068966 204.730000
0.315320 9.323900 5.205300 1.407400 1.777500 0.010079 0.056808 180.860000
0.555100 4.988700 7.065200 1.515900 1.605700 0.021636 0.126440 142.140000
0.377880 11.886000 3.692300 1.362600 1.112600 0.018730 0.131180 111.620000
0.217140 7.241300 5.384700 0.737330 1.660000 0.014744 0.087122 144.380000
0.246900 7.428400 6.269200 0.992760 1.861100 0.025884 0.095300 183.970000
0.577320 4.939000 6.994700 0.738260 1.661600 0.020299 0.142620 101.980000
0.243230 5.155300 5.565100 1.375700 1.127400 0.015339 0.136720 93.243000
0.332980 10.825000 2.524400 1.002300 1.310300 0.019792 0.142820 88.910000
0.464570 5.232300 2.882800 1.426200 2.029300 0.020720 0.135390 87.331000
0.453780 8.757700 3.457300 1.511400 1.343700 0.016534 0.076930 83.100000
0.611480 12.341000 3.781700 1.279400 1.500800 0.010107 0.132480 162.540000
0.385240 4.615800 6.027700 1.337100 1.894100 0.017125 0.115970 95.364000
0.251770 6.315300 3.592900 1.150900 1.683800 0.020138 0.122890 90.017000
0.232860 7.735800 5.859500 0.687970 1.633500 0.023862 0.050553 123.640000
0.256950 12.021000 4.138000 1.292600 1.811600 0.017291 0.066707 192.560000
0.237150 10.437000 7.194700 1.038700 1.572300 0.020230 0.081917 103.900000
0.488840 6.452100 6.790700 1.545000 1.664400 0.025966 0.129210 152.520000
0.314920 10.501000 3.962500 0.993990 1.871700 0.014440 0.081915 205.580000
0.531110 7.086700 4.715900 1.260900 1.215300 0.022751 0.136230 85.037000
0.584620 10.829000 3.193600 1.036200 1.874600 0.012665 0.098133 163.870000
