0.383660 8.128900 6.403200 1.011900 1.573400 0.020183 0.111140 182.980000
0.459370 10.303000 3.685800 1.216600 1.634300 0.018987 0.119930 133.100000
0.310890 8.351100 3.881700 1.574100 1.356400 0.013179 0.118130 172.080000
0.598810 8.068800 4.899500 0.998530 1.553200 0.015864 0.134350 142.300000
0.275870 5.453400 4.393600 0.950760 2.012700 0.019550 0.124410 90.113000
0.481850 8.966900 2.838800 1.269700 1.874200 0.020696 0.095605 150.790000
0.245380 6.777800 5.957000 0.620160 1.813100 0.012629 0.114710 139.170000
0.523820 9.310200 3.106700 0.587820 1.444200 0.028036 0.069266 103.500000
0.571450 9.957100 2.775000 0.776570 1.481700 0.027258 0.053588 109.910000
0.380580 8.438200 6.058400 0.855070 1.965700 0.028439 0.083089 169.950000
0.582590 5.549900 6.502700 1.512500 1.639800 0.013140 0.102300 91.957000
0.591130 10.080000 7.125800 0.944380 1.610900 0.010645 0.074326 181.030000
0.357330 6.305600 3.815800 1.536900 1.881600 0.013018 0.093152 142.950000
0.354050 7.781100 5.273000 0.961490 1.016700 0.015188 0.096702 88.070000
0.489810 9.681000 5.321900 1.371300 0.960640 0.017630 0.128640 84.987000
0.602370 6.609400 6.310200 0.847530 1.451600 0.011534 0.054625 189.880000
0.421580 4.525200 5.086200 1.316200 2.088300 0.019775 0.129920 122.820000
0.230620 10.057000 3.509800 1.217800 1.842700 0.024298 0.083633 200.670000
0.536580 4.692900 7.173600 1.217600 1.005200 0.023124 0.140930 97.301000
0.314430 12.121000 6.703600 1.285100 1.595900 0.013336 0.117110 131.170000
0.551590 4.943100 3.592200 0.563800 1.872600 0.026567 0.061133 90.391000
0.620320 6.667200 6.037200 0.920510 1.716200 0.009733 0.086065 207.290000
0.614020 4.843900 5.330900 1.353700 2.153600 0.020611 0.115290 139.860000
0.259500 5.074900 2.990100 1.509200 1.797400 0.010305 0.077928 130.640000
0.528810 10.887000 4.722200 1.020300 1.785000 0.014008 0.125450 199.520000
0.575150 4.922000 5.074000 1.546900 1.859500 0.026922 0.073467 206.290000
0.593630 5.571400 2.698900 1.199400 2.201300 0.012564 0.053892 196.470000
0.487150 5.932200 4.771000 1.240200 1.467800 0.009506 0.149600 84.851000
0.380910 6.415200 6.002500 0.960740 1.670500 0.021847 0.127550 126.560000
0.553730 12.135000 5.700400 1.050800 1.751000 0.023947 0.081725 160.290000
0.271630 7.624600 3.279800 1.323500 1.901000 0.015650 0.081748 199.360000
0.520990 12.427000 6.458800 0.798320 1.436000 0.015328 0.145510 187.430000
0.606480 8.592300 3.740500 1.240400 1.792700 0.011650 0.135030 145.400000
0.559270 4.796700 5.200900 0.779990 1.697200 0.012594 0.078356 148.910000
0.607290 4.917200 5.030300 1.142300 1.182000 0.009925 0.080051 142.510000
0.347920 7.843400 6.960400 1.566900 1.246600 0.018612 0.122810 129.220000
0.446930 5.611700 4.365300 0.785600 1.701400 0.015722 0.058147 191.160000
0.440200 10.693000 5.491200 0.921590 1.641000 0.016737 0.104240 114.250000
0.506460 7.024800 4.638800 0.714070 1.751000 0.026840 0.144940 131.410000
0.597530 6.956300 3.340200 1.197300 1.109000 0.021238 0.130910 91.922000
0.480010 9.891200 4.618900 1.546300 1.291400 0.025526 0.075724 134.590000
0.269590 10.424000 5.355000 1.291500 1.937200 0.019291 0.102160 153.950000
0.518720 11.804000 2.660700 0.899210 1.931100 0.023031 0.089748 176.400000
0.408320 11.006000 4.950900 0.633490 1.468500 0.022053 0.128680 96.925000
0.405560 10.205000 6.499300 1.416000 1.573100 0.011295 0.075044 181.210000
0.392550 5.837000 5.497000 1.561000 1.967900 0.021312 0.111750 192.580000
0.335320 11.843000 4.391000 1.041400 1.695400 0.019361 0.087682 124.290000
0.320980 9.799600 3.627100 1.474500 1.673400 0.027775 0.113680 196.770000
0.421780 5.520700 6.488700 0.965980 2.005800 0.024151 0.053471 144.880000
0.519800 5.173800 2.559000 1.367500 1.779200 0.021345 0.089120 123.200000
0.622120 12.426000 6.028600 0.919310 1.382400 0.023692 0.112010 122.690000
0.589530 12.070000 3.357700 1.445500 1.117100 0.011947 0.073767 131.060000
0.451610 8.374500 6.322900 0.703100 1.356100 0.027776 0.077939 108.870000
0.534680 7.436300 5.052200 0.938060 2.175100 0.020868 0.070276 202.930000
0.325260 8.135800 5.873300 1.556400 1.293500 0.021571 0.063901 104.010000
0.260680 11.643000 4.484100 1.270500 1.877000 0.025067 0.070868 153.700000
0.363800 6.620900 5.474200 0.556320 1.601100 0.024976 0.054415 133.420000
0.495500 7.598200 4.986700 1.330000 1.552400 0.012022 0.088581 121.530000
0.290860 11.874000 4.840900 1.646600 1.258700 0.017063 0.101810 140.530000
0.485300 11.638000 2.466200 1.420100 1.479900 0.014215 0.135710 123.750000
0.451490 4.523600 3.927200 1.308400 1.955500 0.017280 0.141730 196.620000
0.587100 6.902400 6.882500 0.637870 1.358800 0.019975 0.117740 88.762000
0.353560 7.960300 3.199300 1.164400 1.741200 0.019080 0.105960 105.910000
0.500190 4.962100 2.671700 1.079900 1.957900 0.026810 0.098803 152.620000
0.392920 9.648400 4.968800 0.916500 1.827800 0.019106 0.081451 184.560000
0.351230 7.115900 6.421600 1.195900 1.844400 0.010289 0.123880 167.180000
0.341680 9.111000 4.696300 1.631300 1.621400 0.022054 0.135790 152.760000
0.424490 10.630000 6.265700 1.486300 1.524100 0.018241 0.072379 141.320000
0.371880 8.750200 6.611200 0.972010 1.743900 0.022985 0.055964 174.980000
0.299240 5.808400 3.846400 0.640780 1.882200 0.012634 0.131770 137.580000
0.472510 7.201400 4.150900 1.530700 2.107800 0.026200 0.063826 190.450000
0.614510 6.936700 3.061200 1.210200 2.147100 0.024930 0.071505 162.410000
0.375130 4.922300 6.998300 1.113500 1.521100 0.011482 0.090167 106.400000
0.500250 10.061000 5.621400 0.806130 1.389800 0.018979 0.141100 118.520000
0.311610 5.774400 4.293300 0.934350 1.919900 0.015863 0.087753 204.930000
0.540020 6.591800 4.813600 0.824430 1.692400 0.028205 0.137240 176.170000
0.242280 7.669700 4.407100 0.662470 1.473300 0.020529 0.055005 203.880000
0.325050 6.470000 5.788600 0.975650 1.831500 0.026997 0.050808 141.240000
0.212600 4.916800 4.555600 1.450500 1.646900 0.020326 0.076515 84.741000
0.468420 8.644300 5.403300 1.451400 1.652200 0.009638 0.089884 111.820000
0.479190 5.908500 6.094200 0.980180 1.945600 0.024346 0.071568 191.530000
0.442150 6.993300 4.861600 1.572500 1.497100 0.026104 0.052064 115.200000
0.334830 4.599400 4.080000 1.335500 1.094200 0.011692 0.063168 93.377000
0.217020 7.351600 2.536200 0.833400 1.997500 0.021380 0.104290 191.730000
0.468950 6.233200 6.269200 0.935640 1.706600 0.027341 0.076684 93.949000
0.355840 4.932300 5.035300 0.732500 1.840700 0.024948 0.082228 141.310000
0.499820 5.484800 5.429300 1.485300 1.817200 0.014120 0.079614 139.400000
0.587760 7.646300 3.334600 0.895660 1.655000 0.026949 0.140690 145.210000
0.457930 8.272000 3.290200 0.564920 1.887800 0.020945 0.126260 153.090000
0.321910 10.284000 3.483400 1.198600 1.339100 0.013834 0.058298 126.990000
0.244180 8.473200 6.661000 0.749370 1.693300 0.015855 0.089242 172.800000
0.321700 7.608100 2.454200 1.599300 1.806800 0.025391 0.059746 114.640000
0.432470 6.465800 2.512200 0.883190 1.186700 0.013748 0.122890 113.200000
0.560480 7.569400 5.075800 0.858880 1.853900 0.022047 0.120000 169.200000
0.248340 8.024700 6.056600 0.870380 1.638800 0.018123 0.098842 125.020000
0.394300 7.804300 4.860400 0.698980 2.138500 0.014259 0.119180 199.720000
0.565750 5.964400 4.971300 1.538700 2.018000 0.023941 0.127760 157.060000
0.253280 4.190800 4.852600 1.551000 1.681300 0.013886 0.087545 84.796000
0.464490 11.787000 3.351400 0.736450 1.690200 0.019579 0.060295 119.380000
0.353930 4.217300 3.900700 1.606000 1.886200 0.028277 0.109730 125.320000
0.324910 12.050000 4.246100 1.514300 1.479600 0.016296 0.099927 90.864000
0.570000 5.976600 6.674500 1.627400 1.590800 0.013553 0.099015 136.140000
0.297330 8.717800 2.868400 1.194500 1.604000 0.015573 0.134700 153.520000
0.270230 8.403300 3.388400 1.118700 1.878300 0.017168 0.065816 148.390000
0.312810 5.531200 3.021200 1.369600 1.308800 0.010165 0.119580 137.460000
0.377650 5.258800 2.536000 1.129700 1.373900 0.013206 0.123960 88.591000
0.257790 8.813500 5.970000 1.363900 1.872900 0.019341 0.062097 166.680000
0.359800 8.704600 6.130500 0.553960 1.577000 0.025704 0.070163 154.620000
0.269070 10.007000 4.171700 1.011400 1.684100 0.017632 0.093901 169.730000
0.279580 11.282000 4.988900 1.486900 1.729500 0.023524 0.078807 136.230000
0.431280 10.076000 5.385200 0.742310 1.697700 0.014169 0.133990 141.280000
0.481270 11.727000 2.752100 1.012200 1.638400 0.014649 0.124150 199.030000
0.292390 7.941500 3.549200 1.271000 1.807000 0.013371 0.113010 136.190000
0.404260 9.206300 4.332400 1.525800 1.051600 0.009513 0.065565 116.960000
0.258550 4.573700 5.906700 0.801480 1.826200 0.013873 0.057277 159.330000
0.424890 8.668600 6.295400 0.969590 1.698600 0.021073 0.149270 139.690000
0.455030 6.749400 4.935300 1.555100 1.993000 0.025332 0.114750 170.020000
0.409830 11.102000 5.837300 0.956820 1.488200 0.011163 0.135020 147.110000
0.519080 7.680300 2.840700 1.490800 1.833800 0.014790 0.072450 99.463000
0.230820 11.401000 4.017300 1.463100 1.979000 0.025051 0.090834 200.100000
0.523830 8.544600 3.370400 1.048600 1.890500 0.022737 0.116040 153.970000
0.228850 12.211000 5.407200 1.250700 1.842200 0.016723 0.073318 188.900000
0.350010 7.382300 4.617000 0.810630 1.710400 0.017585 0.059921 207.110000
0.383200 6.349500 6.169100 1.111400 1.944900 0.025856 0.126310 123.070000
0.335130 9.846600 4.357600 0.621490 1.642700 0.011479 0.123510 143.090000
0.242430 7.635700 3.214100 0.792490 1.893000 0.022194 0.070430 195.940000
0.276450 9.593900 6.221000 1.082100 1.581500 0.012909 0.120360 129.260000
0.531690 4.528400 4.284000 1.073100 2.123100 0.020987 0.114810 115.640000
0.599500 6.325000 3.875100 0.798200 2.121600 0.027656 0.056474 195.400000
0.436110 8.899400 3.857800 1.067300 1.277800 0.027660 0.131780 100.750000
0.311890 11.291000 6.085300 1.490200 1.792800 0.024004 0.066862 201.790000
0.373090 9.781400 3.754000 1.423300 1.957500 0.013402 0.134450 179.610000
0.323540 10.831000 4.727600 1.266800 1.524200 0.017065 0.085237 132.030000
0.376820 4.845000 6.250200 1.093500 1.788400 0.022821 0.108250 140.980000
0.330810 6.931300 3.377500 1.386800 1.857100 0.011487 0.131200 156.510000
0.363030 8.860700 3.354300 1.212300 1.719000 0.023804 0.056664 206.690000
0.427640 7.564900 6.172500 0.899820 1.660300 0.013407 0.109380 88.376000
0.522900 8.329800 4.318900 0.722990 1.671200 0.019909 0.072398 173.450000
0.397180 8.855700 2.878200 1.527900 1.382300 0.012411 0.080963 179.060000
0.258190 7.212800 3.578200 0.711830 1.655800 0.024665 0.087227 86.646000
0.515660 7.231800 4.819500 1.107700 1.528400 0.017407 0.120210 166.820000
0.384160 12.007000 4.702600 1.218500 1.177900 0.015008 0.140080 104.590000
0.559890 7.081600 5.940200 1.158900 1.402400 0.023680 0.141250 144.200000
0.613590 9.223800 4.585200 0.653000 1.412700 0.012004 0.050182 124.480000
0.313670 9.952500 5.515800 1.538500 1.978800 0.020756 0.119560 147.560000
0.480150 9.174100 3.577600 0.712640 1.676400 0.025192 0.069313 127.690000
0.389180 7.315600 2.855500 0.602200 2.018000 0.023646 0.051133 153.990000
0.520760 9.054900 4.153400 1.566400 1.678600 0.027660 0.071651 120.130000
0.605170 9.614500 4.282900 1.071200 1.345600 0.017472 0.132670 140.270000
0.509220 11.034000 2.862100 1.193900 1.316200 0.025070 0.141990 91.053000
0.397400 10.195000 5.556600 0.727420 1.695900 0.022670 0.058777 198.680000
0.383610 8.946300 5.973000 1.148000 1.613300 0.009910 0.123890 127.320000
0.240140 5.315500 4.530700 0.681880 1.927600 0.013158 0.133200 196.910000
0.391360 12.302000 6.319200 1.243100 1.743600 0.017780 0.099635 178.070000
0.447930 8.490600 6.465500 0.755740 1.816500 0.016428 0.050212 196.280000
0.478510 9.019600 3.100600 1.101400 1.645500 0.022626 0.080903 150.030000
0.366240 5.020000 3.785500 1.002600 1.696400 0.022240 0.056963 112.010000
0.446720 10.202000 2.623600 0.744940 1.713200 0.012270 0.109300 150.010000
0.429320 4.330500 6.352600 1.359900 1.327300 0.017049 0.099159 144.960000
0.474900 7.755500 6.023400 1.440500 1.971400 0.019123 0.140680 182.050000
0.273630 11.737000 6.787700 1.140700 1.488900 0.013400 0.121560 94.928000
0.282670 11.762000 4.441800 0.790820 1.633400 0.024871 0.079001 186.140000
0.302970 7.759900 5.048200 1.381700 1.412700 0.018664 0.073190 134.360000
0.307240 5.092500 5.426100 1.529000 2.173200 0.025137 0.149540 141.860000
0.457210 5.272400 5.254700 1.330000 2.048800 0.021014 0.135460 207.440000
0.532600 9.709200 4.673800 1.119200 1.306800 0.009857 0.054520 141.310000
0.463270 6.976700 3.635400 0.788260 2.067100 0.024280 0.097071 162.790000
0.539700 11.356000 3.107100 1.212600 1.528000 0.015973 0.066899 152.900000
0.383600 9.281800 3.740400 1.138400 1.560300 0.012170 0.052152 107.640000
0.220770 7.194100 5.162800 1.520700 1.308200 0.021111 0.108510 129.520000
0.356560 6.717000 2.735700 1.271200 1.985400 0.016649 0.066770 175.130000
0.441900 5.021100 3.522300 1.423500 1.671500 0.019687 0.121450 170.370000
0.316420 10.634000 6.924200 0.698940 1.754000 0.028352 0.053991 108.740000
0.211960 6.749600 7.005900 1.155000 1.716300 0.016101 0.148760 145.370000
0.378470 6.499400 6.055800 1.605900 1.908400 0.014993 0.074605 146.160000
0.480170 11.105000 4.129400 0.955220 1.684300 0.012242 0.064009 152.460000
0.500200 4.952900 7.091600 1.149300 1.441400 0.012514 0.074989 117.530000
0.452190 10.329000 3.801700 1.136900 1.727600 0.020744 0.067855 122.180000
0.346540 6.877200 4.563200 0.910610 1.954200 0.027073 0.076397 195.520000
0.510740 5.449300 5.458900 1.199300 1.337400 0.016798 0.120420 94.108000
0.547940 6.546600 6.847700 1.059900 1.810100 0.024599 0.110650 143.360000
0.526350 10.258000 4.796800 1.382600 1.846800 0.023407 0.107070 207.340000
0.250740 7.246400 6.856100 0.875020 1.627500 0.022329 0.059930 126.830000
0.450870 4.862000 3.390600 1.097700 1.616000 0.017503 0.056380 172.170000
0.367330 6.373400 5.680300 0.952490 2.021500 0.010889 0.093778 195.440000
0.273410 6.667500 2.447700 1.548600 1.847900 0.021782 0.124030 149.430000
0.282350 12.013000 6.090500 1.213400 1.816300 0.024980 0.148410 143.900000
0.309740 9.662600 3.851900 1.497600 1.841200 0.015849 0.147580 189.630000
0.357780 4.974000 6.481100 1.382200 2.241900 0.026440 0.065459 195.640000
0.305340 9.976400 2.767600 1.020800 1.813100 0.026624 0.067309 198.430000
0.278180 6.376300 3.713200 1.554800 2.082100 0.025511 0.090567 137.780000
0.265460 9.158300 5.281900 1.069700 2.041000 0.015250 0.098159 190.360000
0.593590 10.625000 2.655600 1.630200 1.581100 0.020337 0.093308 93.340000
0.455950 7.390100 3.694400 0.897020 2.034500 0.020364 0.132030 144.500000
0.470540 9.285800 4.714600 1.362000 1.529800 0.023995 0.144990 101.890000
0.461960 9.133500 5.745700 1.045100 1.877300 0.025565 0.097750 146.350000
0.427280 4.731200 4.274900 1.338000 1.757600 0.014922 0.077534 118.100000
0.410740 7.160100 4.783700 1.499100 2.109100 0.025180 0.060848 154.360000
0.458650 8.012300 5.832900 0.583560 1.220500 0.028238 0.123370 86.827000
0.587980 5.269800 5.080200 1.513000 2.090800 0.014239 0.105250 187.960000
0.340580 11.256000 2.759300 1.535600 1.684400 0.013953 0.100480 149.020000
0.463780 6.012100 5.633200 1.402800 1.112300 0.021115 0.064964 109.160000
0.443160 9.558300 5.487400 1.343300 1.565700 0.010349 0.076421 114.500000
0.288830 8.999000 2.912900 0.560910 1.700900 0.012456 0.080658 207.350000
0.341330 5.794000 4.371700 0.828720 1.881700 0.022982 0.083096 163.240000
0.617990 8.457300 5.814500 1.578200 1.154200 0.012161 0.122720 147.790000
0.467620 8.257700 4.976400 0.767480 1.689600 0.018147 0.060374 105.220000
0.399510 8.304200 6.206300 1.146000 1.664800 0.009511 0.057783 103.770000
0.348250 8.060900 7.117500 1.573600 1.829600 0.024869 0.077609 202.420000
0.578130 8.724400 3.229600 1.088200 1.945900 0.027447 0.059420 116.750000
0.336970 7.960400 3.638300 0.653460 1.741100 0.011154 0.147770 196.030000
0.352110 11.182000 5.614800 1.166500 1.486900 0.011969 0.109290 88.963000
0.525180 10.452000 5.007200 1.405300 1.391200 0.011076 0.055510 184.910000
0.495270 10.142000 6.264800 1.559200 1.524500 0.017268 0.134710 115.990000
0.405490 9.417200 6.874500 1.244000 1.445600 0.011964 0.085564 117.540000
0.525830 5.653300 4.807700 0.656390 1.717500 0.014758 0.112320 128.740000
0.590720 9.434000 2.633200 1.214700 1.383200 0.025720 0.095605 87.698000
0.366260 5.077700 5.567700 0.973120 1.291500 0.012711 0.074605 104.040000
0.461580 4.472100 6.447300 1.002600 1.753600 0.013517 0.149150 166.150000
0.264870 8.819500 6.329700 1.278400 1.685300 0.018088 0.104470 111.480000
0.381310 12.373000 3.589200 1.177300 1.662100 0.026318 0.126500 94.993000
0.333790 5.923900 3.703600 1.576800 1.837700 0.028396 0.084753 150.180000
0.300090 10.804000 7.160400 0.651230 0.996930 0.016495 0.143300 94.513000
0.506170 8.804900 2.902700 0.678630 1.699700 0.018422 0.143360 112.390000
0.217600 12.377000 3.509200 1.109300 1.557800 0.017892 0.092109 132.050000
0.481500 7.266400 3.384400 1.545800 1.254900 0.019611 0.145820 116.410000
0.313390 7.125700 6.910000 0.650870 1.298600 0.023835 0.102580 108.440000
0.270710 8.208200 6.357900 0.969400 1.433400 0.021914 0.078127 142.940000
0.498960 9.568500 6.639000 1.354100 1.224400 0.012316 0.137170 115.770000
0.625910 4.405900 4.195000 1.284300 2.148900 0.013939 0.093259 160.030000
0.299860 7.939800 4.696400 1.115200 1.750000 0.013401 0.114210 93.524000
0.538910 4.493200 3.821000 0.978520 1.789300 0.017769 0.131620 174.090000
0.536430 7.594400 2.410400 0.613110 1.754300 0.026006 0.086733 130.600000
0.338760 4.255300 3.295400 1.533700 2.020500 0.027528 0.089309 150.330000
0.438720 5.322600 5.024600 1.374000 0.972590 0.017388 0.123780 94.852000
0.404990 4.274500 5.899800 1.535600 1.403400 0.024878 0.100910 109.330000
0.319430 11.051000 6.011400 0.898640 1.506000 0.015914 0.116980 114.860000
0.555970 8.920600 6.444000 0.943670 1.738900 0.022066 0.082100 114.910000
0.515500 10.773000 6.450600 1.325100 1.480100 0.022264 0.073338 103.710000
0.428460 9.926200 5.832700 0.691930 1.237700 0.018218 0.115500 140.120000
0.234040 7.887600 4.517200 0.555150 1.326100 0.016646 0.134090 103.740000
0.484890 10.738000 5.489100 0.554380 1.392600 0.022639 0.136670 119.510000
0.293690 5.797100 3.176100 1.487400 1.586700 0.022401 0.091154 138.070000
0.372960 8.037100 4.193100 1.355000 1.923600 0.023681 0.102940 167.750000
0.500620 9.676200 5.753700 1.530000 2.014900 0.026499 0.102720 195.130000
0.606220 9.532100 6.815600 1.513200 1.680400 0.009853 0.084364 140.070000
0.291930 4.193500 3.057800 1.426500 1.942000 0.027307 0.087795 178.670000
0.245350 10.292000 7.110500 1.326000 1.439800 0.019462 0.088884 90.073000
0.515230 9.376300 6.188400 0.645260 1.540400 0.014984 0.141220 168.690000
0.308050 9.086800 4.550800 1.216200 1.917900 0.015245 0.116870 136.490000
0.240360 6.476600 2.841800 1.510600 1.577600 0.014870 0.128550 150.840000
0.404040 9.701600 3.302200 1.070500 2.023100 0.023739 0.066974 161.070000
0.327790 8.675900 3.832800 1.241100 1.965000 0.015364 0.139420 163.890000
0.331600 6.171900 6.665100 0.607270 1.301600 0.022319 0.061996 141.590000
0.461580 10.154000 5.258200 1.573300 2.027900 0.024594 0.091977 185.080000
0.397440 11.280000 6.551600 0.963300 1.140400 0.021282 0.068186 91.385000
0.301140 8.871600 3.965400 0.614960 1.771800 0.014236 0.079121 196.520000
0.589710 11.223000 7.098000 0.603190 1.613300 0.012764 0.066524 152.730000
0.233050 8.422500 3.938900 0.842920 1.624000 0.012932 0.059023 95.880000
0.225040 5.577900 5.917600 1.020500 1.841200 0.018850 0.129740 95.137000
0.549480 6.544900 4.464500 0.885160 1.569000 0.017417 0.107500 102.530000
0.419730 5.694800 3.524000 0.793340 2.098500 0.017511 0.105040 197.360000
0.273350 4.741800 6.846300 0.735390 1.731900 0.026456 0.115500 200.710000
0.387770 4.905700 3.331900 1.400500 1.638700 0.018320 0.087850 110.820000
0.361120 10.272000 5.151500 1.523300 1.560300 0.017039 0.104870 99.731000
0.578730 11.956000 4.108500 1.275200 1.873000 0.022590 0.087633 194.460000
0.533710 7.434800 5.121300 0.744720 1.792600 0.022158 0.068282 140.430000
0.388500 5.592900 6.846800 0.553210 1.825000 0.012445 0.141700 188.060000
0.463460 9.072600 2.793600 0.815980 1.586200 0.017468 0.100150 196.740000
0.276460 7.170200 2.526700 0.821680 1.908100 0.023211 0.057068 166.020000
0.305500 4.723300 3.032600 1.395100 2.097200 0.020947 0.088847 92.511000
0.261420 6.048700 6.950000 1.546000 2.001300 0.025662 0.066993 202.840000
0.447770 12.171000 5.912700 0.886090 1.813500 0.018350 0.128480 171.580000
0.369570 4.906800 6.247300 0.801530 1.778400 0.013237 0.084147 203.330000
0.272450 7.105000 4.899100 1.053100 1.960900 0.012563 0.116310 125.100000
0.390670 10.663000 4.980200 1.279100 2.042400 0.027837 0.087771 160.080000
0.335210 5.358000 6.077300 1.342300 1.671900 0.024712 0.051915 186.290000
0.282500 7.989600 4.971100 1.513900 1.611700 0.023463 0.107590 203.620000
0.275990 10.264000 4.738100 1.344200 1.803700 0.012883 0.135710 146.360000
0.558820 8.544500 2.924600 0.736890 1.750400 0.022372 0.110400 92.543000
0.254130 5.854200 4.324500 0.973290 2.159300 0.015885 0.056265 168.120000
0.343440 5.468500 4.834800 0.694300 2.248500 0.017965 0.112000 182.040000
0.417520 7.138400 5.893800 1.035000 1.992700 0.016963 0.114720 153.630000
0.482120 7.529600 7.180200 1.548700 1.462900 0.013835 0.063991 103.340000
0.589880 11.467000 2.956300 1.560700 1.596300 0.024195 0.078725 192.560000
0.462670 5.725900 6.999200 1.379400 1.895500 0.011864 0.099799 117.390000
0.242140 4.629600 6.057900 0.745360 2.014100 0.022307 0.066925 194.440000
0.437090 8.763000 3.381400 0.898580 1.729200 0.027523 0.102330 140.640000
0.224390 10.515000 4.193400 1.502600 1.531600 0.018710 0.119810 113.590000
0.410820 9.036500 2.926500 0.790530 1.764200 0.026464 0.129200 145.520000
0.458230 11.097000 3.617900 0.935820 1.426000 0.010059 0.079745 112.170000
0.366350 5.016600 4.323500 1.582900 1.701300 0.016382 0.092630 120.440000
0.415400 5.218600 4.622000 1.346900 1.565000 0.011448 0.087076 83.725000
0.227430 10.256000 2.754800 1.330500 1.699100 0.019458 0.098266 121.190000
0.272380 12.290000 5.705300 1.634400 1.802700 0.022719 0.102360 185.910000
0.388890 10.085000 3.879600 0.837420 1.911600 0.018177 0.121940 146.340000
0.589180 8.235000 4.631900 0.919220 1.846600 0.014394 0.091701 195.650000
0.531880 11.611000 2.478600 1.585800 1.490600 0.027225 0.071909 105.440000
0.324450 4.982100 4.348700 1.237100 2.055300 0.018108 0.136390 197.510000
0.298840 12.276000 4.931200 1.276700 1.556400 0.022827 0.123810 97.141000
0.556660 10.265000 5.381200 1.233900 1.251500 0.018500 0.085741 86.323000
0.370280 7.328000 2.415500 1.348100 1.343700 0.024866 0.106580 120.590000
0.397900 5.114100 5.871200 1.012100 1.483500 0.019462 0.146290 120.840000
0.559650 8.071600 3.204800 1.021100 1.683800 0.027213 0.068118 104.740000
0.219040 10.412000 5.456300 1.538000 1.513800 0.019271 0.072048 189.280000
0.609370 6.076000 5.895000 1.599300 1.234300 0.022451 0.136200 92.064000
0.285410 7.680100 4.497300 0.600730 1.652400 0.023714 0.067914 85.188000
0.385040 12.057000 3.109600 1.051600 1.767900 0.018403 0.060060 195.920000
0.428260 9.575100 3.057100 1.057800 1.441600 0.017357 0.113200 142.830000
0.605810 4.762600 7.005600 1.332800 1.962800 0.024187 0.136530 106.250000
0.384050 9.920500 5.693100 0.991430 1.524000 0.016988 0.050089 136.350000
0.255200 10.309000 5.517300 1.234600 1.709500 0.016997 0.139750 107.510000
0.418450 7.583000 6.090900 1.242000 1.345800 0.023064 0.058979 96.157000
0.537620 5.402400 4.459400 0.563290 1.356700 0.023350 0.114950 140.540000
0.346430 9.558700 7.170600 1.282100 1.490200 0.016211 0.091589 103.840000
0.513420 5.554100 4.332500 0.998870 1.530800 0.020422 0.052620 174.180000
0.401570 9.349500 3.804700 1.306500 1.501700 0.017667 0.082199 86.300000
0.607010 4.437200 4.126500 1.083800 1.793900 0.012704 0.109150 136.720000
0.402200 9.920800 6.444100 0.631420 1.594600 0.013219 0.124410 183.590000
0.211460 7.670000 6.882900 1.314800 1.876500 0.013053 0.086625 136.190000
0.338420 9.471100 3.342100 0.942780 1.771900 0.027808 0.064278 191.440000
0.528060 4.268500 4.616500 0.591130 1.790700 0.020584 0.137470 111.410000
0.584540 10.660000 5.686900 1.229200 1.723700 0.015681 0.061547 157.840000
0.358840 8.969000 3.314500 1.018200 1.807000 0.024152 0.093358 157.060000
0.245160 8.182800 6.802600 1.025700 1.431200 0.018794 0.109680 90.415000
0.351400 10.025000 2.645900 1.250700 1.611100 0.014291 0.071314 124.100000
0.528050 8.871700 2.693000 1.421400 1.262800 0.017838 0.124170 168.300000
0.353280 4.233300 4.834900 1.228800 1.800000 0.011010 0.090496 158.950000
0.614270 6.799300 5.751600 0.780720 2.065600 0.020842 0.107960 181.110000
0.480390 10.955000 6.144500 1.362800 1.469300 0.015234 0.128770 189.900000
0.239230 11.889000 2.866400 1.370900 1.713800 0.021197 0.117970 111.470000
0.226040 11.588000 4.609900 1.135100 1.593900 0.023179 0.136840 135.820000
0.243720 6.155300 5.621200 1.462200 1.127800 0.020907 0.095372 84.798000
0.313540 12.355000 5.343500 1.618300 1.121200 0.027641 0.106320 83.133000
0.376200 6.212800 4.860700 1.647000 1.818100 0.019929 0.124870 182.510000
0.525510 7.136500 2.918800 0.867900 1.866100 0.020192 0.057456 120.360000
0.435090 11.172000 5.451300 0.835900 1.783100 0.027703 0.134420 113.680000
0.443100 12.035000 6.293300 1.382500 1.070400 0.011845 0.100920 102.460000
0.420070 5.664200 3.847500 1.251800 1.917600 0.011196 0.073573 167.590000
0.607090 4.974100 3.363300 1.321700 1.672500 0.014312 0.124560 192.590000
0.348610 10.050000 7.088900 0.780210 1.610600 0.013211 0.069842 175.380000
0.454660 9.974500 7.013300 0.633700 1.816000 0.019291 0.089255 199.540000
0.324010 9.997600 4.411400 1.429000 1.743500 0.021050 0.137760 104.750000
0.514770 9.776100 4.237700 1.473600 2.049600 0.026183 0.087623 192.530000
0.294070 7.703200 6.502000 0.894350 1.863100 0.024760 0.142890 103.630000
0.425830 8.705600 2.701400 1.638600 1.625600 0.015443 0.134620 137.390000
0.304570 10.549000 3.848100 0.720070 1.376200 0.016972 0.100360 123.100000
0.233010 10.512000 6.297700 1.026000 1.549700 0.021987 0.105000 138.730000
0.229610 10.839000 5.683200 0.928800 1.791900 0.014918 0.078972 166.020000
0.276250 11.644000 5.408300 1.317700 1.911700 0.017811 0.111710 182.650000
0.240300 11.000000 3.513600 1.546400 1.120200 0.019516 0.096396 92.152000
0.354580 5.964200 6.808400 1.266700 1.859700 0.022767 0.128460 93.707000
0.561130 10.086000 4.584300 1.124100 1.418300 0.009556 0.061156 127.760000
0.579720 11.551000 4.641100 1.085100 1.096900 0.022807 0.072336 94.992000
0.615090 5.150700 3.371800 1.218300 2.004300 0.020987 0.131260 162.620000
0.376290 8.816400 6.437400 0.923270 1.338900 0.022592 0.107220 85.690000
0.520880 6.733100 3.678500 0.748500 1.874500 0.021251 0.132320 135.570000
0.458630 11.289000 6.994700 1.553000 1.630600 0.017598 0.107700 107.410000
0.318880 4.524500 5.169300 0.728430 1.929600 0.020243 0.125440 110.010000
0.321230 9.220300 5.487000 0.979960 1.941400 0.010889 0.106560 181.460000
0.427050 7.427500 3.213400 1.293900 1.878100 0.026752 0.076024 86.128000
0.497100 7.064100 6.172600 1.366500 2.142600 0.024096 0.124500 191.550000
0.322830 11.046000 5.800100 1.310000 1.649300 0.012798 0.110730 129.840000
0.486200 8.080300 7.088400 1.398700 1.286800 0.021544 0.085495 89.265000
0.468450 11.371000 6.046800 0.685410 1.561700 0.022946 0.116300 110.880000
0.535970 4.563200 6.252700 1.229400 2.051200 0.023578 0.099122 125.210000
0.342640 11.185000 7.077900 1.294500 1.666600 0.025033 0.063958 113.550000
0.477520 6.272400 3.004400 0.939540 1.859600 0.011830 0.068726 117.310000
0.485440 6.260700 5.479600 1.217900 1.917800 0.011863 0.138830 194.420000
0.473350 4.692300 4.501900 1.371600 1.833000 0.024111 0.066023 145.700000
0.611130 4.876100 5.327400 1.042400 1.492100 0.013425 0.114740 205.820000
0.549050 9.014800 4.758500 0.728220 2.021600 0.023108 0.088562 151.930000
0.460690 7.480200 6.536000 1.010100 1.585600 0.025076 0.130260 117.560000
0.454310 11.001000 4.297100 1.525500 2.027400 0.027677 0.148960 172.370000
0.259240 9.480600 3.994900 1.040100 1.607900 0.013064 0.106040 105.240000
0.280040 10.075000 3.495900 1.247200 1.959000 0.015292 0.090524 205.380000
0.508910 10.669000 5.331100 1.331500 1.355400 0.020170 0.133500 106.960000
0.582470 11.984000 4.800800 0.749750 1.614700 0.022760 0.084023 184.430000
0.215130 5.831000 3.886800 0.928780 1.501800 0.020068 0.081626 155.090000
0.458920 12.234000 4.293900 0.705450 1.452700 0.010454 0.120120 118.630000
0.318470 7.578200 6.251700 0.969270 1.576700 0.028175 0.100670 197.510000
0.408590 9.169900 5.501700 0.993900 1.858800 0.018557 0.140910 152.400000
0.344390 9.961400 2.700300 1.347100 1.678800 0.025962 0.074852 176.750000
0.575070 10.370000 6.394300 0.958200 1.619600 0.021411 0.108450 168.880000
0.550870 5.024300 3.860400 0.885720 1.476800 0.023402 0.075690 115.910000
0.257210 4.372200 6.801600 0.827730 2.120200 0.019682 0.089265 124.140000
0.305330 5.767400 7.005100 1.158700 1.236500 0.020653 0.068498 93.348000
0.450490 6.851800 4.843300 1.414000 1.791600 0.022708 0.059178 132.560000
0.219670 4.842500 6.619200 0.747230 1.738900 0.013811 0.056233 93.990000
0.526580 11.005000 2.580600 1.537000 1.732400 0.009529 0.057189 173.510000
0.468150 8.453600 4.336600 0.839210 1.511900 0.026878 0.090378 90.276000
0.582010 7.183300 2.840700 1.032500 1.541300 0.018824 0.111770 92.670000
0.586060 4.280900 5.734100 1.411100 1.096500 0.018077 0.130560 115.360000
0.254140 5.237300 6.627400 1.153600 1.712600 0.021487 0.090549 142.380000
0.390850 8.266500 7.084700 0.592310 1.627600 0.020223 0.078766 157.640000
0.341230 7.263600 3.882000 1.300200 1.936300 0.016360 0.127480 145.650000
0.418410 8.235200 3.679600 1.604400 1.057300 0.016268 0.068449 113.980000
0.554360 11.319000 3.465800 0.643450 1.500300 0.012492 0.095377 137.870000
0.265040 5.618200 4.972300 0.931130 1.480300 0.021129 0.073293 115.500000
0.436600 6.645500 4.879000 0.555450 2.174300 0.018659 0.101440 203.870000
0.245390 10.588000 5.722600 0.842530 1.581000 0.015314 0.091673 83.846000
0.260800 10.653000 6.986300 0.907620 1.748200 0.020842 0.050589 117.610000
0.616900 4.263100 3.490000 0.978670 1.878100 0.014419 0.074061 195.760000
0.283510 4.728500 5.045600 1.555200 1.941600 0.011152 0.119940 129.970000
0.557120 5.666000 4.652400 0.619360 1.603400 0.014560 0.142490 83.464000
0.270110 12.032000 6.833400 1.576300 1.192900 0.020632 0.091877 123.270000
0.447600 11.080000 6.742700 1.193800 1.587900 0.015009 0.123670 108.500000
0.277820 4.679500 4.054100 0.747420 1.546300 0.019776 0.057311 121.630000
0.471100 5.894200 7.154400 1.208300 1.778500 0.020538 0.056318 102.100000
0.408090 7.280700 6.111500 1.057300 1.462000 0.009552 0.089187 178.450000
0.594610 8.457400 2.872900 0.598870 1.372600 0.026036 0.056946 110.970000
0.331430 7.513000 4.148900 1.642900 1.843900 0.015785 0.110960 205.790000
0.316730 10.418000 6.693400 0.827350 1.598900 0.027476 0.126450 129.270000
0.367030 9.220400 3.949200 1.563800 1.969300 0.020880 0.135320 160.120000
0.532200 12.376000 5.856400 1.074600 1.401000 0.019228 0.122130 183.500000
0.383550 11.133000 5.093700 0.742040 1.267700 0.016800 0.064441 104.170000
0.619740 10.121000 3.568300 1.238700 1.689300 0.018491 0.121230 123.180000
0.210520 4.813200 4.457500 1.232300 1.613400 0.017647 0.074685 185.430000
0.236800 4.641100 4.701900 1.417600 1.922100 0.011845 0.062251 86.514000
0.589020 9.534700 5.021700 1.415900 1.666000 0.013125 0.110990 166.330000
0.232030 5.663100 3.990400 1.317900 2.028000 0.018178 0.091248 119.370000
0.315320 9.323900 5.205300 1.407400 1.777500 0.010079 0.056808 180.860000
0.555100 4.988700 7.065200 1.515900 1.605700 0.021636 0.126440 142.140000
0.217140 7.241300 5.384700 0.737330 1.660000 0.014744 0.087122 144.380000
0.246900 7.428400 6.269200 0.992760 1.861100 0.025884 0.095300 183.970000
0.509600 5.216100 4.850400 0.555850 1.604300 0.013240 0.074766 141.440000
0.243230 5.155300 5.565100 1.375700 1.127400 0.015339 0.136720 93.243000
0.464570 5.232300 2.882800 1.426200 2.029300 0.020720 0.135390 87.331000
0.423240 10.138000 3.105400 0.693900 1.631600 0.020064 0.119370 102.940000
0.453780 8.757700 3.457300 1.511400 1.343700 0.016534 0.076930 83.100000
0.385240 4.615800 6.027700 1.337100 1.894100 0.017125 0.115970 95.364000
0.251770 6.315300 3.592900 1.150900 1.683800 0.020138 0.122890 90.017000
0.232860 7.735800 5.859500 0.687970 1.633500 0.023862 0.050553 123.640000
0.256950 12.021000 4.138000 1.292600 1.811600 0.017291 0.066707 192.560000
0.612860 10.641000 3.156800 1.307100 1.258500 0.014672 0.073829 166.240000
0.624180 10.609000 3.732600 1.209500 1.790900 0.024816 0.143330 139.010000
0.257510 7.831200 4.472900 0.682140 1.975300 0.021719 0.077791 193.970000
0.237150 10.437000 7.194700 1.038700 1.572300 0.020230 0.081917 103.900000
0.392300 6.736700 5.175600 1.339200 1.472000 0.020598 0.097498 152.250000
0.250570 4.835800 4.348300 1.374100 1.352200 0.023359 0.122270 101.890000
0.314920 10.501000 3.962500 0.993990 1.871700 0.014440 0.081915 205.580000
0.584620 10.829000 3.193600 1.036200 1.874600 0.012665 0.098133 163.870000
0.378800 4.408500 3.879400 1.478800 2.246600 0.025870 0.114570 201.040000
0.541610 10.965000 5.137700 1.280200 1.486400 0.014171 0.058711 144.720000
0.449770 10.005000 3.340000 0.553200 1.829300 0.016081 0.087461 152.100000
0.317190 8.064400 3.211400 1.352200 1.772500 0.010212 0.068740 165.010000
0.603470 10.982000 3.169100 1.091900 1.970100 0.027833 0.104710 137.110000
0.465100 6.341400 4.011700 1.291900 1.941600 0.017095 0.054433 137.150000
0.614030 5.406900 7.128500 0.654470 1.905500 0.014569 0.130040 165.300000
0.276590 10.413000 6.893800 1.404600 2.009200 0.025143 0.149190 171.270000
0.407530 8.464500 4.425700 1.209000 1.955100 0.014283 0.128700 150.860000
0.406360 8.931700 3.924600 1.099300 1.553500 0.013349 0.135870 119.480000
0.336310 5.473500 5.217600 0.931810 1.789200 0.020294 0.081828 142.630000
0.542500 11.468000 5.499500 0.909320 1.277000 0.013775 0.058695 98.917000
0.497050 7.508200 6.488100 0.968560 1.973600 0.022663 0.116110 199.450000
0.220870 4.516800 3.509800 0.974050 1.906200 0.017002 0.052002 152.490000
0.593190 7.238200 5.505900 1.211700 1.707100 0.019499 0.064095 110.360000
0.329670 10.732000 2.562600 1.224900 1.704400 0.025845 0.071459 200.130000
0.334080 7.399000 3.490000 0.751130 1.953900 0.009868 0.103110 154.200000
0.370030 7.224400 4.967500 0.614970 1.397800 0.020565 0.056404 108.310000
0.496360 6.853600 5.890200 1.090900 1.553900 0.012123 0.130500 192.040000
0.540090 5.026000 3.188600 1.274900 1.936700 0.017567 0.115490 190.870000
0.373440 5.771200 4.425300 1.106700 1.885000 0.013075 0.129900 184.440000
0.518120 5.931800 2.972300 1.589500 2.008400 0.023510 0.147300 134.460000
0.559750 12.180000 6.150000 0.673260 1.551200 0.026718 0.104440 100.690000
0.211260 5.942800 2.621400 1.317100 2.083900 0.022687 0.058298 152.500000
0.581660 7.969100 6.158600 1.180600 1.657200 0.027650 0.141160 148.040000
0.380380 6.350500 4.503800 1.246300 2.172800 0.024893 0.127100 149.850000
0.340310 8.754600 3.841000 0.603620 1.748300 0.023162 0.099711 84.609000
0.599710 5.783400 3.282700 0.830940 2.034200 0.013095 0.098447 197.500000
0.249560 5.737000 4.593000 0.558970 1.856900 0.010000 0.067825 175.760000
0.297440 9.834500 7.095600 1.092400 1.723700 0.020637 0.145000 153.820000
0.397790 8.042300 5.939700 1.147400 1.959700 0.013812 0.080387 203.320000
0.256880 5.938900 4.519900 0.959770 1.921500 0.024932 0.073942 93.679000
0.447200 8.594200 2.469600 1.473400 2.071000 0.018807 0.062519 199.760000
0.347980 7.079100 6.074800 1.589900 1.575500 0.020537 0.096327 93.543000
0.324530 5.499500 4.419500 1.063900 1.695100 0.015435 0.100260 127.120000
0.483010 7.104400 6.515500 1.515000 1.397600 0.011488 0.060820 87.098000
0.474340 5.020600 4.352500 1.560300 1.697500 0.018915 0.078271 93.393000
0.374230 4.673600 6.719600 1.167200 1.998200 0.027834 0.117250 187.750000
0.517730 7.814500 3.485900 1.634400 1.481800 0.010980 0.137450 142.970000
0.490000 8.938200 4.850900 0.864510 1.757900 0.014806 0.097252 120.460000
0.539580 8.222400 4.751400 1.366400 1.949900 0.024817 0.136190 144.470000
0.412340 11.702000 3.979000 0.977370 1.879900 0.011889 0.055189 193.760000
0.218410 8.779400 6.512000 1.338700 1.307100 0.016865 0.089416 136.100000
0.393990 7.612400 5.372200 0.981740 1.360200 0.012323 0.099810 140.350000
0.433500 6.611800 3.144200 0.913090 2.011600 0.025377 0.060406 159.690000
0.323960 11.671000 4.663200 0.809030 1.465900 0.012216 0.133740 105.520000
0.416910 11.575000 5.606100 0.990410 1.695700 0.021675 0.050675 124.380000
0.382380 6.626700 5.732800 0.724780 1.521500 0.022026 0.087733 140.320000
0.613930 11.434000 2.924200 0.732110 1.231500 0.025923 0.080238 90.319000
0.444320 5.761700 4.560600 0.805150 1.456300 0.010446 0.094784 104.310000
0.445350 7.308400 5.678200 0.794010 1.759900 0.012642 0.093911 137.560000
0.390350 9.804900 7.005400 1.101800 1.458200 0.012009 0.116060 115.170000
0.372850 12.396000 5.224400 0.560340 1.532800 0.026257 0.098209 111.930000
0.578670 11.442000 4.649300 0.630510 1.305100 0.018321 0.102830 86.430000
0.494970 9.208400 3.205200 1.097000 1.802100 0.022761 0.067908 154.650000
0.460130 7.338000 6.677900 0.582440 1.992600 0.024123 0.072205 191.070000
0.343190 11.989000 5.647900 1.540700 1.614200 0.018824 0.052905 127.110000
0.343520 5.417700 5.736400 1.286500 1.447600 0.018799 0.134650 111.710000
0.295840 12.288000 3.317600 1.473700 1.551700 0.016336 0.136700 102.450000
0.620950 11.283000 3.141400 0.937290 1.884800 0.021478 0.121920 184.650000
0.520670 6.633300 2.544100 0.799040 1.973500 0.024475 0.099723 161.800000
0.527970 9.655300 6.866800 1.204600 1.748900 0.010040 0.115050 159.790000
0.212290 7.246600 4.689300 0.871920 1.974800 0.024940 0.086343 160.550000
0.531370 11.847000 6.333700 1.549200 1.350600 0.021422 0.095284 87.876000
0.231190 4.802300 7.029500 1.331100 2.007200 0.012488 0.109460 170.000000
0.472180 6.047300 3.617400 0.870390 2.192000 0.021630 0.064959 206.640000
0.613860 7.201300 3.799600 1.371300 1.594100 0.011805 0.118060 83.603000
0.291850 7.572200 3.512800 1.076900 2.228900 0.024596 0.134580 177.760000
0.331950 12.294000 2.931900 1.306800 1.341600 0.019167 0.063976 85.505000
0.562360 12.228000 2.934700 0.651420 1.840700 0.014926 0.106590 171.650000
0.503750 7.874200 2.500300 1.041900 1.915000 0.017105 0.115120 197.220000
0.233430 5.172100 3.442700 1.525200 1.919000 0.012506 0.092066 105.110000
0.361300 10.831000 6.689900 0.585540 1.702000 0.025387 0.083449 132.070000
0.469040 8.242000 6.329400 1.482600 1.403600 0.018161 0.138290 120.430000
0.454050 6.283700 2.681800 0.802590 1.656000 0.019643 0.066766 134.540000
0.290630 12.087000 2.950600 1.101900 1.254300 0.009702 0.063408 88.038000
0.221360 9.707400 4.709200 1.256900 2.086300 0.022268 0.149370 190.190000
0.552370 10.362000 6.457400 0.707930 1.743100 0.023278 0.069627 184.130000
0.230110 5.497400 3.255300 1.034300 1.981200 0.027173 0.055141 169.540000
0.439040 7.749900 6.041600 0.720140 1.748400 0.024824 0.147950 152.850000
0.211560 10.580000 4.355300 1.640600 1.619000 0.016104 0.072207 92.210000
0.424800 11.319000 5.136100 1.546900 1.681300 0.023719 0.058788 113.180000
0.224070 6.830600 3.575200 1.267500 1.803700 0.017029 0.086183 142.830000
0.586830 9.336700 3.267700 0.601700 1.696200 0.018129 0.078317 146.540000
0.530110 10.513000 4.289300 1.615700 1.612500 0.024516 0.108120 123.510000
0.441490 12.202000 5.620600 1.304600 1.805200 0.014832 0.112750 182.190000
0.399620 10.340000 4.790800 1.380200 1.869900 0.026034 0.066479 183.570000
0.470880 7.513000 5.220000 1.042500 1.502800 0.012795 0.139540 99.774000
0.316920 9.485700 6.122800 0.729750 1.764600 0.016125 0.131000 187.990000
0.440880 7.991700 3.371000 0.901010 1.789400 0.025675 0.078778 173.580000
0.426290 9.967100 3.316300 0.623810 1.770900 0.017180 0.054088 123.540000
0.351440 9.545000 5.680700 0.636870 1.877600 0.027517 0.125270 140.570000
0.261700 5.342300 4.860100 1.176400 1.977900 0.024175 0.075760 179.420000
0.372940 11.045000 2.440700 1.347900 1.703500 0.014036 0.115890 176.660000
0.593790 6.562400 5.004600 0.694460 1.563600 0.023316 0.075441 165.460000
0.457800 6.060600 3.476800 0.668630 2.137600 0.026366 0.087844 202.980000
0.367620 11.716000 6.288300 1.287900 1.898000 0.025980 0.104440 175.220000
0.399770 6.819200 2.630200 0.939830 2.124100 0.019656 0.122950 175.030000
0.211190 7.490700 4.116500 1.286700 1.849800 0.011315 0.135720 117.200000
0.295990 12.212000 5.280600 1.066400 1.493600 0.011267 0.126250 95.648000
0.260620 5.866600 3.961400 1.627900 1.959200 0.027804 0.104110 87.588000
0.324650 6.506900 2.570600 1.292000 2.118700 0.027773 0.146440 192.370000
0.292220 12.483000 3.551300 1.326500 1.872600 0.020368 0.090346 176.830000
0.623430 5.378400 2.696200 0.779730 1.895300 0.022694 0.082422 150.230000
0.221190 7.596100 4.007900 0.749110 1.960400 0.021926 0.085730 140.450000
0.591540 8.116000 5.788200 0.855900 1.682900 0.023017 0.081773 159.380000
0.355590 4.951700 4.759900 0.898500 1.997200 0.015462 0.086859 153.920000
0.324560 6.769300 3.817000 1.599200 1.761600 0.010804 0.092681 168.000000
0.237970 6.176200 3.481000 0.797710 1.941500 0.025403 0.056651 86.089000
0.552800 8.966400 5.916200 0.576330 1.370800 0.014615 0.101760 152.740000
0.359490 6.822700 6.392200 0.890390 1.765700 0.011224 0.099450 131.080000
0.228090 8.067400 3.931600 1.614900 2.114300 0.018153 0.144080 197.860000
0.290750 9.254600 3.777400 0.947820 1.719600 0.014555 0.133490 109.570000
0.284130 7.501000 3.131100 1.110000 1.989400 0.017388 0.139250 187.590000
0.245930 9.223300 6.172500 1.166400 1.446400 0.016745 0.125870 106.940000
0.300640 12.319000 5.999400 1.412500 1.202900 0.016775 0.136130 87.657000
0.331930 7.937100 6.064100 0.863240 1.548700 0.022553 0.054058 128.730000
0.236700 10.306000 3.162400 0.746770 1.846300 0.022260 0.085337 143.540000
0.345510 12.051000 3.352100 1.347400 1.860100 0.021416 0.136420 160.590000
0.379530 5.404300 3.155800 1.405200 2.009600 0.025195 0.059596 142.710000
0.222410 8.754200 2.523600 1.632000 1.998600 0.011258 0.145750 172.560000
0.413740 9.512300 4.975200 0.861330 1.916200 0.024497 0.117700 135.840000
0.214450 11.822000 3.877100 1.382500 1.517700 0.013832 0.117640 134.750000
0.456000 9.178200 7.106000 0.580980 1.869900 0.015524 0.063350 180.980000
0.271060 6.732500 6.213100 1.401100 1.843900 0.022729 0.093028 195.760000
0.285760 5.159000 4.836900 0.666450 1.551200 0.016803 0.061716 98.753000
0.461760 8.767800 5.057000 1.228900 1.950100 0.024243 0.064403 129.210000
0.585770 8.436200 5.674100 1.215900 1.636000 0.018848 0.079810 140.630000
0.611850 6.071300 5.056100 0.912660 2.000800 0.025060 0.126430 131.570000
0.569160 5.406500 5.954200 0.863110 1.634100 0.011609 0.085601 152.370000
0.313620 11.132000 6.535400 0.614860 1.835500 0.018220 0.073947 166.820000
0.316380 5.268400 3.397200 1.124800 1.737900 0.013874 0.090256 194.280000
0.457090 10.700000 5.679600 0.770520 1.211700 0.015250 0.136080 90.573000
0.220870 8.139500 6.091300 0.672600 2.022300 0.014317 0.105090 155.180000
0.378600 6.436700 4.490800 1.525500 1.415200 0.015726 0.107180 103.240000
0.420670 10.528000 3.165100 1.614900 1.668000 0.027262 0.077251 161.460000
0.524390 6.452500 2.521700 1.398100 1.868900 0.021738 0.138940 203.440000
0.219330 10.848000 3.550200 1.184300 1.951800 0.024629 0.084029 163.700000
0.466130 10.637000 7.099300 0.964450 1.878300 0.022473 0.135010 183.230000
0.226730 7.002000 3.946400 1.146800 1.755700 0.019542 0.131920 120.590000
0.425240 5.693500 6.382300 0.657780 1.932400 0.021064 0.061722 206.190000
0.282960 11.616000 6.127200 1.376800 1.702200 0.011801 0.104490 188.920000
0.475330 9.503100 4.777400 1.057800 2.041600 0.015062 0.086261 188.820000
0.461590 4.644000 6.217200 1.364000 2.217900 0.018030 0.087890 179.240000
0.383840 4.579600 5.273400 1.183300 1.651900 0.011090 0.108660 160.220000
0.541870 4.810500 3.977300 0.849170 1.988400 0.021744 0.087873 138.210000
0.621980 9.779500 3.104100 0.558760 1.638300 0.022923 0.124980 117.920000
0.558250 9.398900 4.773500 1.187900 1.604200 0.010598 0.114550 105.340000
0.517210 10.409000 5.117300 0.674970 1.811800 0.010513 0.066516 192.830000
0.383970 10.899000 6.202000 1.122200 1.410500 0.026000 0.071416 89.246000
0.464600 5.073500 5.613400 1.320200 1.226700 0.013256 0.114890 108.810000
0.500810 4.317800 7.159800 0.674360 1.824800 0.022491 0.094111 169.150000
0.479480 6.079000 4.340400 1.418200 2.078200 0.018746 0.122930 204.350000
0.337640 11.548000 5.008200 1.354500 1.840900 0.022856 0.106710 142.120000
0.445240 12.323000 2.928400 1.480400 1.419700 0.013047 0.094850 126.190000
0.442730 11.070000 4.394500 0.675570 1.719300 0.016256 0.098785 149.370000
0.610710 8.077600 6.107500 1.579800 1.124500 0.012394 0.113070 114.280000
0.541620 7.529400 2.914300 0.865150 1.689900 0.023024 0.139590 165.850000
0.398590 7.665900 4.530600 1.418200 2.212700 0.024428 0.105750 186.840000
0.219260 8.236600 5.910500 0.564770 1.860700 0.017392 0.072141 147.070000
0.380330 5.902300 2.819800 1.325100 2.194500 0.024266 0.122860 167.480000
0.359640 8.768100 6.480400 1.386900 1.645100 0.018636 0.057869 135.510000
0.253320 9.859000 4.723500 1.552000 1.885600 0.019654 0.078544 130.310000
0.434700 4.435100 3.531300 1.460800 1.999000 0.025787 0.137320 115.090000
0.520490 5.625500 3.747500 0.939190 1.544300 0.024309 0.085413 90.270000
0.221960 8.167200 5.022500 1.394200 1.670300 0.014881 0.126290 147.520000
0.558850 4.205800 5.372700 0.657770 1.663200 0.016410 0.075384 100.800000
0.351480 8.686000 7.074100 1.583300 1.873600 0.011849 0.132670 188.570000
0.621180 10.402000 4.282000 0.768570 1.728200 0.015208 0.051147 130.990000
0.250910 11.031000 3.146200 1.356500 1.842800 0.016484 0.123710 136.150000
0.467370 5.991700 6.225000 0.780240 2.107400 0.022520 0.061150 165.180000
0.593750 5.752100 5.198700 1.278500 1.724300 0.022263 0.133000 149.820000
0.352650 10.234000 4.719000 1.154700 1.706600 0.026497 0.146380 102.650000
0.476810 8.910400 4.675100 1.568700 1.948300 0.016953 0.070306 162.290000
0.348690 10.344000 2.915800 1.470300 1.235500 0.020613 0.052377 88.589000
0.336740 5.289700 6.020200 0.919230 1.813600 0.023033 0.092467 122.640000
0.551840 9.115300 3.707000 0.638670 1.636100 0.023858 0.105090 121.560000
0.608750 9.266300 5.175300 0.757790 1.934400 0.025349 0.117450 139.710000
0.387300 8.988000 4.261400 1.520400 1.558900 0.025709 0.076535 122.760000
0.454280 9.639400 6.575400 1.308100 1.546500 0.022108 0.093741 91.742000
0.371530 7.208100 3.509200 0.971910 1.893800 0.027345 0.123910 148.340000
0.586500 10.427000 4.080600 1.353600 1.224400 0.020469 0.113260 106.400000
0.544110 12.286000 6.243700 1.639500 1.292200 0.014028 0.100080 129.650000
0.625080 7.721500 2.636400 1.441600 1.937100 0.026322 0.059316 204.300000
0.254980 12.141000 5.674300 1.454100 1.984900 0.024192 0.116960 165.570000
0.619440 7.125500 4.846500 0.992960 1.639900 0.022080 0.056794 96.047000
0.399310 9.493500 7.161100 1.260000 1.819100 0.019535 0.123990 171.680000
0.524340 8.701800 3.855400 0.707910 1.688000 0.019336 0.099431 150.290000
0.398520 6.409800 4.542700 1.637600 2.181800 0.012090 0.147970 202.380000
0.261390 9.299300 5.388300 1.236000 1.845700 0.021643 0.054024 187.610000
0.614910 6.202600 5.283300 0.756540 1.472900 0.016291 0.065507 125.920000
0.224170 10.505000 6.663900 1.501300 1.714200 0.018338 0.122840 94.401000
0.484080 4.964000 4.794600 1.626400 2.103000 0.010301 0.092896 163.540000
0.586430 7.484700 3.529100 1.595600 1.828900 0.015669 0.139960 193.730000
0.445600 7.369700 2.773600 1.450300 1.891200 0.023031 0.084703 134.390000
0.224530 6.071100 5.813900 0.848890 1.648400 0.011540 0.056491 118.070000
0.530670 4.940500 5.707900 1.412600 2.082100 0.012130 0.135460 158.710000
0.367400 12.013000 3.328100 0.827290 1.906100 0.022756 0.070249 144.110000
0.503020 10.594000 5.341200 1.603800 1.320800 0.015201 0.056587 111.950000
0.277300 12.094000 3.498100 1.028800 1.570800 0.015253 0.097136 96.536000
0.301120 4.414700 2.851900 1.418800 2.109700 0.017647 0.056833 142.020000
0.320960 11.552000 4.624700 0.868760 1.610900 0.009584 0.089469 152.430000
0.602750 5.585100 4.982700 1.397100 2.010000 0.027071 0.105310 177.020000
0.615950 8.286400 3.008000 1.490300 1.622300 0.015253 0.136020 129.760000
0.306550 12.302000 4.669400 1.009100 1.597300 0.022205 0.099636 141.190000
0.548270 4.763900 6.750300 0.793830 1.569400 0.018272 0.143870 146.590000
0.486220 11.842000 6.309900 1.459600 1.130200 0.015653 0.094950 94.507000
0.282390 9.273200 7.145300 0.875770 1.707500 0.012062 0.097235 115.500000
0.465070 10.817000 6.126800 1.258300 1.603400 0.011053 0.072807 107.700000
0.416790 10.841000 4.879700 0.769510 1.212600 0.023516 0.094704 86.999000
0.248050 7.599900 4.467400 1.257900 2.124600 0.015406 0.107450 192.140000
0.566390 5.799400 6.975800 1.070300 1.595700 0.020432 0.062839 148.350000
0.306400 10.893000 4.239100 1.128300 1.489200 0.023202 0.077230 89.533000
0.608380 5.463000 6.343900 1.377000 2.117600 0.011459 0.113810 175.010000
0.258300 12.110000 7.003400 1.451300 1.554000 0.027124 0.104970 87.445000
0.626330 7.777600 3.034000 0.718140 2.004300 0.024046 0.120190 116.990000
0.317810 7.882600 3.213600 1.187500 2.015400 0.028449 0.068007 161.590000
0.491040 12.089000 2.941800 0.795510 1.702800 0.025671 0.140790 125.900000
0.358080 9.318100 4.966100 1.250000 2.023900 0.021438 0.080558 199.350000
0.348380 7.420000 6.866800 0.742840 1.542800 0.010125 0.088138 84.857000
0.573300 5.357200 6.565100 1.222800 1.518600 0.022773 0.131290 93.491000
0.586510 4.580100 7.129600 0.867240 1.820900 0.026599 0.134390 145.710000
0.323350 8.453100 6.418300 0.661030 1.212000 0.014760 0.063086 88.986000
0.328930 9.006800 5.579100 1.512400 1.756600 0.027395 0.105320 152.810000
0.555710 7.466800 6.796700 1.485100 1.181300 0.016267 0.147900 114.770000
0.453700 10.708000 6.985600 0.631930 1.833400 0.024255 0.083902 162.660000
0.528510 10.937000 5.563600 0.683730 1.614100 0.023454 0.149160 126.530000
0.577050 10.720000 5.266500 1.201300 1.786200 0.013350 0.148750 138.620000
0.482660 11.562000 3.610800 1.087900 1.410000 0.022951 0.059101 93.994000
0.525440 11.012000 6.097000 1.291100 1.412100 0.012578 0.116700 155.480000
0.450900 9.128700 4.676400 1.413100 1.811600 0.020539 0.103050 183.930000
0.325710 6.249000 5.076700 1.004400 2.167000 0.015277 0.091767 195.490000
0.286960 9.629200 5.246100 1.144500 1.437200 0.014048 0.128990 149.240000
0.401180 9.937000 4.258400 0.626910 1.926800 0.020779 0.101790 152.330000
0.273020 12.168000 5.627600 1.591000 1.699300 0.018918 0.140260 197.880000
0.241410 5.891400 5.085900 1.377000 1.944300 0.016772 0.064916 150.340000
0.451140 5.320300 3.176800 1.135300 2.132700 0.020208 0.088551 193.900000
0.464690 6.167900 4.726400 1.587900 2.114600 0.026728 0.080114 127.850000
0.592840 7.925700 5.091500 1.268800 1.203400 0.016987 0.068034 85.535000
0.482550 7.858600 4.676600 1.086300 1.824900 0.013517 0.133360 157.130000
0.509430 11.172000 5.025000 1.643700 1.637000 0.012512 0.072058 175.480000
0.429730 8.556500 5.128500 1.112300 1.872000 0.016607 0.139930 132.530000
0.382670 7.347700 3.073600 0.574480 1.603700 0.023364 0.086976 102.580000
0.334080 10.519000 4.888900 0.979730 1.488200 0.009931 0.078653 114.450000
0.273780 10.359000 2.733700 1.236600 1.852100 0.014559 0.094213 181.810000
0.239720 6.210000 4.689000 1.177600 1.894400 0.025913 0.068349 120.190000
0.249640 10.847000 6.987300 1.332400 1.336500 0.009652 0.100230 123.190000
0.307790 9.884100 5.243600 1.065500 2.159100 0.026891 0.089961 190.210000
0.494030 9.249200 4.885000 1.313700 1.760200 0.019790 0.121100 158.280000
0.373410 8.173800 2.691400 1.118300 1.908600 0.020188 0.070211 129.220000
0.473240 8.167400 6.069000 1.155600 1.310500 0.020198 0.087088 84.535000
0.292900 12.051000 3.345600 1.173500 1.588100 0.023673 0.099429 117.670000
0.502350 11.607000 4.222200 1.528800 1.843700 0.027104 0.123500 154.300000
0.237330 5.244700 3.635800 1.137000 1.811700 0.016530 0.053275 154.900000
0.453540 10.936000 4.461100 0.918310 1.738200 0.012792 0.118870 178.580000
0.345160 12.457000 6.387400 1.251900 1.988400 0.028397 0.081788 179.320000
0.280310 8.204100 3.152200 0.856910 1.686500 0.012129 0.097649 145.040000
0.355770 11.595000 6.785600 1.426500 1.618500 0.022335 0.051039 165.890000
0.281140 9.182800 4.615700 1.320800 1.190500 0.017644 0.093545 99.421000
0.357740 4.317900 6.118200 1.526100 1.554500 0.018800 0.077580 107.830000
0.486330 6.078700 4.447900 1.286400 1.690500 0.026256 0.084741 118.310000
0.440780 11.336000 2.424300 0.963200 1.791500 0.023228 0.088489 110.850000
0.496000 9.058500 6.759400 0.802150 1.521200 0.012717 0.127430 177.930000
0.224070 5.308900 4.679200 1.644500 2.232600 0.012029 0.139960 173.200000
0.488620 5.494500 5.881300 1.469600 1.819600 0.013166 0.135440 151.480000
0.433350 11.728000 3.472800 1.370900 1.627300 0.021427 0.070758 154.250000
0.497080 4.995400 5.750800 0.730170 1.750300 0.011796 0.136220 128.710000
0.528140 5.515300 5.205700 1.057600 1.744300 0.016389 0.053660 167.550000
0.417230 10.801000 5.757100 1.624700 1.301000 0.023358 0.129670 115.880000
0.307110 11.531000 6.928100 1.253100 1.948500 0.013838 0.099754 203.810000
0.580290 9.418300 5.994100 1.157500 1.547100 0.011179 0.091872 160.040000
0.478970 9.007600 4.815500 1.020000 1.656800 0.013208 0.079222 158.010000
0.398680 11.496000 2.498400 1.447500 1.939600 0.017458 0.077823 177.170000
0.429910 11.885000 2.969800 1.328900 1.475300 0.013687 0.124630 90.146000
0.324250 7.804500 4.311500 0.997840 1.809500 0.027462 0.087785 191.400000
0.217410 9.556100 2.538500 1.030900 1.970900 0.027243 0.089963 141.120000
0.552180 6.671900 2.477400 0.957750 1.974400 0.010383 0.137220 205.050000
0.466480 5.905600 3.978900 1.506100 2.054100 0.013942 0.116030 171.290000
0.214370 5.481100 3.149700 1.513800 2.151600 0.015417 0.119660 185.240000
0.326030 8.194800 3.932600 0.650950 2.027700 0.025821 0.073934 147.440000
0.347750 11.733000 4.180400 1.014100 1.691800 0.013626 0.058991 175.120000
0.594990 5.417100 6.315600 0.960270 1.902500 0.021313 0.111940 152.560000
0.287010 6.906700 3.822300 0.631920 1.666100 0.018390 0.069359 167.410000
0.316400 10.910000 3.178300 1.161500 1.425500 0.022038 0.117810 83.953000
0.441370 5.900300 2.808300 1.159900 1.839600 0.023760 0.130000 162.240000
0.330760 8.859100 6.879900 0.844540 1.652600 0.016733 0.098914 167.270000
0.628570 5.834000 6.458800 0.554730 1.917600 0.017622 0.104150 201.750000
0.296030 7.747500 3.147000 0.852150 1.963700 0.026087 0.100270 96.823000
0.327710 8.926100 5.391000 1.450300 1.887500 0.021050 0.142540 124.090000
0.535760 4.980700 5.121700 0.789880 1.705600 0.025775 0.083049 146.920000
0.222130 9.505800 6.337200 1.281200 1.644300 0.010049 0.060487 191.140000
0.581400 12.415000 3.644400 1.638100 1.652400 0.025963 0.143910 164.830000
0.349230 9.725600 6.727400 0.681980 1.818600 0.027157 0.133050 165.230000
0.417290 4.236900 4.859900 1.272100 1.666600 0.026417 0.124620 117.030000
0.412260 9.430200 6.741100 1.572800 1.860900 0.020400 0.128820 201.060000
0.265530 7.669600 2.473700 1.367800 1.949600 0.024022 0.085610 92.888000
0.593100 5.185100 4.266700 1.415200 2.040300 0.010378 0.083064 201.170000
0.340990 10.685000 5.532200 1.371800 1.596600 0.018954 0.093834 118.960000
0.592180 6.726600 2.965600 1.081200 2.135100 0.022959 0.107990 183.680000
0.419210 8.531200 5.963500 0.796610 2.005800 0.025199 0.081986 198.080000
0.612620 7.498500 7.095000 0.553290 1.582200 0.021167 0.144990 107.430000
0.480330 11.425000 3.013300 1.514200 1.688200 0.012322 0.142240 168.600000
0.326770 7.047500 4.299500 1.371500 2.018200 0.028214 0.065415 141.160000
0.591530 7.890200 3.210000 1.290400 1.501900 0.010580 0.138270 110.120000
0.298210 4.868100 5.120900 0.589770 1.757100 0.020348 0.078704 138.400000
0.347010 9.998700 4.199400 0.689070 1.357400 0.014462 0.091484 92.408000
0.387360 8.859100 2.603400 1.366900 1.684700 0.019394 0.106910 118.340000
0.321320 5.678200 6.598000 0.563410 1.519400 0.016390 0.081346 170.000000
0.256840 11.318000 3.099400 1.273800 1.343500 0.017116 0.054713 88.037000
0.331390 9.585000 6.426300 0.984380 1.790500 0.015070 0.147040 136.950000
0.506060 7.988400 3.071800 1.481400 1.760800 0.010116 0.090071 194.050000
0.531040 6.977000 4.751800 1.605800 1.567300 0.011215 0.118680 151.430000
0.469700 11.712000 2.897400 1.180700 1.681400 0.026738 0.104960 96.261000
0.410470 4.321500 6.125400 1.388400 2.079600 0.010500 0.101250 193.350000
0.313950 10.424000 6.865900 1.061200 1.591700 0.019273 0.057865 120.380000
0.611990 8.132800 6.831400 1.260100 1.790500 0.012152 0.142220 129.550000
0.275350 11.517000 3.393500 0.553120 1.727000 0.017683 0.055615 116.840000
0.538300 9.942700 4.888500 0.587700 2.023200 0.023442 0.055960 204.000000
0.451330 8.238600 6.023400 1.260600 2.005800 0.018528 0.074044 192.200000
0.357450 12.295000 5.423200 0.738030 1.878400 0.014162 0.118870 202.900000
0.626260 5.727300 6.424400 1.555000 1.671500 0.016189 0.105220 134.130000
0.322160 11.049000 6.442000 1.580500 1.958200 0.015283 0.104810 196.120000
0.321810 5.915100 4.703800 0.932180 1.970300 0.019755 0.076025 176.770000
0.250830 12.448000 3.639300 1.088600 1.650500 0.024020 0.086252 130.660000
0.403650 8.730800 3.152400 1.184900 1.710500 0.026333 0.085115 83.486000
0.278040 5.130800 2.971400 1.042500 2.161400 0.012144 0.124280 207.000000
0.290170 5.063600 5.718700 0.841700 2.007400 0.023879 0.063463 138.270000
0.564050 8.822200 3.930900 1.338300 1.755400 0.012767 0.100540 167.950000
0.544480 4.375500 4.638000 1.384400 1.756900 0.027870 0.145800 163.010000
0.312170 8.023300 4.367300 0.746530 1.725100 0.020797 0.099381 150.290000
0.486110 8.055100 3.865200 0.600150 1.672800 0.013105 0.116160 126.060000
0.562030 11.280000 4.037500 1.045500 1.863200 0.014719 0.082467 202.850000
0.373020 7.750200 2.648200 1.278100 2.083700 0.025139 0.103870 139.900000
0.480820 9.081400 2.500000 0.579240 1.714600 0.013209 0.078266 153.020000
0.591290 7.136400 5.139700 0.584070 1.756700 0.013117 0.089136 133.810000
0.245300 6.322700 5.617700 1.008400 1.862200 0.015793 0.138950 202.210000
0.571100 8.896300 5.643900 1.248200 1.331600 0.012613 0.126480 128.360000
0.292760 9.356000 4.701600 0.740090 1.737700 0.025095 0.056787 175.870000
0.453710 5.107700 5.044800 0.805480 1.969800 0.011046 0.077201 177.880000
0.464830 5.326700 6.103000 1.402900 1.558200 0.010195 0.073019 170.550000
0.470200 9.151200 2.573600 1.184200 1.790500 0.018992 0.120890 133.540000
0.397890 4.419100 6.400500 0.995570 1.419100 0.017774 0.122950 114.800000
0.492640 6.607600 6.952400 1.541100 1.456000 0.011263 0.109240 169.310000
0.389880 5.249600 4.842600 1.164800 2.100500 0.023662 0.065999 206.740000
0.542400 8.699800 2.665800 0.863720 1.917700 0.020412 0.065650 195.990000
0.584840 7.546600 4.840400 0.716270 1.829300 0.010558 0.104010 147.480000
0.520860 6.452400 4.863400 0.878030 2.066400 0.026940 0.123250 203.500000
0.277070 9.822500 4.461900 1.120500 1.903800 0.017066 0.098532 136.160000
0.585550 5.147000 6.126200 1.506600 1.801300 0.009892 0.093552 154.040000
0.620800 4.605700 4.638500 1.046500 2.048400 0.021803 0.130960 130.830000
0.303860 7.254100 5.477900 0.685160 1.798900 0.019542 0.115600 145.220000
0.269110 5.346600 7.098300 0.717910 1.752500 0.015307 0.074858 176.380000
0.514060 4.849900 3.371900 0.643570 1.710700 0.027357 0.111520 96.474000
0.535640 4.767400 4.864100 0.587930 1.984700 0.024444 0.058910 203.520000
0.221470 8.712700 5.430200 1.391200 1.617900 0.014165 0.114770 94.431000
0.444910 8.959300 3.863500 1.220900 1.796800 0.015398 0.079247 174.740000
0.416190 10.927000 7.186300 1.635900 1.249900 0.017677 0.135000 90.332000
0.289160 9.651000 5.689100 1.386900 1.612200 0.021491 0.061297 107.790000
0.406250 11.091000 3.256700 1.209600 1.934200 0.025256 0.094792 171.900000
0.421860 11.283000 6.281500 0.711230 2.019100 0.021075 0.093410 198.390000
0.290070 5.721300 5.025000 1.410900 1.849000 0.015224 0.133430 112.020000
0.522480 10.786000 6.892500 1.570700 1.418700 0.022729 0.148520 91.909000
0.398960 8.249100 4.870700 0.702440 1.745700 0.011752 0.122770 106.360000
0.412430 7.227200 3.729700 1.180700 1.605400 0.010251 0.101470 104.930000
0.574140 4.521300 5.206100 0.941410 2.005300 0.013927 0.083780 142.900000
0.490700 7.678700 6.583900 1.544600 2.006300 0.026419 0.131460 203.810000
0.239280 7.849900 4.207900 1.405800 1.671900 0.013556 0.095524 153.320000
0.360240 7.958900 5.316400 0.796510 2.122800 0.024630 0.142530 162.050000
0.593680 7.189800 6.974300 0.704090 1.872700 0.017146 0.120220 150.580000
0.334870 6.771700 5.281400 1.634300 2.013000 0.019319 0.078482 178.830000
0.578100 8.517100 3.472800 0.986160 2.033600 0.016334 0.103100 163.800000
0.301420 4.344400 6.745800 1.610200 1.867600 0.011038 0.089549 88.198000
0.432990 5.547100 7.132000 1.195900 1.878800 0.018339 0.110990 139.630000
0.227000 10.553000 6.173700 0.903970 1.562700 0.013787 0.076025 102.630000
0.507940 12.109000 3.756100 0.954630 1.770300 0.025085 0.057331 146.650000
0.377890 9.746100 2.486200 1.321100 1.972400 0.024923 0.108500 120.440000
0.585270 10.970000 4.631500 0.652320 1.577500 0.011261 0.089880 185.280000
0.416780 4.376500 4.717200 0.941760 2.173200 0.022972 0.137150 129.310000
0.214560 9.631400 4.778600 1.385700 1.540900 0.010741 0.123230 188.340000
0.586310 9.314900 4.093800 1.067400 1.887900 0.010636 0.077072 197.330000
0.299520 10.283000 4.363900 0.846500 1.610300 0.013717 0.088565 116.680000
0.213360 4.389100 3.879800 0.662400 2.083800 0.019990 0.065310 148.650000
0.480680 7.969400 3.011800 1.249500 2.057900 0.010045 0.120940 198.380000
0.537570 6.279300 4.716900 1.410400 2.024700 0.017259 0.131020 145.700000
0.438540 12.288000 2.678400 0.760700 1.442000 0.015834 0.051190 141.760000
0.418970 4.408200 4.067600 0.597520 1.822400 0.015417 0.123290 124.910000
0.375300 5.606000 4.854100 1.387200 2.219800 0.019547 0.067772 183.030000
0.350780 8.057900 2.684100 0.912750 1.629800 0.020127 0.082637 142.870000
0.541950 6.806200 4.046800 1.404700 1.769000 0.023357 0.097932 109.070000
0.235530 6.210500 3.686100 0.767000 1.939900 0.020687 0.071206 182.870000
0.307700 7.210900 5.120100 0.947510 2.050600 0.026966 0.143390 184.160000
0.266230 9.001600 7.070000 0.756850 1.774900 0.019238 0.052077 124.370000
0.533960 8.186400 5.517200 0.650740 1.839300 0.015116 0.080764 148.840000
0.353110 6.329300 5.422800 0.595390 2.046300 0.010984 0.147460 199.110000
0.311890 6.352200 2.986100 1.585600 1.862000 0.017747 0.134940 131.640000
0.445840 11.447000 3.289000 1.389200 1.484200 0.017624 0.094824 115.490000
0.332040 9.509100 3.522300 1.530200 1.463900 0.013634 0.120570 83.192000
0.553380 7.019900 2.422100 0.862680 1.908800 0.015908 0.099761 178.800000
0.396430 4.431300 6.149200 1.471500 1.304700 0.020446 0.129150 111.360000
0.441580 4.272300 2.441100 1.396200 1.771700 0.025097 0.095646 139.220000
0.221620 12.252000 3.780800 1.182900 1.478100 0.010485 0.057449 161.480000
0.334540 8.264300 2.455700 0.712960 2.046900 0.020200 0.098147 161.700000
0.498730 12.310000 3.419600 1.326900 1.750400 0.024035 0.071879 161.130000
0.328890 9.228600 6.313200 1.150300 1.559300 0.027782 0.080950 84.103000
0.347950 9.912800 6.638800 1.519500 1.940000 0.023847 0.126770 135.310000
0.507700 8.516600 2.421500 1.009600 1.683800 0.021538 0.137360 157.110000
0.459860 7.150800 6.068100 1.054000 1.548200 0.010787 0.064243 128.250000
0.211110 9.808500 3.112600 0.808030 1.870100 0.020539 0.070667 199.710000
0.487600 9.426000 5.022700 1.312400 1.840400 0.011546 0.068550 170.510000
0.269490 10.407000 4.131900 1.391500 2.058500 0.022201 0.136920 158.890000
0.229440 11.774000 2.547300 0.780600 2.034500 0.027484 0.124540 156.150000
0.271260 7.058900 6.030300 1.272500 1.520900 0.011334 0.126800 96.318000
0.231070 6.695200 3.128600 0.996310 1.987200 0.026492 0.053312 163.620000
0.252050 4.989300 6.721000 0.656990 2.202600 0.023297 0.075970 188.070000
0.431020 9.601300 4.939100 1.348800 1.508900 0.016980 0.142510 100.660000
0.262510 8.638400 5.782100 1.153200 1.507400 0.024975 0.109440 87.050000
0.520660 4.878400 3.560400 1.227400 1.731800 0.021092 0.120620 150.730000
0.219800 9.117800 5.573500 0.894190 2.041000 0.024633 0.087744 146.440000
0.276860 6.440400 4.271100 0.882080 1.806900 0.027850 0.075817 146.200000
0.225830 7.262000 3.174300 0.983270 2.050500 0.028001 0.106850 142.330000
0.412500 8.477400 7.103300 0.731190 1.672400 0.028193 0.071103 130.560000
0.482730 11.945000 6.226600 1.441800 1.271100 0.018508 0.062530 97.802000
0.288160 8.649100 3.822400 1.534400 1.991100 0.015434 0.147830 172.220000
0.353490 10.092000 7.020800 0.635650 1.871300 0.023131 0.084661 182.260000
0.279650 5.692900 2.467600 0.822060 1.921400 0.023868 0.101020 165.980000
0.428550 4.858600 6.416700 1.326400 1.646200 0.010041 0.072024 161.280000
0.386720 7.379300 5.327100 1.512500 2.022500 0.023925 0.136440 202.950000
0.250760 6.412700 5.265400 0.877030 1.509000 0.023363 0.064557 87.675000
0.527270 5.527800 4.094700 0.875350 1.921800 0.014414 0.074159 152.020000
0.581300 7.047800 3.337700 1.623200 2.001900 0.020707 0.137140 161.140000
0.299910 5.706100 3.748600 1.509700 1.637100 0.021470 0.136200 100.930000
0.564390 10.257000 3.456200 1.365700 1.815800 0.010906 0.108000 166.890000
0.502030 12.123000 6.568400 1.276500 1.473800 0.016571 0.110570 145.890000
0.363750 6.755600 6.062900 1.251700 1.895600 0.026074 0.100240 151.920000
0.472070 8.142600 6.379900 1.585400 1.850900 0.012462 0.084667 185.020000
0.583630 9.656700 6.342400 0.953850 1.662100 0.015893 0.094404 145.160000
0.349470 8.378500 3.884600 0.681540 1.571000 0.021896 0.059718 178.130000
0.253970 8.021100 6.623200 1.547700 1.233900 0.010429 0.115720 98.714000
0.587830 6.884500 6.340400 0.711390 1.905900 0.010476 0.078206 155.260000
0.249120 7.936500 3.693500 0.810830 1.959600 0.015707 0.070671 173.680000
0.417340 4.543300 6.926100 1.235100 1.846400 0.013625 0.090316 142.450000
0.278360 7.656900 6.542600 1.090900 1.887900 0.028403 0.079475 135.760000
0.576370 10.876000 4.244700 1.290600 1.714800 0.010108 0.105950 144.170000
0.617850 4.708800 5.027600 0.840580 1.857900 0.028467 0.145430 151.980000
0.338910 9.858700 7.110200 1.025200 1.656000 0.020217 0.063393 129.270000
0.484190 6.233400 4.603800 0.659350 1.856200 0.017448 0.092387 106.090000
0.550270 7.773600 4.334900 1.550300 2.004500 0.024495 0.062951 175.480000
0.413330 11.667000 4.938900 0.694360 1.734500 0.014466 0.147140 122.150000
