10.5212
13.0938
14.1304
7.23815
10.4705
11.351
18.2766
15.7171
12.9676
18.5498
10.7221
13.057
16.5373
18.1259
13.2278
5.38451
17.6045
19.9373
12.686
21.9151
11.4203
18.0781
9.75172
13.8726
12.535
11.7373
14.9829
15.4763
18.0388
20.365
13.1582
14.1265
14.8419
16.1905
10.134
15.9083
17.1358
15.615
10.0531
6.9089
15.6579
19.1888
18.9122
18.0904
17.0715
9.18714
12.2458
12.8203
17.5987
12.8998
13.5204
22.4465
8.94601
12.7599
11.5419
12.983
16.4797
8.21226
16.263
14.1788
17.4328
8.6809
21.0921
12.902
8.31023
19.9006
9.03523
16.2799
16.5487
15.5168
13.115
23.9663
19.821
13.7688
13.1829
13.7479
13.0219
10.7369
16.2374
10.4226
14.6713
9.24153
6.29712
17.5198
21.9828
10.7849
15.2175
9.5071
14.7112
18.1995
19.1224
17.843
8.20691
17.9139
14.2921
12.3259
13.5914
19.614
9.62971
8.88488
9.4486
9.82843
9.24465
12.7326
11.1648
11.7739
17.9598
19.3937
16.4307
17.7982
10.8766
19.7829
12.3369
18.0622
9.77088
15.2028
10.1767
5.66196
11.547
14.603
16.6317
11.3336
12.0114
13.5645
19.8764
17.2999
15.3531
11.2667
19.0796
10.3847
11.5711
15.762
10.5545
8.16316
13.243
18.1836
15.1868
14.9771
16.9603
15.4453
18.1258
18.4845
14.6127
10.922
12.7015
8.49596
11.7824
12.1545
21.472
15.358
11.2586
13.9884
19.8422
16.8849
13.2234
17.2942
17.8397
21.055
15.7229
7.49771
15.9156
8.0293
11.7765
10.4849
16.8899
6.85544
11.411
10.1416
24.2851
16.1426
20.2723
15.2633
15.5334
17.8861
14.2782
16.7238
9.19405
17.2624
11.7008
14.8172
9.53019
17.1281
9.93458
8.18116
15.9946
8.98188
11.206
14.5259
14.5347
13.1657
18.5596
17.5274
15.9083
19.587
16.9235
12.883
18.2113
13.4844
13.5428
12.7232
17.2029
21.9205
11.7051
13.94
8.70341
14.5627
12.0855
12.5593
18.158
10.7769
21.6636
10.2941
10.3122
10.7054
20.7122
13.7373
15.4659
19.1739
14.8965
18.9951
12.7928
7.70162
9.64403
11.5344
13.7286
13.3618
13.8089
19.4621
16.7529
10.622
13.2096
16.1435
8.68931
12.2526
14.4622
19.7088
12.5877
18.5102
12.9547
15.8634
15.8782
11.678
18.4161
16.261
8.43504
9.7499
8.8529
9.36452
16.6622
15.3597
12.2966
16.4678
8.4685
5.86382
13.1608
11.8248
14.1372
13.8119
23.1269
14.1358
14.7711
12.3947
14.9052
14.4103
18.257
9.79754
18.8425
7.70874
22.3292
10.2206
9.27531
12.8518
21.4195
12.7993
10.0274
14.4495
9.93009
15.1414
5.53185
11.0108
10.7864
7.27204
13.3872
17.3962
15.3083
8.55863
14.1067
5.18959
13.5435
17.7708
17.5651
8.77313
14.0804
14.7023
19.1736
15.453
11.2455
14.2013
15.9714
5.65077
9.30104
9.91409
10.9503
10.3916
9.56122
18.9534
12.9761
10.5148
12.9722
11.4909
11.2018
15.8428
13.527
13.6981
17.7186
17.8257
12.4187
13.4556
5.97825
10.8041
9.51145
17.9805
13.7086
11.832
13.0858
12.7518
7.76144
17.3802
20.141
22.1949
14.1056
11.2683
18.4134
11.8545
6.90187
18.0751
14.424
13.9519
18.5976
13.2367
10.9069
11.5596
18.5255
12.9081
6.60636
12.6751
17.9508
12.1186
7.30707
12.1729
15.4843
13.3465
11.341
10.3616
16.3372
18.0542
21.5139
15.5632
15.5801
14.259
15.112
12.6803
12.1123
7.27962
12.1667
11.3297
16.0371
9.28658
18.2663
6.84448
14.9956
15.7765
14.7892
12.3849
18.1154
9.54968
6.96431
20.764
16.5221
10.2096
10.3394
18.1685
15.3421
11.782
20.0062
17.9101
7.74489
15.3683
19.2125
15.8587
18.1136
11.343
16.5287
13.1827
15.8059
15.5971
16.8353
8.75058
11.9447
13.9968
14.846
7.27585
9.09021
14.164
16.8625
6.05567
13.8077
16.2938
18.9265
21.1948
11.2388
18.7805
7.94025
10.0387
13.7984
11.6111
9.68001
10.7677
10.5638
13.8411
16.0744
6.38038
9.24664
12.9392
11.4241
19.0706
21.0931
11.0122
11.6342
8.07596
9.59228
13.4632
10.9187
8.00424
14.5643
11.8741
13.963
14.3622
14.1131
13.3064
17.5317
15.0662
15.4923
17.9985
14.8835
10.5473
16.3043
16.983
12.3902
14.6524
16.3203
12.6671
12.1401
13.0049
12.0331
18.4401
6.76671
15.4472
10.1954
14.4068
17.5072
11.8353
7.31834
13.4266
14.254
13.3411
11.1695
8.7221
13.7847
6.41222
10.2774
14.6143
9.77648
8.9443
16.7566
21.6674
20.0821
17.2233
15.8235
14.9077
11.9735
11.6457
16.7096
15.8672
20.2713
17.2546
17.9635
12.9144
13.4881
12.3984
14.8866
16.0517
16.408
14.9347
13.2855
13.4034
13.1642
19.3973
14.4342
16.0446
7.29993
21.081
11.2532
10.8057
17.0406
13.6425
6.94211
13.6766
15.8153
19.1115
17.7382
15.5303
13.5325
19.2145
18.3891
14.7083
9.12521
7.97148
6.53182
10.387
18.0898
20.0585
9.22789
24.0158
8.13157
22.7287
9.41267
14.3093
14.1832
8.52611
13.1305
13.3741
21.2508
13.288
12.7623
9.60195
17.8245
13.9314
7.30118
14.505
13.1839
13.3842
17.8627
15.0037
17.3698
17.3508
9.98634
9.90203
16.1599
18.3109
13.2852
5.71479
21.1264
8.05049
18.7137
14.5236
21.0504
12.5389
15.2003
12.2444
12.6137
12.2827
11.2549
14.1301
14.3588
8.52199
16.4421
16.0905
11.7845
12.6417
12.3157
15.0128
17.6454
7.61488
15.243
17.2623
18.0781
14.325
16.6304
10.0046
17.2294
8.13577
12.9357
10.2812
19.6677
16.1652
16.865
16.9865
12.6832
10.3764
9.08373
8.21959
7.19286
12.988
17.0707
10.9055
9.63083
13.7836
12.0044
16.6952
15.5832
13.9557
8.27699
11.6114
14.2437
18.1887
20.2993
18.0663
10.0672
15.3607
16.801
16.9792
14.4394
13.9235
8.95371
14.0231
12.514
14.5893
13.459
14.83
10.7058
19.509
12.5977
17.2498
13.0578
8.22496
11.3056
20.0725
11.0997
15.4473
13.8741
11.4136
20.5976
16.6749
10.9702
17.1547
12.5953
14.0001
20.6079
10.4937
18.7382
21.0894
13.1221
6.57243
13.7282
9.35717
17.0107
12.574
11.0691
16.4057
12.0317
16.9854
12.3332
15.4239
18.0328
15.3359
12.8765
10.1559
10.8021
7.6227
11.0232
17.8098
10.4357
15.0984
14.189
10.9609
8.47253
13.9667
11.0435
8.7811
15.7333
15.3291
14.217
15.1594
7.77087
15.9686
14.6203
16.593
22.3961
18.8207
19.0552
12.2798
15.4693
14.7323
19.3265
20.3653
11.1037
8.78821
15.459
11.473
14.4774
14.0716
10.1494
20.139
16.2083
8.30115
14.3972
19.822
19.9353
14.997
16.399
12.6367
13.7556
15.0392
10.1615
12.5265
15.6393
16.885
22.0875
11.6727
14.453
19.4353
10.4512
11.0591
11.3691
10.0687
7.22851
15.7509
9.48079
6.82983
12.7985
9.29088
14.239
19.0101
7.61494
5.76275
12.393
22.5645
15.6567
10.1461
16.8921
8.60886
10.5643
13.7345
11.5098
18.412
9.66209
10.9049
12.593
19.75
8.32811
10.1807
14.154
9.77825
15.8134
12.6927
14.3148
13.3668
12.8826
12.9368
12.5913
9.20089
12.8463
14.8765
14.3408
14.3948
13.7271
9.67866
17.1949
19.0752
11.4073
7.54853
14.5655
10.3672
11.4923
19.0911
14.2666
8.82101
13.7429
10.2284
11.9237
10.1568
12.6163
14.7741
16.714
12.9889
16.9447
11.0528
13.7577
12.1683
19.0034
8.2804
13.4985
11.3649
10.9619
11.5167
11.9231
14.5628
16.2502
9.51851
10.7524
18.2282
9.18928
20.9127
15.0601
18.1825
14.9092
16.9892
11.5362
13.1031
15.1765
12.6193
20.3651
17.6514
16.8369
14.3609
12.6444
10.8609
13.5945
7.33256
10.1884
12.5459
11.2998
13.4982
11.3758
14.0335
18.423
14.7365
16.5687
16.8745
14.8119
9.00752
13.5976
11.506
13.5424
7.24004
12.5311
10.6447
17.584
12.4877
17.4395
13.8511
9.47894
13.3577
11.7235
20.7708
11.4637
20.5948
11.2506
17.2483
10.7462
10.9861
9.64382
13.2501
7.17317
13.2973
12.9528
14.2082
10.6266
11.1091
12.8143
13.7846
16.4742
7.6565
12.992
10.152
19.4431
15.5303
10.2789
20.3555
19.0313
16.512
13.096
13.9031
18.2436
18.3879
16.9117
11.7955
16.8495
17.1998
17.9946
14.7969
20.8594
9.33475
15.0375
20.445
13.0504
13.7127
17.9001
10.0392
17.1434
16.5933
15.6672
12.0858
10.7073
12.617
19.0231
12.8285
12.5896
15.9697
14.6021
9.12302
17.4294
7.84857
15.9091
17.0287
17.0462
8.83743
15.5193
11.3673
8.71328
13.5053
13.867
12.4915
11.4359
17.4154
10.2266
16.6185
16.4012
14.2723
7.93974
12.4287
12.8591
15.2934
10.0867
14.6053
13.8449
10.0552
17.9907
10.6111
13.387
12.6824
11.6682
10.0988
13.0645
19.7395
18.807
13.5954
9.92209
14.5367
11.184
9.63183
19.5808
11.417
16.2463
14.7349
9.7133
12.3491
10.1106
17.8908
8.11345
7.58998
10.8457
10.7535
14.1725
14.0731
7.53831
8.89952
12.0734
12.3416
20.4843
9.69383
14.6345
14.7983
10.7545
18.4214
14.3258
12.4268
12.4717
12.3895
20.9659
12.3131
13.7432
17.8712
10.2379
16.1255
10.9216
17.1549
15.8031
15.3413
13.2962
12.7987
15.2078
8.66613
7.17766
19.4012
15.0304
18.6193
10.6374
8.64849
8.47657
12.1902
18.1702
11.1953
11.4695
12.199
12.8902
10.9269
9.84702
9.52935
18.6152
8.38424
19.6
15.2174
12.2091
12.4441
11.0964
8.79451
17.7815
9.05304
10.6925
5.74753
15.5489
11.4367
18.4889
15.8772
11.6758
15.8581
14.346
4.82433
9.87703
8.29919
14.6725
16.002
16.3033
15.5455
18.13
13.5401
7.84098
13.8411
13.5547
12.6774
15.3734
12.8147
20.5401
11.8722
20.5992
14.1203
18.7873
12.7816
13.5457
15.9168
13.0185
14.7364
16.6346
12.7826
13.2712
18.0805
23.1599
15.3053
11.4836
14.0349
16.6582
12.9066
9.75664
8.04929
15.1294
13.7759
11.404
14.8521
15.2973
14.2676
15.6554
19.0245
14.9353
8.72099
15.2476
11.7698
11.8948
12.1794
14.776
15.927
12.3888
17.3874
9.83037
20.4825
14.0746
11.1155
17.4409
10.5408
13.9215
18.2915
17.5307
10.3577
12.8461
16.4053
18.998
9.53209
10.0007
16.787
20.6449
17.3607
12.4737
17.3184
12.064
10.3874
11.2517
14.6237
11.4402
14.4161
16.1382
18.8047
10.1633
18.0043
19.9859
21.2635
17.8439
12.2064
14.9081
10.9191
11.4637
12.1178
8.62421
11.9298
6.61259
8.77836
13.7039
17.4079
10.1064
12.6386
16.3202
16.3089
9.67509
10.9644
13.5502
18.2726
6.10282
13.766
15.658
7.39038
10.9302
20.7458
12.0779
18.101
12.8193
15.8616
11.6503
16.945
20.2685
13.5805
16.8874
16.4816
8.33184
12.3432
20.639
11.2996
18.2533
13.2455
16.4951
16.0683
15.5468
18.0061
14.7144
15.3283
13.5704
12.0132
15.8536
24.8398
13.4837
6.14304
11.6289
9.62374
9.85837
6.55558
13.6748
16.8952
8.30586
9.87004
13.1502
18.0653
14.768
16.3168
6.67227
11.1239
13.4756
15.4364
