53.700000
31.300000
41.700000
97.900000
38.000000
48.100000
40.900000
66.200000
39.400000
91.200000
90.300000
36.600000
45.800000
76.300000
48.400000
88.600000
21.500000
31.000000
47.600000
41.400000
34.800000
32.400000
42.000000
39.400000
44.900000
29.600000
46.900000
49.200000
48.400000
31.300000
48.300000
108.200000
35.200000
33.600000
31.000000
75.600000
64.700000
45.500000
63.000000
90.200000
90.200000
44.200000
35.000000
50.400000
28.200000
50.100000
38.300000
36.200000
92.300000
82.800000
54.000000
46.400000
58.400000
52.400000
108.100000
41.200000
89.900000
78.800000
35.500000
44.600000
38.700000
43.700000
49.500000
48.500000
45.000000
53.000000
40.000000
54.300000
50.000000
34.100000
41.400000
47.600000
60.100000
81.800000
90.800000
46.800000
75.600000
93.200000
86.700000
40.900000
26.500000
52.600000
76.000000
37.300000
46.600000
43.000000
53.800000
49.400000
40.600000
105.800000
45.000000
43.100000
40.800000
25.600000
78.900000
83.700000
64.700000
43.400000
45.000000
88.400000
47.500000
42.600000
44.900000
53.800000
105.100000
39.700000
56.400000
40.300000
46.600000
37.800000
57.800000
45.600000
37.200000
106.800000
47.200000
47.700000
59.000000
55.400000
35.600000
50.400000
29.200000
76.000000
45.900000
44.000000
95.000000
48.600000
34.000000
46.900000
41.400000
47.100000
37.500000
40.500000
84.500000
74.700000
50.100000
38.900000
41.100000
36.300000
44.800000
39.700000
43.800000
36.700000
54.200000
56.200000
36.400000
87.200000
31.300000
35.800000
43.300000
87.700000
35.600000
48.600000
64.600000
47.100000
40.700000
95.800000
42.700000
53.800000
42.200000
24.500000
45.100000
75.800000
43.400000
49.900000
97.400000
43.100000
81.100000
50.900000
69.900000
62.500000
68.400000
43.700000
75.300000
81.400000
78.600000
43.200000
57.600000
47.900000
49.600000
84.500000
44.200000
57.200000
48.900000
37.900000
92.800000
95.800000
52.400000
34.400000
68.400000
45.900000
41.000000
43.200000
113.500000
44.700000
54.600000
44.700000
103.700000
61.500000
21.400000
44.500000
79.600000
39.200000
82.700000
25.300000
82.800000
38.400000
40.700000
41.900000
39.500000
45.100000
97.100000
46.100000
79.500000
43.300000
43.400000
41.500000
46.700000
79.200000
46.200000
36.300000
33.600000
62.500000
44.000000
100.900000
89.200000
89.800000
86.600000
36.000000
46.400000
43.000000
87.800000
31.900000
34.900000
99.200000
49.800000
44.500000
44.500000
38.800000
98.800000
41.100000
48.000000
21.200000
53.700000
55.900000
64.600000
38.300000
100.700000
37.400000
54.000000
35.800000
81.900000
85.600000
38.000000
40.600000
39.800000
45.200000
34.300000
42.300000
52.200000
59.100000
36.100000
91.700000
79.500000
44.600000
50.800000
42.000000
81.600000
87.500000
83.000000
98.400000
40.400000
47.900000
44.600000
30.400000
53.100000
86.000000
43.800000
49.600000
30.900000
48.200000
60.400000
38.300000
36.500000
46.000000
61.800000
54.000000
47.200000
43.300000
57.900000
36.200000
44.000000
41.000000
25.800000
88.600000
54.000000
90.200000
36.500000
36.800000
43.800000
42.800000
46.600000
40.400000
42.100000
41.600000
56.100000
85.500000
80.300000
43.300000
74.000000
49.800000
43.100000
88.100000
52.500000
51.500000
45.900000
41.100000
44.000000
75.800000
54.700000
17.600000
103.000000
41.500000
37.500000
52.800000
111.400000
38.800000
41.100000
39.100000
37.900000
71.900000
91.800000
109.300000
44.800000
40.300000
45.800000
22.100000
51.600000
85.200000
48.000000
44.200000
36.100000
52.900000
92.700000
38.500000
45.200000
65.400000
47.400000
54.600000
42.200000
40.500000
106.900000
39.500000
46.500000
48.900000
46.200000
43.000000
72.100000
61.000000
100.700000
51.900000
49.200000
49.200000
36.600000
31.900000
89.200000
40.000000
45.900000
44.700000
108.400000
82.000000
64.800000
50.400000
74.000000
73.700000
57.800000
44.700000
76.700000
40.600000
102.700000
50.200000
34.700000
42.200000
65.700000
29.600000
48.900000
59.000000
55.400000
31.400000
77.300000
38.000000
36.600000
43.800000
44.700000
66.000000
86.100000
47.400000
69.100000
36.000000
47.400000
71.500000
99.800000
47.500000
37.800000
44.700000
50.400000
41.900000
46.000000
89.400000
48.600000
38.600000
70.500000
87.200000
33.800000
74.700000
44.800000
22.100000
45.900000
28.000000
51.200000
43.300000
38.700000
65.900000
48.100000
44.200000
38.700000
43.100000
58.200000
51.900000
101.000000
39.300000
41.000000
104.800000
60.700000
41.300000
91.100000
42.700000
42.300000
47.300000
89.200000
40.600000
50.100000
35.600000
60.300000
47.000000
80.100000
75.600000
42.200000
43.800000
48.200000
47.400000
37.400000
95.400000
95.700000
39.600000
42.900000
50.200000
77.400000
40.300000
27.400000
43.000000
45.100000
43.700000
35.500000
50.900000
35.500000
51.000000
45.700000
49.000000
41.700000
85.300000
45.700000
42.500000
25.300000
45.100000
39.200000
48.600000
31.200000
78.200000
45.700000
51.900000
38.400000
28.800000
103.200000
73.200000
35.500000
44.000000
54.800000
65.700000
63.900000
83.100000
85.100000
44.100000
44.700000
49.000000
59.200000
34.400000
66.400000
41.400000
40.800000
91.500000
94.500000
26.100000
76.500000
40.200000
45.500000
46.100000
90.100000
99.600000
48.300000
42.800000
38.000000
78.700000
40.500000
76.300000
39.500000
23.800000
55.400000
68.000000
52.200000
72.500000
108.700000
49.000000
42.200000
27.100000
45.200000
71.800000
86.800000
67.600000
42.100000
56.200000
80.100000
52.300000
35.200000
50.100000
39.500000
26.700000
44.600000
41.000000
50.100000
48.800000
96.200000
38.900000
48.700000
52.700000
55.300000
96.100000
91.600000
66.100000
70.900000
35.500000
33.700000
47.000000
42.600000
42.800000
40.500000
77.200000
87.000000
49.500000
90.600000
43.200000
15.700000
40.700000
38.800000
44.200000
38.200000
95.500000
59.000000
79.900000
87.000000
55.700000
37.400000
40.900000
40.100000
42.500000
62.500000
65.900000
88.200000
53.600000
42.300000
41.100000
88.100000
50.300000
42.800000
40.900000
90.400000
37.100000
37.900000
49.800000
80.000000
87.400000
87.400000
49.700000
93.200000
56.000000
45.300000
48.200000
50.800000
40.200000
28.800000
37.300000
17.200000
91.900000
71.300000
43.400000
47.700000
36.500000
43.300000
39.000000
101.700000
46.300000
39.300000
43.100000
50.300000
65.600000
80.100000
32.100000
47.600000
36.100000
49.600000
45.100000
70.500000
49.600000
37.600000
53.100000
28.500000
32.800000
69.100000
75.600000
47.000000
37.400000
74.200000
45.300000
46.500000
95.700000
53.000000
39.300000
41.100000
41.100000
45.200000
38.800000
40.000000
49.600000
70.700000
44.700000
46.400000
42.200000
93.300000
43.000000
48.500000
55.900000
46.500000
44.000000
62.000000
90.400000
61.900000
46.900000
43.300000
44.900000
45.700000
55.400000
43.200000
35.500000
36.100000
76.400000
69.700000
45.300000
37.300000
37.100000
36.700000
44.600000
47.700000
44.700000
71.100000
51.300000
51.500000
92.500000
53.100000
23.900000
52.900000
94.800000
78.000000
54.600000
101.300000
22.300000
40.200000
81.000000
34.700000
55.500000
39.400000
43.700000
84.500000
93.000000
27.700000
76.000000
43.200000
55.000000
51.100000
80.400000
33.500000
39.700000
46.300000
62.000000
37.900000
40.700000
75.500000
34.500000
84.900000
98.100000
48.500000
95.700000
40.300000
52.600000
56.700000
36.800000
81.500000
35.900000
42.100000
88.500000
110.800000
40.900000
54.400000
88.100000
41.700000
81.600000
39.100000
24.300000
44.100000
48.500000
62.000000
60.400000
41.800000
50.000000
86.400000
46.500000
32.000000
42.900000
44.100000
33.400000
32.200000
47.300000
45.400000
72.900000
49.600000
58.400000
90.000000
46.400000
46.300000
48.300000
82.400000
73.100000
31.500000
98.900000
49.400000
72.100000
32.100000
54.900000
53.000000
44.000000
41.600000
36.100000
81.400000
37.300000
48.900000
83.200000
44.600000
80.300000
74.000000
25.800000
80.600000
69.100000
29.000000
90.300000
63.700000
68.100000
95.900000
83.700000
51.900000
86.700000
93.000000
102.900000
30.400000
83.300000
48.900000
37.900000
36.700000
94.200000
45.000000
35.400000
33.500000
85.600000
32.900000
39.400000
59.500000
44.200000
38.000000
99.200000
36.500000
47.200000
28.400000
97.700000
51.500000
47.000000
44.200000
93.200000
55.200000
37.600000
55.700000
70.200000
47.900000
44.900000
53.600000
63.400000
72.200000
41.000000
38.900000
43.100000
51.000000
78.500000
44.300000
33.900000
