options_file: rat.options
mesh: MeshFlatBase
fixed_nodes: 203
x 141
y 141 152
z 138 139 140 141 142 143 144 145 146 147 148 149 150 151 152 153 154 155 156 157 158 159 160 161 162 163 171 172 173 174 192 219 226 237 254 269 275 282 285 298 299 303 308 317 326 345 367 376 430 433 453 459 483 494 495 524 529 532 581 590 617 620 647 650 660 688 700 704 716 761 776 793 855 863 888 904 932 935 961 997 1012 1028 1035 1067 1128 1143 1173 1233 1260 1298 1321 1360 1372 1388 1429 1467 1490 1521 1574 1576 1582 1583 1587 1764 2068 2083 2088 2089 2091 2124 2137 2152 2168 2173 2179 2184 2233 2246 2248 2380 2396 2414 2437 2443 2486 2493 2522 2525 2546 2557 2572 2586 2587 2628 2630 2663 2691 2722 2741 2743 2766 2836 2840 2852 2875 2953 2983 2985 2987 3001 3024 3025 3059 3073 3085 3092 3125 3126 3139 3142 3145 3186 3214 3217 3223 3239 3248 3259 3267 3272 3275 3279 3301 3318 3334 3336 3343 3348 3360 3375 3379 3381 3400 3406 3429 3441 3451 3454 3455 3461 3465 3474 3482 3484 3485 3486 3497 3498 3507 3508 
pressure_boundary 3 78
lv xi3=0 2 4 6 8 10 12 14 16 18 20 22 24 26 28 30 32 34 36 38 40 42 44 46 48 50 52 54 56 58 60 62 64 66 68 70 72 74 76 78 80 82 84 86 88 90 92 94 96 98 100 102 104 106 108 
rv xi3=0 7 9 11 19 21 23 31 33 35 43 45 47 
rv xi3=1 8 10 12 20 22 24 32 34 36 44 46 48 
fields 3
epi1endo0 0.0 0.5 1.0 0.0 0.5 1.0 0.0 0.5 1.0 0.0 0.5 1.0 0.0 0.5 1.0 0.0 0.5 1.0 0.0 0.5 1.0 0.0 0.5 1.0 0.0 0.5 1.0 0.0 0.5 1.0 0.0 0.5 1.0 0.0 0.5 1.0 0.0 0.5 1.0 0.0 0.5 1.0 0.0 0.5 1.0 0.0 0.5 1.0 0.0 0.5 1.0 0.0 0.5 1.0 0.0 0.5 1.0 0.0 1.0 1.0 0.0 1.0 1.0 0.0 1.0 1.0 0.0 1.0 1.0 0.0 1.0 1.0 0.0 0.5 1.0 0.0 0.5 1.0 0.0 0.5 1.0 0.0 0.5 1.0 0.0 1.0 1.0 0.0 1.0 1.0 0.0 1.0 1.0 0.0 1.0 1.0 0.0 1.0 1.0 0.0 0.5 1.0 0.0 0.5 1.0 0.0 0.5 1.0 0.0 0.5 1.0 0.0 1.0 1.0 0.0 1.0 1.0 0.0 1.0 0.0 1.0 1.0 0.0 1.0 1.0 0.0 0.5 1.0 0.0 0.5 1.0 0.0 0.5 1.0 0.0 0.5 1.0 0.0 1.0 1.0 0.0 1.0 1.0 0.0 1.0 0.0 1.0 1.0 0.0 1.0 1.0 0.0 0.5 1.0 0.0 0.5 1.0 0.0 0.5 1.0 0.0 0.5 1.0 0.0 0.0 0.0 0.0 1.0 0.0 0.0 0.0 0.0 1.0 0.0 
base1apex0 0.95 0.98 1.00 0.91 0.94 0.96 0.91 0.94 0.95 0.91 0.94 0.96 0.91 0.94 0.96 0.92 0.95 0.96 0.92 0.95 0.97 0.92 0.95 0.98 0.92 0.95 0.98 0.92 0.95 0.97 0.81 0.83 0.84 0.81 0.83 0.85 0.82 0.85 0.88 0.82 0.85 0.87 0.82 0.84 0.86 0.83 0.86 0.87 0.83 0.86 0.88 0.83 0.87 0.89 0.82 0.85 0.87 0.65 0.66 0.68 0.65 0.68 0.70 0.67 0.72 0.75 0.67 0.71 0.73 0.67 0.69 0.70 0.68 0.70 0.71 0.69 0.71 0.72 0.69 0.71 0.73 0.68 0.70 0.71 0.45 0.46 0.48 0.46 0.49 0.51 0.48 0.52 0.55 0.48 0.51 0.53 0.47 0.49 0.50 0.48 0.49 0.50 0.49 0.50 0.50 0.49 0.51 0.51 0.48 0.50 0.50 0.22 0.24 0.25 0.23 0.25 0.28 0.26 0.28 0.25 0.26 0.27 0.24 0.25 0.26 0.25 0.25 0.26 0.25 0.26 0.26 0.26 0.27 0.27 0.25 0.26 0.26 0.00 0.00 0.00 0.00 0.00 0.00 0.00 0.00 0.00 0.00 0.00 0.00 0.00 0.00 0.00 0.00 0.00 0.00 0.00 0.00 0.00 0.00 0.00 0.00 0.00 0.00 0.50 0.27 0.53 0.30 0.31 0.51 0.27 0.00 0.00 0.00 0.00 
c1x_off 1 1 1 1 1 1 1 1 1 1 1 1 1 1 1 1 1 1 1 1 1 1 1 1 1 1 1 1 1 1 1 1 1 1 1 1 1 1 1 1 1 1 1 1 1 1 1 1 1 1 1 1 1 1 1 1 1 1 1 1 1 1 1 1 1 1 1 1 1 1 1 1 1 1 1 1 1 1 1 1 1 1 1 1 1 1 1 1 1 1 1 1 1 1 1 1 1 1 1 1 1 1 1 1 1 1 1 1 1 1 1 1 1 1 1 1 1 1 1 1 1 1 1 1 1 1 1 1 1 1 1 1 1 1 1 1 1 8 8 8 8 8 8 8 8 8 8 8 8 8 8 8 8 8 8 8 8 8 8 8 8 8 8 1 1 1 1 1 1 1 8 8 8 8

stims: 200
