212.068610
502.206810
349.060900
771.196200
549.585800
256.180230
473.281560
495.682370
624.891340
487.705440
604.454980
671.897470
471.309160
235.592350
187.066360
494.741830
533.086890
445.038640
323.745440
272.373750
614.003900
752.783230
440.819940
360.219420
529.542030
468.618240
421.942510
483.900230
583.653800
615.760700
660.520210
493.792680
285.421540
209.352650
574.681850
464.541340
473.318220
467.725080
539.049090
636.789000
438.222310
456.225900
577.202380
490.551590
490.328850
555.111240
619.695340
543.451680
481.547730
255.977200
481.782040
331.682230
278.530880
473.513720
632.492290
543.005930
598.141670
504.908020
501.409980
266.466350
539.232670
555.315600
187.656920
528.879270
445.245010
629.188540
435.498280
538.526390
552.917830
464.072270
711.428420
546.399640
416.277520
454.005760
530.273630
696.629490
534.609490
723.778010
478.745910
498.831320
276.846350
481.453970
648.620360
456.487600
527.537540
482.831680
540.277620
367.101010
213.642190
320.646420
605.653650
611.851680
506.260560
657.017850
492.470050
470.686410
559.427240
585.421850
645.862780
560.049720
529.702080
372.406220
445.107630
583.634810
408.149660
582.904220
654.819580
598.408490
502.505470
642.285190
206.929030
512.453320
462.096790
604.898820
672.227860
517.745750
231.864730
318.393500
350.566550
399.172490
503.181350
331.675070
507.459530
225.396940
459.660660
530.907730
622.975430
550.807170
323.349130
639.405470
669.520210
438.046490
541.103850
444.989830
478.537090
157.186030
570.506980
545.600250
529.453710
469.507820
623.144050
274.887120
595.161870
518.648270
585.040250
637.234810
487.383010
406.611830
509.645640
325.829400
462.952360
464.701750
658.809520
452.315620
604.483360
266.736890
567.656310
637.321440
492.992890
299.475750
561.644910
576.094970
572.078760
359.485990
649.729320
535.377000
769.794790
259.507430
483.677120
545.994020
509.686010
677.431370
740.634850
493.681410
617.068220
493.711660
463.605720
593.992520
437.068000
573.948130
539.398320
492.913300
699.356210
515.022390
469.235940
513.269930
481.480380
444.724700
542.369890
337.758060
683.887650
549.636980
751.028900
422.001600
656.734420
468.374940
492.172540
524.529050
688.982270
610.129930
530.190520
242.784210
455.327250
513.043950
500.219000
646.508580
574.762420
615.558740
208.308940
443.579200
750.827510
219.101840
609.801940
510.732250
623.399200
625.388890
508.113560
677.355790
513.378870
898.000460
330.026020
444.128780
475.150070
497.436100
518.045780
573.391770
209.278580
372.263520
480.718710
768.601620
430.732700
360.596240
700.369180
562.993080
513.832220
514.829690
473.583420
564.526180
479.878780
614.342380
599.970260
208.671060
215.204860
443.094060
406.663460
397.521720
209.610110
489.907360
595.208390
441.944130
589.553960
445.315570
230.860630
492.572350
542.855210
483.764170
321.574410
608.768440
544.653280
481.748990
765.719590
509.051060
490.483170
242.638450
499.879680
580.814160
560.717630
501.331180
508.704670
775.213470
526.840880
519.766450
390.394480
181.848470
564.404080
507.764550
507.325160
600.958030
392.102270
310.407800
553.683550
501.628460
801.389440
727.501060
307.830080
304.958180
621.650770
453.510550
649.533330
525.356370
240.548710
431.923900
633.263390
479.161610
524.731140
482.208950
886.828040
552.857520
370.853580
568.395250
594.607560
642.318070
556.992330
505.784160
587.306010
478.860830
335.453940
515.780820
513.258250
570.486990
152.021950
564.624940
229.437860
431.408980
797.388890
516.405630
520.350180
503.895270
582.366960
564.194210
442.119140
494.854900
466.865000
561.451480
307.713500
480.299430
509.951350
401.534880
551.704990
596.612150
548.967890
383.456940
524.475050
480.080680
788.897200
508.364850
340.782600
503.443390
492.815210
438.968870
479.448210
524.475330
377.157930
447.161020
242.620680
375.487860
554.922160
208.399480
401.616360
455.918220
333.530130
536.753390
541.816780
488.971590
336.052830
481.176480
442.831270
607.182620
504.803690
542.554210
449.924450
267.628500
490.213890
624.088550
265.633130
513.624880
481.270590
478.312950
538.474050
504.564520
549.406550
557.458550
267.138690
736.005200
485.247870
586.048160
507.426370
675.038610
894.239460
295.411800
531.448970
582.867120
525.060330
619.714600
607.788070
579.186850
355.934180
206.090890
553.493640
503.532270
598.922690
625.084730
512.709610
537.743710
185.002000
483.388850
686.902060
551.343350
507.039430
262.065090
495.231640
202.703660
429.455950
480.507620
630.096710
522.589150
624.722110
580.636860
543.914300
479.976110
628.395010
537.844360
257.590090
631.343940
463.747950
505.289230
483.108970
202.048650
557.617020
552.631200
470.625250
558.496330
244.689570
436.329680
490.838800
198.169450
206.720410
544.252880
339.593910
575.448170
515.848130
563.999300
476.277560
488.424940
499.362420
327.651570
223.985430
605.952710
464.861290
278.027430
465.966320
256.542970
591.002180
529.784760
211.766760
515.377110
634.580540
487.651980
583.555990
351.566990
428.557070
546.904300
468.477050
656.993770
478.702150
531.146630
591.558810
591.815320
336.601470
597.370040
195.663940
488.968900
590.156610
563.328520
419.219370
497.123230
219.707690
267.547530
493.430150
419.563020
814.399560
201.056410
706.646860
866.864950
551.446500
600.639570
231.583230
517.803020
497.498910
516.246290
416.371200
639.907440
558.400680
589.184410
671.362570
626.299210
527.836030
570.348480
436.704300
498.032050
573.328060
515.645080
508.223370
499.446140
535.235850
495.717250
556.960500
609.262540
562.635830
229.506480
405.330960
494.841360
647.000800
664.945600
639.391490
508.518630
569.242750
205.224840
188.495480
540.792770
532.466940
335.337290
344.000910
509.725050
424.820730
608.510570
426.064850
530.599770
626.876580
535.281470
491.342860
521.138550
415.844540
226.275230
474.865770
485.763570
447.424670
459.339310
535.150070
440.399760
508.983960
506.973450
522.204280
366.163130
690.117950
542.017660
356.516280
591.691490
664.822730
245.083730
365.022350
246.378220
552.940180
596.383130
377.973730
520.239140
665.649610
602.769900
443.943280
518.058270
444.106120
605.769580
591.416700
671.912400
708.417540
556.459770
554.024170
193.252230
463.169490
617.803100
602.594270
391.297520
544.673870
566.747130
484.617280
713.197050
178.766460
618.846640
599.281140
204.864340
502.779030
534.514340
590.020260
469.311890
599.591350
551.567970
519.147960
586.316310
474.003990
607.907020
434.558810
705.228370
606.194850
446.897730
582.475960
460.598860
473.953150
520.306430
528.507850
394.380060
524.746480
763.484430
510.690500
477.303230
628.322170
591.548100
515.276090
496.073800
484.024750
531.346280
223.200320
355.402420
299.892020
577.313570
220.150490
536.937360
487.405230
495.971780
449.361730
582.348480
476.053190
715.385630
558.600380
463.302860
570.412060
471.579770
468.861210
530.786610
572.035500
322.504800
622.622040
593.916680
487.570050
527.126500
474.018880
476.746830
726.788880
537.327260
202.189000
613.090990
559.909530
470.982560
566.641220
465.404830
619.890540
709.543410
214.448670
505.829030
523.193150
275.308600
376.322750
220.925010
564.126240
523.365580
203.780460
435.894090
544.116590
287.453040
631.780650
565.369330
455.001650
678.417600
603.457500
449.726030
320.799530
470.176680
501.418830
507.201700
552.196730
190.744100
425.107100
432.273710
556.750010
582.815660
567.778280
504.669840
514.518080
508.679320
625.529100
657.363610
678.324150
587.909080
543.741080
480.984740
422.854980
358.402450
479.694910
518.509790
353.695390
174.515860
379.718990
600.018730
506.361880
560.522180
564.812260
474.041790
470.778210
560.261380
497.615790
524.792330
672.952550
565.213920
508.941730
450.572320
624.124890
578.118450
617.133550
489.137870
643.411690
473.864170
635.576980
546.966890
627.933100
599.463550
413.296450
479.388050
386.977900
661.901650
441.703850
418.989390
699.359780
622.236150
473.019470
191.472640
454.291980
536.869680
582.469120
493.258140
476.092340
645.782640
458.056930
509.195370
258.746200
293.199710
379.500170
635.690250
684.502470
518.360610
485.260810
503.337980
501.742200
598.015010
475.633200
569.931410
606.690300
551.427820
417.207390
641.083490
438.028400
554.516420
220.514610
665.695040
520.913900
634.373930
499.107830
484.779720
185.789570
375.106920
582.024140
271.813770
668.094250
532.258290
605.113020
505.995930
712.266490
267.680430
421.275440
543.019880
258.455220
481.449040
449.693780
591.716420
725.091820
563.119320
474.239940
443.098740
569.177390
558.126240
261.232360
686.385160
699.210260
625.561730
448.164710
207.207350
476.822270
562.873590
660.626500
335.970910
495.734390
209.395950
228.597340
615.660060
184.815760
517.039780
510.058650
538.675280
439.261810
609.215420
287.282910
659.302050
474.282730
304.354610
662.231680
539.660710
402.714470
493.323710
576.313680
489.069970
579.335580
688.856100
442.954710
425.993560
575.550090
565.343050
513.013760
437.685670
185.177980
695.776950
322.317300
257.367780
500.036290
477.867310
533.120200
226.099870
575.938320
497.282360
186.643530
186.055550
673.549450
596.596930
720.665160
498.888390
475.739010
343.445910
516.706270
512.937680
217.855870
696.120860
453.830340
678.935700
520.725820
623.707010
202.989180
356.723070
601.043380
