153.490210
314.415140
160.066190
379.865470
390.181640
163.010590
413.313960
315.757630
350.808290
403.350000
222.268280
429.196390
356.011230
165.248290
152.718330
404.767170
189.550490
164.558460
148.636340
178.263950
257.337300
181.744930
184.360210
201.112900
367.727850
288.686690
210.285340
172.754670
233.797860
208.681280
264.730130
408.895900
168.605260
155.142330
300.002180
285.656670
151.234920
199.486970
351.172890
386.622020
166.856370
337.905340
289.339940
378.259950
233.479310
350.344630
370.385680
186.953710
287.025100
161.074780
317.488130
154.698090
170.043570
388.364650
280.829760
400.275500
340.877210
291.661740
165.677240
196.055020
396.667190
241.732120
145.276330
295.445840
159.951940
273.702170
278.458400
339.756960
208.367390
342.703370
252.825730
418.829710
198.264760
391.067410
384.016320
259.566580
384.216010
256.109680
421.466680
401.926070
134.609670
420.409230
407.176400
349.515750
316.413070
172.150150
295.708470
151.117910
156.721950
162.047860
205.840300
376.113540
433.151500
431.522880
303.030510
180.432900
343.519840
417.817970
369.320240
385.755500
190.893800
218.970860
380.364980
196.390590
173.853730
352.356140
404.491680
408.880610
283.275390
339.337610
152.436180
244.351480
295.198420
323.533790
259.192190
164.048430
166.679020
151.716260
187.569400
161.811720
247.630540
154.476520
316.491280
149.995080
172.367560
426.877090
317.662710
425.056650
180.329030
243.559130
306.671590
265.985900
374.330790
303.897570
329.954940
132.814990
323.496470
425.486850
268.419650
250.656140
359.005930
170.769980
392.348680
230.389850
427.393680
332.256070
252.173140
190.650110
184.307670
154.404770
343.125960
323.682470
195.947650
334.192050
355.916600
181.931910
198.725420
339.903600
403.772480
165.462160
261.395050
409.945780
292.017170
200.166710
355.444840
397.480930
378.782240
159.110110
278.745930
335.017000
277.367050
275.569820
347.866050
186.287680
363.997260
188.441640
273.595460
425.983820
205.868710
269.113260
223.466050
184.390350
218.606680
385.592850
430.819490
296.786900
351.042960
189.016590
361.950390
171.059660
188.582400
319.027380
283.767570
243.609340
422.250470
264.759570
407.872300
320.469260
359.655930
297.427100
299.711100
185.126530
206.724830
402.059550
332.655900
175.108460
244.540860
292.239500
175.755570
172.795330
367.336830
132.951470
325.199900
387.484860
415.302350
312.572480
313.614970
368.914530
423.163920
394.078030
187.117830
224.684030
288.873060
249.919540
429.459760
311.385180
155.354400
222.016240
379.516710
206.326610
234.403100
159.137330
178.629920
396.223930
332.202550
262.429090
372.086700
404.498230
257.124630
385.291410
368.014010
157.647470
161.661200
199.325800
164.136280
183.459710
163.982240
271.700880
393.399890
251.091740
375.267950
170.661560
168.129420
162.377180
336.607680
179.771690
174.975730
316.455390
330.689860
424.164270
369.959300
403.938700
164.667650
127.954280
352.308400
237.733460
384.056500
213.731330
328.996200
472.486250
280.931990
177.894620
158.924610
145.853870
337.553800
302.483840
359.675280
332.203970
214.685810
166.584420
350.231940
244.014080
473.775200
381.224400
169.521360
148.269750
409.934910
297.874370
290.965270
434.889030
160.374420
158.483170
292.637730
272.953910
407.479980
438.665130
340.307600
209.069250
141.003650
405.588540
244.074960
388.019090
220.849900
283.470850
243.866390
227.473180
184.383260
227.553720
318.523010
384.461500
118.902090
368.560070
163.026770
190.320290
444.493120
343.322570
347.065800
273.359330
345.798000
323.750700
151.214110
252.836020
308.502870
373.317750
159.868000
288.647020
295.867100
160.834520
443.706250
405.606550
198.281650
261.919650
311.506760
132.353900
285.682090
421.654100
224.116100
242.858590
428.485600
277.488000
368.535880
422.759050
162.816720
163.156840
157.714140
200.049750
402.200830
141.217700
161.618330
264.421570
150.215100
375.112480
218.908060
354.172890
167.124840
368.186430
199.050190
377.787940
391.807140
387.904250
237.549960
190.457430
316.921820
360.431730
162.014820
242.279120
293.244990
405.201540
355.485400
219.497410
392.785830
299.519550
133.299400
323.800240
266.957480
212.515430
137.951010
331.917220
199.011570
159.317210
409.441340
409.190650
242.497040
258.742850
389.757340
424.833850
161.325540
171.710970
405.039610
372.380240
337.892040
298.588720
177.972600
361.882760
127.020240
391.645550
364.930460
271.761630
349.326980
171.280150
242.122460
165.122560
217.691500
421.222130
334.970720
363.443240
264.604310
182.542780
424.099800
252.261600
389.689550
202.785000
153.062730
256.442800
242.952500
433.254900
248.088170
158.500500
418.558750
338.088370
286.582170
364.090990
153.516910
185.091160
213.763120
160.120490
164.007490
221.816590
181.858370
325.207790
233.195840
241.858740
230.641770
386.885800
243.769520
244.923870
148.433050
275.450900
357.367970
157.962310
405.149260
142.463610
370.829270
317.985520
165.593460
430.680810
424.662960
353.229110
329.541810
169.701120
163.461230
350.442510
257.834310
290.438440
395.902650
227.119550
344.746810
309.915090
173.777270
348.210620
175.513110
325.685030
403.297380
237.316340
204.138730
320.964900
178.007260
158.043520
421.218940
205.852020
293.883900
156.644580
275.312050
298.225500
327.008580
235.550470
178.719800
369.468730
347.584760
268.399920
165.795440
420.024030
345.335260
312.927840
362.486070
300.952090
370.518210
368.658160
259.930010
313.525470
381.022370
355.319910
271.469140
196.675910
261.384140
371.516470
283.200420
322.541070
350.336870
152.612640
200.069970
359.139280
297.447610
276.337330
363.721340
236.688520
220.143230
141.259040
138.447450
238.251780
378.668120
248.115860
163.169210
312.833860
155.480580
327.500590
346.534490
220.107210
313.947920
402.956960
198.356820
293.804110
174.625460
139.621270
169.112360
239.482810
130.015650
189.701390
236.050750
169.584400
246.600960
314.017590
351.900800
228.395220
434.950740
344.056280
200.269890
351.071730
357.981750
190.904800
261.491910
147.107020
421.313910
410.589000
190.888920
360.317050
198.377780
287.039420
230.987700
293.820680
254.806140
205.544380
333.201210
421.212600
349.205470
380.754350
311.817170
157.036160
197.638740
329.440620
390.392620
163.326690
357.076450
408.796580
245.840400
314.186390
155.708730
402.227290
229.539220
164.598410
403.410900
221.646170
401.219640
208.063780
314.515690
300.120770
172.315000
290.718380
412.200660
315.495750
197.942320
422.202160
327.154870
239.861010
311.901830
258.338310
275.050580
407.426850
188.784210
165.340420
264.817920
343.180700
272.969350
316.560630
418.963450
285.780550
328.609010
393.685930
430.212740
393.410820
156.597620
153.175180
168.804680
240.845220
186.845960
299.873730
394.257640
363.304920
214.858990
408.122060
365.231690
428.708210
399.525750
192.277620
346.993220
241.351120
244.726860
363.316220
238.645190
156.623260
409.801780
280.051540
381.713210
429.207270
377.819590
218.484980
288.830430
364.247300
138.945920
303.806940
395.034140
332.145520
410.616480
318.404560
314.808180
359.576140
165.595980
283.694690
241.407400
148.798350
157.858460
158.212640
294.088500
378.625150
140.045340
240.694180
349.661200
164.357030
229.910700
429.826160
181.410740
417.562110
232.735760
213.741160
195.461580
226.571810
178.258400
379.376060
340.024880
168.224520
193.297510
164.863500
314.761100
434.075150
364.439930
317.331520
408.668050
384.032700
355.351670
268.772200
413.425530
245.487400
256.683150
399.983920
166.052020
203.079930
273.723800
240.919800
144.190960
134.578950
227.882500
332.737220
290.447190
263.699730
322.720610
171.232640
305.164450
419.175330
247.771840
368.353970
382.972880
279.862600
298.196000
312.138670
359.514820
378.662380
353.929580
255.855030
259.124430
322.356780
379.835060
310.054120
194.693960
368.806850
155.026390
299.292210
229.314970
362.701710
351.585880
202.038180
255.467280
304.670650
247.845060
163.603910
180.139540
270.161980
428.091810
178.825700
199.540630
399.397120
256.594180
306.491790
137.635860
204.216390
176.488010
395.072910
245.089790
428.428670
234.761030
202.772450
230.470970
349.231740
398.158350
297.733210
368.474750
287.703220
306.008420
304.620370
173.024930
330.805010
149.831300
331.418570
422.102070
413.070810
424.402830
208.454820
155.308080
159.645720
339.243800
157.377890
244.727570
285.183560
342.446470
236.433860
285.960090
166.764280
172.015040
265.758250
153.463320
438.203840
253.842750
276.800870
280.711930
339.609390
262.844300
175.042130
334.570440
410.270480
158.956840
418.526510
358.187190
361.908200
221.555280
155.743850
383.139730
416.811420
404.038990
182.188600
292.915880
169.307560
149.561650
258.549050
164.084580
367.751490
418.893580
226.272030
271.933020
381.446230
157.886780
412.474920
304.077920
152.646590
391.496160
386.862750
188.659240
163.263010
405.694140
417.419040
352.435740
323.473010
218.576040
212.337930
387.649050
411.508290
415.278900
280.620690
148.618760
239.981310
159.685360
167.606430
362.028730
346.576580
235.670390
174.904510
318.974430
242.885190
150.422850
156.880590
409.691030
386.626000
334.690530
423.384650
434.501910
163.991570
384.661640
343.159500
192.210700
370.891360
292.522630
381.771860
158.790930
342.669170
158.075380
199.470090
354.321350
