0.42602 2.9921 0.02476 13.883 0.30972 13.417 7.0677 1.218 1.4866 0.010574 0.1289 101.92 
0.72276 1.1999 0.035289 17.919 0.23134 9.7696 3.6805 1.5451 1.4551 0.016051 0.096919 150.01 
0.46108 4.1529 0.034876 19.491 0.47997 5.5315 9.201 0.61865 1.944 0.02121 0.067172 156.01 
0.52567 3.7063 0.035507 27.236 0.28326 11.737 6.8976 0.58119 1.1711 0.022881 0.10693 198.35 
0.51018 3.5749 0.038075 33.661 0.21912 9.9162 6.5012 0.68784 1.734 0.019648 0.10976 88.837 
0.15263 1.481 0.020311 5.9527 0.58333 8.605 5.023 1.0573 1.745 0.011823 0.095685 146.2 
0.5854 3.8711 0.028212 23.75 0.34466 10.942 5.0784 1.3473 1.5293 0.020932 0.11118 200.89 
0.71699 0.78043 0.028561 9.658 0.40143 12.661 8.8089 0.58656 1.4712 0.025043 0.06751 133.07 
0.44819 3.5546 0.043541 19.449 0.24745 12.267 4.3424 1.0443 1.8578 0.02076 0.14488 126.33 
0.12989 4.45 0.01276 11.479 0.45392 6.3158 6.5717 1.2892 1.3988 0.011441 0.097603 161.52 
0.21858 3.0797 0.028134 5.0565 0.49815 11.791 7.1891 0.99963 1.2237 0.023814 0.062617 170.43 
0.4921 0.71154 0.039917 31.412 0.51952 7.2662 7.9221 1.2612 1.4271 0.012645 0.066413 139.05 
0.089758 4.4168 0.0089456 4.044 0.58596 5.4126 8.5646 0.82821 1.1035 0.018611 0.13956 198.98 
0.19721 3.4391 0.025499 33.275 0.42584 12.57 9.2002 1.4609 1.4 0.02823 0.083619 195.17 
0.76321 0.81125 0.016278 20.989 0.58931 6.8673 4.7727 1.5301 1.1338 0.01719 0.11402 178.26 
0.16394 1.0576 0.044386 11.238 0.47805 8.2381 7.4452 1.0974 1.2311 0.019174 0.10134 118.58 
0.22824 1.1057 0.027661 19.831 0.25094 4.6608 8.4273 1.1955 1.5868 0.012159 0.072495 86.547 
0.65329 2.8672 0.019594 13.619 0.62203 8.8442 7.148 1.392 1.1429 0.010072 0.10288 161.89 
0.44089 0.51062 0.023903 17.734 0.62313 7.785 8.6841 1.3856 1.9821 0.012851 0.053292 200.26 
0.73916 3.8852 0.029383 28.559 0.21834 8.1144 6.7948 1.1492 1.9902 0.023704 0.071492 135.43 
0.47076 2.97 0.016328 18.655 0.59168 10.617 8.9074 1.2782 1.4928 0.023901 0.079104 119.93 
0.10297 1.5834 0.041177 3.4442 0.39 6.8776 8.9824 1.3496 1.1078 0.01003 0.12812 145.34 
0.68728 3.1779 0.028302 21.333 0.37048 7.426 8.5977 1.5847 1.9564 0.027372 0.11484 91.03 
0.28491 4.3912 0.015675 24.5 0.29201 11.533 6.0221 0.91646 1.1838 0.015591 0.10501 168.95 
0.70555 2.3471 0.03043 25.33 0.46787 11.011 8.7794 1.2367 1.8171 0.016084 0.061608 117.58 
0.61509 0.72547 0.013538 31.148 0.62401 8.0043 9.2281 1.2913 1.73 0.027161 0.13421 170.65 
0.012573 1.8528 0.044173 17.723 0.45834 9.7782 3.6345 1.308 1.9202 0.024713 0.055746 100.73 
0.65163 0.9436 0.024799 30.365 0.54147 12.822 4.7027 1.1876 1.7848 0.017576 0.10153 156.86 
0.78318 2.8433 0.015839 31.721 0.62876 12.143 7.7315 1.1291 1.6746 0.020247 0.14962 138.66 
0.020204 4.0658 0.017252 18.102 0.33491 9.4877 9.3014 0.59792 1.9111 0.011466 0.13706 146.34 
0.06101 3.1863 0.021834 23.72 0.45631 4.9769 8.0314 1.5507 1.6051 0.018078 0.08493 120.89 
0.23683 0.65296 0.028032 21.403 0.24945 7.3834 7.6041 0.81607 1.1297 0.014807 0.10331 123.98 
0.7894 1.1086 0.027781 18.741 0.32068 4.9155 7.59 1.184 1.6582 0.023505 0.12038 180.6 
0.27322 1.7317 0.039334 32.885 0.4394 12.698 5.4667 1.0395 1.8879 0.020875 0.064328 132.66 
0.66599 0.80646 0.016305 23.184 0.6039 10.548 3.7007 1.6055 1.2731 0.013535 0.14278 195.7 
0.66707 2.1117 0.022988 5.0712 0.38777 9.3917 3.4904 0.75353 1.965 0.023037 0.064521 113.71 
0.55613 1.8096 0.029682 15.099 0.55725 12.207 6.1064 0.86537 1.4973 0.01267 0.10491 196.07 
0.24229 3.3994 0.023047 27.276 0.51475 11.667 9.2216 1.267 1.405 0.018163 0.10595 139.93 
0.23146 1.1362 0.025952 32.498 0.39823 10.206 5.7662 1.5951 1.1642 0.011955 0.060644 186.3 
0.27987 2.8132 0.040554 4.1435 0.53001 6.9288 5.7582 0.80636 1.6853 0.02617 0.050634 149.75 
0.606 3.6467 0.010799 15.678 0.28568 5.7662 7.6252 1.6322 1.4491 0.021418 0.092187 203.39 
0.51506 2.6154 0.021087 13.507 0.5886 11.607 9.0607 1.0497 1.5297 0.018048 0.054783 117.06 
0.27008 2.6583 0.013988 20.144 0.27419 7.661 6.9075 0.69366 1.3189 0.013406 0.077637 152.46 
0.3305 2.5121 0.016369 32.239 0.51113 9.4348 3.9212 1.1245 1.8338 0.025468 0.12012 162.81 
0.46648 3.8176 0.02878 0.74118 0.39587 7.8625 6.8354 1.3666 1.8016 0.010101 0.059838 114.62 
0.38385 3.2407 0.018281 8.2885 0.61753 6.4292 6.5545 0.77879 1.9716 0.026799 0.11674 165.06 
0.16585 3.7896 0.043658 20.551 0.56753 12.333 7.7522 1.0511 1.1465 0.020903 0.12943 142.87 
0.53963 2.3406 0.0097289 3.1345 0.52823 5.8912 6.7402 1.2437 1.9195 0.020202 0.069221 85.042 
0.60469 1.5126 0.027894 29.706 0.53064 6.499 8.3581 0.59261 1.6026 0.025684 0.14567 91.647 
0.36969 2.1356 0.01148 2.811 0.28917 10.395 6.145 1.173 1.8606 0.022524 0.077523 97.861 
0.64841 4.4048 0.021991 22.321 0.45016 8.3505 7.4158 1.4621 1.5777 0.021268 0.082845 153.87 
0.80163 4.1726 0.011052 1.1252 0.61587 6.9796 7.1236 0.59079 1.8313 0.01553 0.084053 127.54 
0.61455 0.94939 0.02521 18.609 0.57443 7.6801 9.1479 1.4103 1.872 0.014698 0.096425 94.002 
0.54264 1.6403 0.015598 9.7627 0.24791 5.7413 3.4758 0.64282 1.8242 0.014187 0.13238 97.524 
0.025447 2.608 0.036845 31.196 0.3415 10.669 4.5297 1.6024 1.2294 0.026613 0.055991 145.72 
0.074284 4.19 0.013369 27.029 0.27658 7.8127 8.6678 1.305 1.9402 0.0095393 0.053068 184.45 
0.52193 1.4551 0.0086711 26.448 0.23413 11.716 6.2749 1.5862 1.2036 0.014483 0.11715 151.88 
0.74427 3.8376 0.019214 22.532 0.37973 7.5427 4.8354 1.1433 1.9183 0.025255 0.14204 153.83 
0.22009 0.98993 0.025897 32.135 0.22417 6.8448 5.1594 0.84436 1.1785 0.019737 0.076495 122.72 
0.43099 4.2631 0.018305 3.039 0.56867 6.8522 4.635 0.80475 1.223 0.010661 0.080295 160.56 
0.12597 2.4288 0.016826 8.4448 0.50132 7.4412 9.0147 0.70257 1.4644 0.016432 0.061991 157.4 
0.15072 3.4857 0.012581 13.256 0.61673 9.954 8.821 1.2449 2.0002 0.021995 0.13859 168.17 
0.31461 3.3089 0.015401 16.719 0.25672 8.0631 5.4627 1.5621 1.5661 0.024777 0.13933 175.28 
0.56254 1.3494 0.044802 27.138 0.45586 10.41 6.2052 1.0055 1.6023 0.023866 0.057934 108.44 
0.72909 1.2128 0.030669 12.002 0.51166 5.5989 8.0999 1.3772 1.6523 0.015622 0.053833 173.04 
0.69696 2.9754 0.033215 7.3253 0.52461 5.6112 6.3712 1.0809 1.6113 0.015972 0.093213 117.49 
0.65413 1.1178 0.029712 8.3768 0.47027 11.044 3.4668 1.5521 1.5096 0.021832 0.13884 137.89 
0.3866 2.9148 0.040858 15.134 0.34705 10.257 8.5193 0.62039 1.0862 0.012282 0.067251 161.64 
0.34561 1.7943 0.0083388 13.226 0.52792 12.759 7.4919 0.90469 1.4421 0.014368 0.10758 119.73 
0.65646 3.3049 0.029454 21.759 0.48154 9.1911 4.8092 0.75244 1.2057 0.0187 0.10209 107.33 
0.0017235 0.82957 0.027486 14.201 0.22204 7.3141 3.7221 1.2735 1.6142 0.021463 0.079468 203.66 
0.22678 2.2987 0.010731 12.724 0.59402 10.126 9.0283 1.1464 1.2739 0.026185 0.091311 96.783 
0.31924 3.0732 0.025597 13.095 0.50828 12.626 7.5156 1.2503 1.4139 0.026755 0.089425 98.762 
0.72562 1.2087 0.0083845 19.512 0.5583 6.346 3.3457 1.158 1.3693 0.019507 0.068262 184.32 
0.27682 2.0539 0.044869 10.302 0.22842 9.309 8.3522 1.5438 1.5613 0.026716 0.093264 151.29 
0.25926 2.186 0.011327 13.86 0.36827 8.6953 3.7786 1.2625 1.2748 0.013828 0.10924 182.44 
0.10471 1.6285 0.042103 28.271 0.46338 9.0457 3.3648 1.5667 1.0829 0.019021 0.10022 147.15 
0.6348 3.6531 0.042384 2.1731 0.38199 11.089 5.5668 0.97131 1.5589 0.015189 0.10569 110.72 
0.30658 4.3217 0.021655 1.8088 0.54633 7.9184 3.8424 0.91532 1.9481 0.011127 0.097788 157.24 
0.4877 3.5469 0.009099 9.2431 0.31013 9.8217 7.2665 1.2643 1.3147 0.016879 0.06858 185.96 
0.011839 2.8356 0.035919 15.166 0.3021 8.2172 4.1918 1.5758 1.7397 0.026491 0.065642 127.84 
0.3986 2.828 0.0099225 14.544 0.36659 11.446 7.0469 0.72463 1.1567 0.027523 0.11843 129.47 
0.26369 1.6678 0.040604 25.408 0.51533 11.548 7.4848 1.2797 1.1735 0.017714 0.051549 155.31 
0.27435 2.2661 0.041368 25.181 0.55359 11.981 8.9601 0.89229 1.3178 0.010966 0.053729 106.13 
0.49085 3.1807 0.016466 29.829 0.30699 8.823 5.9827 0.95359 1.7188 0.013132 0.12401 148.06 
0.67641 4.2212 0.039567 4.7707 0.36227 11.888 7.4525 0.55646 1.3562 0.027193 0.063675 116.74 
0.69212 3.8949 0.018841 17.301 0.57224 8.9254 5.3487 1.6482 1.6074 0.022702 0.081678 88.991 
0.023421 3.5194 0.032068 11.086 0.50581 11.387 3.5588 1.2261 1.3108 0.02515 0.052246 198.27 
0.67822 4.4579 0.037712 18.025 0.57877 8.2535 5.1857 0.66693 1.5131 0.021302 0.074735 179.92 
0.30965 1.5571 0.014791 30.557 0.21548 7.6917 5.0298 1.4487 1.6856 0.022788 0.051691 163.82 
0.30355 2.3114 0.013005 2.842 0.27398 13.358 5.2539 0.97808 1.2498 0.023774 0.053967 87.435 
0.52951 2.9678 0.037245 5.7384 0.29751 6.7464 7.953 0.96834 1.2866 0.0131 0.079636 140.27 
0.539 0.76225 0.039306 29.675 0.39379 11.58 6.5885 1.4589 1.4907 0.018551 0.069292 197.62 
0.69071 4.332 0.03329 1.8743 0.41699 5.9064 8.2443 1.0157 1.5138 0.020101 0.13523 93.461 
0.29786 3.4154 0.020287 33.504 0.55271 7.7305 5.8876 1.3139 1.4598 0.022834 0.065605 176.57 
0.3486 4.2787 0.017111 0.19537 0.42299 10.781 8.2871 0.77478 1.9446 0.023927 0.13262 134.04 
0.054967 2.5869 0.044494 29.968 0.27166 6.0332 8.556 0.851 1.7364 0.028272 0.10441 163.99 
0.67252 2.3043 0.016855 20.044 0.34112 7.8667 3.4942 1.5026 1.7551 0.026445 0.10622 161.07 
0.8189 1.0092 0.040119 28.015 0.27999 9.0693 7.6622 1.1171 1.87 0.014715 0.087369 147.87 
0.64788 4.0203 0.037814 28.625 0.46171 6.1567 6.9955 0.79936 1.7964 0.027221 0.060056 172.35 
0.28309 4.4456 0.026487 25.594 0.22808 11.862 7.3478 1.0337 1.4848 0.01068 0.05541 156.63 
0.82543 2.1727 0.019545 15.887 0.57921 5.2238 8.5091 0.70271 1.2595 0.017235 0.098856 196.98 
0.73351 3.4616 0.019032 11.408 0.39564 13.163 3.1489 1.2075 1.6256 0.020353 0.10625 193.79 
0.54504 2.6376 0.012425 7.8602 0.24841 12.925 7.9819 0.5695 1.9723 0.028387 0.055008 120.78 
0.17762 4.0836 0.032664 25.005 0.42047 6.7894 5.0837 1.252 1.2978 0.021784 0.074431 162.19 
0.63715 1.2945 0.024734 4.206 0.58133 12.553 5.3064 0.91403 1.7834 0.024435 0.074067 190.01 
0.45936 0.87522 0.027481 1.7275 0.25211 13.443 8.9354 1.3608 1.9393 0.017672 0.11689 178.68 
0.47412 3.0286 0.033016 33.091 0.41386 7.603 6.6277 1.5742 1.9042 0.024372 0.11607 184.55 
0.52139 1.5294 0.041025 30.96 0.44253 8.9094 6.3078 0.98442 1.2485 0.023635 0.088269 115.67 
0.22588 2.2629 0.044147 20.018 0.58171 13.381 6.51 0.82279 1.8857 0.027947 0.063578 99.122 
0.77171 2.1883 0.032906 15.793 0.22769 5.6777 7.3704 0.89306 1.1581 0.01705 0.082179 88.059 
0.50712 3.0653 0.04384 9.5633 0.49124 9.1133 9.2836 0.73817 1.4805 0.026737 0.083257 113.3 
0.57491 2.7149 0.026068 14.703 0.24498 13.329 4.3712 0.72699 1.5455 0.015954 0.11648 109.46 
0.047176 2.2045 0.029081 0.36808 0.48112 7.1648 4.5158 0.62756 1.5218 0.027347 0.055576 173.33 
0.57111 4.2587 0.016014 24.916 0.55767 13.191 4.0599 0.65363 1.3459 0.019596 0.0787 150.4 
0.72702 3.0667 0.031605 30.06 0.53403 8.0432 7.0913 1.3518 1.1961 0.014094 0.056957 152.98 
0.46548 1.1434 0.04165 24.111 0.34563 11.349 3.2264 1.1216 1.821 0.012891 0.058912 107.58 
0.68773 3.4098 0.018415 13.454 0.37757 13.251 8.34 0.80416 1.2099 0.017292 0.053192 123.73 
0.051501 2.4394 0.024084 20.921 0.59289 10.557 8.2418 1.2117 1.7463 0.019532 0.092048 95.12 
0.83405 3.6617 0.019269 24.232 0.2149 8.1247 3.4342 1.6287 1.708 0.026944 0.1441 98.55 
0.41629 0.89663 0.030606 20.369 0.48401 11.225 7.2403 0.94864 1.8241 0.0143 0.12492 112.04 
0.11475 4.355 0.030689 16.889 0.61086 11.244 5.1325 1.1441 1.9609 0.022365 0.10934 95.54 
0.65721 2.0365 0.038283 2.2448 0.22731 13.126 7.9318 0.56092 1.6841 0.015713 0.14744 176.85 
0.7418 3.5622 0.012244 33.591 0.51635 11.656 5.6629 1.2536 1.7326 0.024014 0.11061 186.49 
0.82194 4.3975 0.02796 20.266 0.35682 4.8887 3.6222 1.2096 1.1191 0.020879 0.14149 86.707 
0.2103 1.6628 0.039469 2.8577 0.53269 5.1104 8.9684 1.6452 1.2075 0.017075 0.072715 150.51 
0.72054 2.0136 0.044308 13.683 0.29427 11.365 7.1774 1.0851 1.8202 0.0096097 0.14871 111.36 
0.35343 0.95908 0.010833 23.65 0.29148 11.121 5.9961 0.79701 1.3687 0.011181 0.083187 101.58 
0.06063 3.7279 0.015399 17.12 0.24223 5.7542 4.6152 0.66547 1.7849 0.017407 0.083717 179.29 
0.80804 1.783 0.013946 14.745 0.58822 6.972 5.4071 0.72081 1.4783 0.021807 0.096148 93.127 
0.23828 1.1616 0.033549 28.347 0.32147 6.7637 3.3921 0.70026 1.5254 0.019551 0.1269 151.54 
0.58036 4.4007 0.032442 16.369 0.55508 5.5861 4.8496 0.6664 1.8479 0.025124 0.097659 127.13 
0.58256 1.3518 0.038117 25.055 0.46483 8.5112 5.8197 1.295 1.2855 0.013207 0.10874 146.87 
0.33561 3.0484 0.038234 22.896 0.50398 4.7138 7.706 1.5112 1.428 0.021762 0.12511 106.54 
0.75193 4.143 0.012312 12.797 0.46067 6.0617 7.6113 1.3907 1.7431 0.015745 0.14534 143.88 
0.22077 3.6129 0.011659 29.114 0.58024 9.7944 9.0252 1.3335 1.9806 0.022976 0.13408 160.17 
0.73521 2.5201 0.019656 14.332 0.26057 8.0759 7.8289 0.64837 1.6812 0.018894 0.13018 107.65 
0.11659 2.9374 0.014457 6.074 0.42949 9.3452 3.5439 1.1942 1.5513 0.028062 0.12084 194.16 
0.11132 1.8758 0.032565 27.097 0.31904 12.238 5.0656 0.59963 1.8872 0.024089 0.14396 128.07 
0.2982 2.1959 0.01482 28.853 0.43656 8.7347 5.3311 0.86803 1.4687 0.011616 0.10582 102.35 
0.80529 1.8619 0.020027 32.353 0.45467 4.9248 6.1078 1.2854 1.1067 0.026679 0.11526 158.38 
0.40776 2.1621 0.035062 19.376 0.39727 6.9005 8.5152 1.4265 1.4616 0.017144 0.14698 183.95 
0.26334 3.1433 0.030545 7.7287 0.50742 5.7288 8.9918 0.57757 1.8951 0.010166 0.073785 96.137 
0.6 3.7849 0.026036 1.3044 0.44054 12.124 6.9379 0.5627 1.2905 0.017431 0.082965 188.01 
0.82286 2.6483 0.020765 10.704 0.28244 6.6692 5.9541 0.71244 1.6269 0.013777 0.067457 118.13 
0.29661 4.2405 0.030247 12.671 0.48673 12.563 9.3664 1.216 1.4413 0.016028 0.086628 125.35 
0.37829 4.3562 0.017378 29.302 0.61057 7.4663 7.9472 1.4452 1.6703 0.015306 0.054949 174.94 
0.69937 2.5605 0.030353 8.0249 0.59587 12.518 9.039 1.4524 1.3888 0.023305 0.080117 97.143 
0.55957 1.881 0.042553 17.051 0.43957 10.818 5.3111 1.1605 1.2939 0.023955 0.06182 85.883 
0.022951 1.026 0.038179 6.1317 0.40755 7.0843 8.2768 0.66071 1.7511 0.013638 0.090625 99.725 
0.044818 2.7475 0.029281 29.173 0.30896 12.886 6.6539 0.71747 1.537 0.013444 0.05776 111.49 
0.56886 4.0566 0.032972 6.6955 0.33031 11.899 5.8095 0.6169 1.5539 0.013318 0.14022 130.1 
0.60841 1.6573 0.024426 14.273 0.42817 12.315 5.7132 1.6373 1.9703 0.011486 0.061412 144.82 
0.37908 1.9961 0.031669 32.429 0.4847 11.989 6.7282 1.1611 1.6483 0.0095733 0.071806 119.65 
0.1817 3.1737 0.041758 3.7639 0.3912 6.8164 5.5372 0.97356 1.6624 0.024683 0.11595 147.5 
0.62653 0.82483 0.035355 27.623 0.57123 5.805 4.0518 1.6492 1.4875 0.013204 0.093032 166.15 
0.4872 2.5678 0.013501 5.1627 0.24103 7.7674 5.3288 1.1088 1.2917 0.016277 0.13564 184.79 
0.7468 3.3923 0.010223 16.955 0.58226 10.861 6.9258 1.0029 1.3345 0.024325 0.073685 162.95 
0.72659 4.1195 0.022666 10.132 0.35124 11.638 7.0555 1.2554 1.6785 0.027138 0.062726 194.85 
0.42517 4.2025 0.014911 2.4037 0.38738 7.639 3.9582 1.5148 1.3309 0.020632 0.1338 108.33 
0.71137 2.8772 0.024701 21.554 0.54017 11.468 4.449 1.1668 1.6298 0.014747 0.10056 162.79 
0.77831 1.0407 0.01119 1.9504 0.24612 9.6858 7.3592 0.90944 1.0922 0.024872 0.052004 100.16 
0.6811 1.2862 0.03664 20.415 0.56219 8.1003 3.5286 1.1058 1.567 0.027464 0.086898 179.89 
0.13278 2.7726 0.016613 19.106 0.47226 11.7 7.8611 1.4955 1.7043 0.009694 0.065362 131.64 
0.34716 1.496 0.012643 17.812 0.24523 9.4063 5.7248 1.3963 1.5361 0.01983 0.056056 89.659 
0.14052 1.4463 0.022888 27.712 0.53692 12.754 6.334 0.90811 1.1048 0.01972 0.11354 190.21 
0.76987 2.062 0.036692 24.287 0.46574 12.454 6.4174 0.98599 1.7139 0.012316 0.099869 192.1 
0.1251 3.0889 0.044984 14.367 0.48339 10.298 7.4053 1.1656 1.3053 0.016481 0.11775 160.81 
0.45212 4.1678 0.042934 25.456 0.26964 11.309 6.7659 1.5344 1.8998 0.015351 0.1454 195.47 
0.22864 2.3804 0.019938 28.813 0.37413 4.6826 4.5651 1.4209 1.7926 0.0164 0.14027 201.6 
0.10683 3.1146 0.032625 25.888 0.37542 4.7718 3.6948 0.64747 1.3484 0.021918 0.13677 149.55 
0.68074 1.1753 0.028407 31.77 0.43785 12.029 8.8758 1.4687 1.6773 0.013861 0.10789 194.53 
0.4622 2.1299 0.037431 2.6739 0.57664 12.509 6.9429 0.84629 1.8099 0.027624 0.094361 119.31 
0.29566 2.3261 0.020069 32.29 0.28514 12.981 5.2483 0.6712 1.7381 0.014401 0.13102 158.56 
0.013554 2.4979 0.0099627 7.9967 0.26763 5.9325 7.6575 1.1206 1.1521 0.020424 0.097255 188.99 
0.76619 1.338 0.033767 2.3629 0.26372 6.758 4.7104 0.7841 1.8566 0.023775 0.11579 174.71 
0.59715 0.95124 0.035531 21.673 0.44386 7.698 3.6496 1.1389 1.1646 0.021332 0.051245 189.76 
0.81284 3.3461 0.04251 20.584 0.41289 10.993 3.3149 1.4257 1.8387 0.018183 0.13299 182.14 
0.16697 3.3596 0.043272 0.29159 0.50057 5.5118 3.7437 0.69139 1.2117 0.010284 0.1268 199.79 
0.14531 1.1774 0.018716 28.205 0.54103 11.928 6.7845 1.5583 1.1881 0.013148 0.13544 186.89 
0.69823 3.5639 0.045167 0.60139 0.28951 11.788 9.0994 1.4729 1.7154 0.010463 0.14682 143.69 
0.3204 2.6219 0.017585 23.259 0.21873 11.688 7.251 0.662 1.2362 0.021091 0.12397 161.4 
0.22419 2.2457 0.010388 1.6813 0.55117 10.628 7.4335 1.0296 1.232 0.02275 0.13467 124.99 
0.40907 4.2513 0.038008 24.145 0.37847 6.7153 6.435 1.5457 1.9789 0.012959 0.10845 109.35 
0.31721 2.8629 0.0414 23.398 0.23823 5.4445 3.7125 0.97756 1.9889 0.026466 0.11948 155.08 
0.49663 1.9026 0.017526 14.961 0.61376 13.3 9.0843 0.74091 1.8514 0.024964 0.064701 87.164 
0.43863 1.5501 0.037578 15.35 0.29347 11.418 6.3128 1.2332 1.6903 0.012089 0.1295 170.74 
0.35877 3.4232 0.023947 0.38479 0.36288 6.2908 7.8388 1.4129 1.7594 0.024068 0.079528 91.172 
0.47543 3.6435 0.035937 32.987 0.44502 13.27 5.9453 1.0251 1.3276 0.022485 0.071993 145.01 
0.40173 3.924 0.014606 33.015 0.26015 8.9826 4.8662 0.57106 1.4191 0.022391 0.050454 149.09 
0.16918 1.3237 0.03148 31.347 0.30171 9.6603 3.2682 1.5375 1.6599 0.011911 0.050968 109.83 
0.31051 0.61315 0.031739 10.609 0.32317 6.1081 3.9024 0.86051 1.2827 0.023076 0.11613 113.64 
0.3967 2.6272 0.0093512 21.882 0.35773 13.262 8.0567 1.0655 1.4886 0.014669 0.13399 119.18 
0.33272 2.6712 0.010099 14.613 0.49329 5.0538 8.9208 1.5042 1.4893 0.019318 0.13284 130.9 
0.8244 4.1309 0.017669 28.319 0.30835 9.0601 8.9532 0.97342 1.2974 0.016249 0.063452 166.94 
0.73287 1.1288 0.0092866 27.81 0.36186 10.306 7.5766 1.497 1.4032 0.025295 0.10969 133.43 
0.52455 2.6188 0.02274 1.6442 0.26353 7.5708 3.7334 1.4219 1.4742 0.013379 0.11917 103.56 
0.2761 4.2947 0.025791 23.302 0.4766 6.0259 8.8002 1.3487 1.7056 0.01872 0.088583 189.25 
0.52658 2.4503 0.032288 17.207 0.4387 9.5682 5.4771 0.56417 1.9919 0.023742 0.14352 154.61 
0.15886 0.78784 0.017659 27.858 0.31691 6.3709 7.1296 0.63484 1.3515 0.021396 0.090346 144.64 
0.15696 3.0948 0.022636 11.655 0.38042 7.5898 7.4789 0.58172 1.2789 0.014881 0.10463 170.31 
0.49413 0.97851 0.04288 14.091 0.31935 5.3213 6.856 1.4411 1.1454 0.016926 0.071522 164.67 
0.28194 2.917 0.031541 33.62 0.24071 6.5602 3.4609 1.4991 1.8115 0.021013 0.092372 142 
0.75349 1.0028 0.014097 20.236 0.31175 13.47 8.8933 1.3832 1.3343 0.012178 0.077108 93.549 
0.59948 3.9358 0.020801 10.887 0.55674 9.7421 7.6518 1.5814 1.4223 0.022235 0.12151 154.11 
0.024298 0.56153 0.013848 6.7837 0.33127 8.7547 5.3572 0.83468 1.4206 0.012074 0.065022 90.149 
0.35003 1.2474 0.043356 15.469 0.22078 8.4314 3.5932 1.4893 1.1552 0.013819 0.097976 157.04 
0.0051878 3.9343 0.03624 21.648 0.6057 7.4727 5.4873 0.76996 1.2622 0.027027 0.14234 131.75 
0.1493 3.7546 0.021109 8.9315 0.62038 5.4608 3.8803 1.4075 1.3568 0.024158 0.095042 198.87 
0.102 4.1154 0.035778 5.655 0.40803 12.828 4.6957 1.5924 1.6731 0.028345 0.14052 143.91 
0.094998 0.70116 0.021957 28.069 0.21684 7.0242 6.1539 0.5671 1.2096 0.015821 0.12879 122.93 
0.29995 1.0772 0.040203 31.484 0.3849 12.355 4.3304 1.6176 1.8711 0.01033 0.094095 124.79 
0.19782 1.4686 0.013169 0.78892 0.54406 8.8136 9.073 1.0902 1.3259 0.015861 0.10683 137.46 
0.3053 3.3874 0.043614 25.871 0.59977 9.5943 3.3741 1.5978 1.7995 0.016724 0.14077 185.48 
0.29516 3.9175 0.022163 16.516 0.42339 9.5308 8.4193 1.2401 1.8562 0.023165 0.13777 125.85 
0.048951 1.3764 0.016732 27.973 0.31578 10.925 4.0892 1.1674 1.4221 0.027612 0.12977 120.28 
0.75149 4.2321 0.043025 3.3011 0.48205 8.6455 4.5577 1.511 1.2189 0.023203 0.097213 107.22 
0.54783 2.7039 0.037838 19.753 0.22528 8.7863 6.4558 1.2754 1.7492 0.020591 0.060335 200.12 
0.40816 2.0455 0.014021 26.781 0.3009 4.8612 8.0029 1.0353 1.6615 0.016996 0.064244 157.89 
0.64747 1.3077 0.015173 0.56279 0.33743 10.165 8.6645 1.6472 1.4086 0.022073 0.14705 157.72 
0.16258 3.6511 0.037372 16.543 0.54896 12.402 6.9941 0.93692 1.0816 0.017167 0.11568 105.13 
0.23867 3.7206 0.033072 21.432 0.52355 9.9942 6.4684 0.96352 1.1719 0.014215 0.11289 185.07 
0.64109 1.4331 0.042267 25.669 0.47978 11.87 6.1187 1.2135 1.9498 0.01227 0.1019 203.06 
0.62348 1.9527 0.032457 24.424 0.38586 10.189 5.922 1.4941 1.9618 0.021371 0.070421 124.37 
0.23593 3.8939 0.01988 22.99 0.49956 8.3234 6.4766 0.74435 1.355 0.026586 0.066213 188.58 
0.34507 1.8118 0.043124 12.389 0.42104 11.333 8.2612 0.55448 1.9261 0.017793 0.085873 163.23 
0.57195 1.7089 0.0091433 30.922 0.33423 4.7019 8.527 1.0182 1.9951 0.027982 0.076518 127.28 
0.031125 1.9118 0.024399 24.963 0.21401 5.6613 5.501 0.62559 1.5236 0.019948 0.1166 182.02 
0.32649 2.9482 0.042447 31.293 0.35119 9.0144 5.229 0.88377 1.8494 0.025778 0.07562 152.59 
0.058904 4.1228 0.021256 6.4403 0.35181 8.4829 6.2175 1.0316 1.6547 0.015694 0.070249 176.19 
0.3882 4.0302 0.017342 11.363 0.47733 11.762 5.782 1.3398 1.2221 0.028102 0.12927 128.69 
0.55264 3.9147 0.033986 30.755 0.23579 4.71 3.7756 1.566 1.1273 0.025702 0.1037 164.32 
0.21709 2.6504 0.032185 6.9786 0.4793 6.4868 9.1837 0.56817 1.8735 0.025529 0.091967 113.99 
0.64177 1.5666 0.041505 33.148 0.28443 6.3802 4.7495 1.4716 1.5081 0.026891 0.12107 196.15 
0.15623 0.45128 0.027828 9.065 0.55147 11.028 8.5408 0.85162 1.199 0.01784 0.080534 135.42 
0.65229 3.2472 0.023155 14.842 0.34261 12.862 7.7704 1.1383 1.2019 0.023401 0.14171 186.23 
0.087357 1.5376 0.044731 10.737 0.24192 7.4186 7.9731 0.81396 1.2515 0.016959 0.13352 157.79 
0.205 1.4516 0.021577 13.595 0.45079 5.5779 8.3036 1.2716 1.437 0.010238 0.137 153.57 
0.53492 0.62296 0.011073 16.569 0.31298 9.179 5.4262 1.1789 1.7346 0.01324 0.061333 175.83 
0.30788 3.3032 0.040635 29.411 0.40226 12.205 3.4052 1.1535 1.7249 0.026114 0.084771 155.77 
0.018772 0.9097 0.03342 5.6885 0.48085 13.074 7.6322 1.4163 1.5534 0.016891 0.10404 128.16 
0.026465 1.2143 0.037958 4.7551 0.56321 7.2938 4.7895 1.0612 1.7009 0.024127 0.079311 109.99 
0.83042 1.9395 0.039648 3.886 0.37639 12.24 3.3835 1.0362 1.8757 0.009834 0.10612 203.17 
0.49872 4.1583 0.02707 21.28 0.27815 10.902 4.5801 1.52 1.5721 0.010823 0.0811 151.06 
0.76923 1.6991 0.043009 5.1178 0.33957 4.846 6.1821 1.5004 1.2015 0.013159 0.14841 196.47 
0.13396 1.1847 0.011577 8.9295 0.37178 5.5493 4.3052 1.619 1.9928 0.013987 0.057234 193.4 
0.26002 4.3291 0.040677 22.091 0.25175 11.209 6.6126 1.5271 1.1171 0.023274 0.086335 92.612 
0.7608 3.5454 0.028182 9.1436 0.34354 9.9068 5.6908 0.78727 1.6181 0.020572 0.1212 128.92 
0.1831 1.096 0.039899 2.2009 0.44549 10.868 7.0048 1.1119 1.2989 0.011222 0.10947 123.33 
0.14444 2.873 0.013558 22.016 0.26464 5.2522 4.0133 1.6277 1.6506 0.010774 0.12273 159.23 
0.47885 4.2123 0.026648 3.734 0.516 4.5892 8.0836 1.6436 1.0957 0.013492 0.076761 173.77 
0.49799 3.0215 0.015958 30.738 0.49475 7.1441 3.6018 0.68072 1.1125 0.0097465 0.095618 196.38 
0.50746 1.7783 0.014558 4.3978 0.32507 10.319 5.6196 1.2878 1.5815 0.022292 0.070568 140.43 
0.20643 2.1543 0.03963 22.426 0.24413 10.952 8.0744 0.96682 1.5057 0.013763 0.14466 114.17 
0.48456 3.2586 0.012287 22.134 0.27135 9.7231 7.9022 0.91738 1.8914 0.025337 0.098698 143.18 
0.30414 1.2648 0.040755 32.388 0.32867 12.797 5.9629 1.3575 1.4788 0.028243 0.082505 103.92 
0.62475 1.6927 0.029515 9.124 0.53596 9.0935 8.0869 0.7629 1.8283 0.02353 0.08247 106.76 
0.28711 4.0784 0.038663 20.745 0.53491 12.495 8.6346 0.896 1.1306 0.016611 0.058516 176.14 
0.050464 3.9893 0.02262 17.651 0.39166 9.8195 5.6533 1.3342 1.7976 0.02728 0.085555 175.6 
0.25275 4.0498 0.01585 7.223 0.40944 5.7968 6.9107 1.1334 1.5688 0.013673 0.12747 125.72 
0.77477 3.409 0.020969 29.351 0.49878 5.4947 8.4605 1.1716 1.596 0.014641 0.085474 158.78 
0.2245 3.0138 0.034455 15.743 0.23336 7.0445 6.4056 0.57404 1.1501 0.021501 0.12527 143.37 
0.1089 1.4133 0.036917 23.081 0.60342 10.404 8.5722 0.82927 1.852 0.016858 0.075186 180.39 
0.80468 1.9083 0.042027 25.161 0.41013 9.3159 5.7973 1.6105 1.7768 0.011941 0.10951 114.04 
0.6118 3.6012 0.033383 7.9118 0.46878 6.1421 8.5335 0.79885 1.6953 0.023426 0.073509 176.45 
0.0077347 1.8384 0.01273 19.258 0.3298 5.2674 5.9005 0.90046 1.4775 0.027585 0.12584 158.25 
0.11533 2.4229 0.012 7.9433 0.56389 4.507 4.7255 0.87735 1.7307 0.017621 0.12621 128.87 
0.26756 1.2582 0.03032 28.239 0.21032 13.177 8.1446 0.94517 1.571 0.0099899 0.13557 136.96 
0.40663 4.1412 0.044675 6.2463 0.42375 10.112 5.1464 1.5837 1.2149 0.020164 0.14653 150.73 
0.82655 4.0476 0.04041 22.666 0.35739 10.756 7.0133 1.615 1.3659 0.014061 0.11415 178.27 
0.66564 1.6825 0.019768 10.53 0.5842 8.0828 5.6321 0.78535 1.9287 0.025658 0.064929 114.81 
0.21559 1.1124 0.03437 0.9609 0.50272 8.9375 5.6087 0.88953 1.2777 0.025232 0.075065 169.96 
0.32431 2.4077 0.03558 13.135 0.29459 5.4293 3.9825 0.62684 1.7693 0.025191 0.1186 136.22 
0.041086 2.9334 0.036989 33.379 0.40735 10.799 7.8709 0.62227 1.3833 0.016306 0.095935 164.92 
0.72483 1.6889 0.034293 25.026 0.41177 11.077 6.2096 0.73944 1.4727 0.020733 0.11445 148.94 
0.36832 0.88004 0.038532 6.1606 0.43515 7.3536 4.3372 0.64124 1.2129 0.025825 0.13793 167.51 
0.6055 2.725 0.021458 2.1366 0.31047 11.502 7.2716 1.5812 1.5829 0.024402 0.11628 130.46 
0.12189 1.5358 0.024057 21.496 0.2906 8.2872 9.116 1.4179 1.3503 0.01789 0.10802 164.54 
0.79631 1.6515 0.023846 26.497 0.42713 7.1148 6.3536 1.4559 1.1319 0.016332 0.059285 100.44 
0.51984 1.6769 0.030727 7.4832 0.30735 4.9299 4.3133 1.5403 1.1816 0.025912 0.062196 143.52 
0.71821 2.6424 0.022831 4.4477 0.45555 5.7074 5.5042 1.3097 1.7354 0.018591 0.082016 87.824 
0.63977 3.1269 0.042079 26.303 0.47397 6.0717 4.232 1.5331 1.9311 0.028488 0.14005 198.69 
0.29044 1.7747 0.041701 2.0232 0.34194 4.819 6.8805 1.3734 1.847 0.011756 0.051498 122.41 
0.27132 3.8005 0.037719 23.154 0.30443 7.7188 3.1868 0.65682 1.3015 0.01701 0.13913 95.913 
0.71542 4.2071 0.035213 19.635 0.29993 8.9649 6.2686 0.66832 1.0795 0.028369 0.14582 113.04 
0.18106 4.11 0.016578 4.5751 0.52204 8.2314 8.7687 0.76797 1.3271 0.021922 0.14896 201.1 
0.053117 4.3175 0.037309 23.215 0.28704 10.646 4.1211 0.95676 1.7748 0.011414 0.092386 151.43 
0.15829 1.497 0.024561 26.115 0.35021 8.1685 9.3505 0.71902 1.243 0.014899 0.063924 114.53 
0.35916 2.5591 0.0085345 11.634 0.61468 9.8665 5.4833 0.60868 1.5564 0.018319 0.094202 92.008 
0.57447 3.6381 0.032197 19.775 0.5647 7.6158 6.2009 1.597 1.51 0.017724 0.10814 120.05 
0.24917 3.8403 0.012211 21.066 0.42106 10.359 5.4467 0.96179 1.4678 0.020666 0.051306 110.87 
0.065797 2.0689 0.019316 11.438 0.5675 6.6803 7.2296 0.90227 1.3159 0.014963 0.12369 104.48 
0.028589 4.4354 0.023557 21.046 0.22611 8.2658 6.0883 1.3118 1.2166 0.013928 0.13645 126.44 
0.5543 1.2697 0.038693 21.715 0.41596 5.1527 9.2741 0.99718 1.9865 0.026562 0.097098 191.24 
0.41755 3.2717 0.036374 11.691 0.2535 9.0039 7.2884 1.5397 1.3074 0.026664 0.078172 127.05 
0.21271 2.5262 0.015633 33.359 0.38802 10.661 7.5417 1.5881 1.1853 0.011674 0.054176 126.93 
0.30135 0.47975 0.03466 1.3581 0.44733 8.9194 7.3194 0.6783 1.9683 0.010515 0.14904 160.4 
0.1425 0.58544 0.026393 32.576 0.52073 9.5023 5.8344 1.4245 1.5579 0.025493 0.12482 143.12 
0.083655 1.1898 0.016524 5.0138 0.33224 6.094 4.6435 1.6124 1.2365 0.020987 0.13743 150.22 
0.44204 1.0843 0.014227 2.0982 0.47672 10.017 9.0441 1.5683 1.6378 0.016503 0.085121 111.28 
0.36292 3.4527 0.025228 3.244 0.54572 11.946 4.4703 1.1283 1.7118 0.0166 0.14462 129.2 
0.34342 1.0832 0.028104 31.027 0.34604 5.7921 9.2337 1.3888 1.8818 0.027654 0.084306 164.18 
0.18373 3.7128 0.042714 27.406 0.41502 5.8531 3.3275 1.4641 1.1682 0.023221 0.14518 166.52 
0.30067 2.5282 0.015194 19.416 0.26632 7.3281 5.178 0.87081 1.9909 0.0104 0.083827 122.56 
0.010021 2.7533 0.028782 19.288 0.40986 10.882 4.5762 1.3779 1.7578 0.02477 0.056812 148.66 
0.77941 3.9391 0.027734 1.0171 0.28631 10.093 5.8839 0.82 1.5952 0.02801 0.12855 94.914 
0.67418 1.2203 0.03972 15.991 0.51221 7.9689 5.3944 1.5711 1.2385 0.024504 0.056207 101.69 
0.073394 2.1336 0.02539 13.424 0.33772 6.6492 6.9662 1.2553 1.9108 0.0273 0.13815 125.22 
0.74916 4.3065 0.011381 5.6315 0.55996 10.57 3.847 1.486 1.2803 0.028044 0.11973 194.28 
0.83351 2.1921 0.019688 6.9977 0.58495 13.423 6.5596 1.3624 1.5417 0.026378 0.13233 185.23 
0.44487 1.0651 0.036306 23.433 0.2775 6.7261 4.451 1.119 1.0974 0.027801 0.066511 99.97 
0.15304 3.193 0.043139 1.2585 0.3543 6.1176 5.6505 0.68292 1.5377 0.024216 0.095789 104.18 
0.036794 2.7624 0.022796 27.577 0.56533 5.9475 6.1598 1.4089 1.6168 0.02575 0.132 121.72 
0.2084 0.56539 0.031514 33.407 0.21779 9.9707 8.4054 1.0798 1.2404 0.014296 0.114 163.37 
0.17355 3.26 0.028605 18.675 0.44103 5.2576 6.565 0.80212 1.3743 0.014772 0.077358 165.29 
0.11891 4.3468 0.01048 22.236 0.41851 4.9906 3.7647 1.6075 1.3196 0.026868 0.055278 154.29 
0.027508 3.5787 0.020512 31.98 0.59039 13.101 6.2267 0.99151 1.1745 0.025093 0.09686 195.23 
0.36135 0.44419 0.032317 12.615 0.25455 9.1022 6.8745 1.0474 1.9954 0.019493 0.12778 97.711 
0.48521 3.0321 0.04143 33.458 0.49691 7.3744 3.5488 1.6066 1.5855 0.020452 0.055181 122.02 
0.31303 2.1093 0.033745 25.62 0.50328 9.6998 7.8563 1.4808 1.1255 0.017359 0.10344 175.9 
0.72356 3.1128 0.020192 27.64 0.26845 8.392 3.4285 1.6385 1.4389 0.028334 0.14191 108.09 
0.23725 0.92334 0.025414 11.967 0.6282 12.019 3.4483 1.3355 1.9831 0.015919 0.081468 104.19 
0.13479 2.5432 0.019571 12.985 0.34315 7.9982 3.718 1.2766 1.4522 0.019679 0.13454 191.78 
0.076408 1.8597 0.036953 20.473 0.48885 6.4038 9.1374 1.1995 1.2469 0.020089 0.14965 168.55 
0.50869 0.62202 0.019052 23.008 0.40862 9.9295 4.3884 1.0633 1.808 0.017253 0.12141 94.3 
0.5979 2.3233 0.0092132 4.502 0.45976 11.489 5.8555 0.77629 1.8439 0.013576 0.088193 153.46 
0.1414 3.9497 0.018874 12.788 0.34976 6.647 4.1543 1.64 1.123 0.016815 0.054264 200.37 
0.098157 0.9544 0.029564 6.543 0.25127 5.1649 4.9557 1.0548 1.6247 0.028148 0.11889 167.91 
0.41531 3.4979 0.018923 2.5235 0.26159 4.807 3.5397 1.1865 1.7226 0.01061 0.10425 118.02 
0.04047 2.2744 0.02363 30.591 0.42891 12.048 8.6478 1.1069 1.8296 0.025432 0.13903 181.01 
0.46411 4.2272 0.02994 32.683 0.48629 10.849 5.9301 1.3804 1.6067 0.011305 0.050849 166.33 
0.17961 3.3652 0.013116 30.663 0.59119 5.4464 6.3857 1.4974 1.8685 0.016004 0.14068 146.07 
0.45717 1.1469 0.035382 1.9141 0.57096 5.5642 6.5214 1.5473 1.6088 0.018957 0.12099 86.26 
0.51218 2.7062 0.023128 33.56 0.49608 12.154 5.2899 1.6296 1.3977 0.01254 0.1181 146.59 
0.37528 0.84827 0.024486 22.919 0.30036 11.38 5.3836 1.1305 1.1535 0.015772 0.13994 186.99 
0.35988 3.7717 0.012489 19.315 0.49555 6.5555 4.1445 0.98456 1.1377 0.012329 0.067028 181.75 
0.73131 4.1475 0.025735 22.58 0.29293 10.84 8.4332 1.1519 1.7528 0.023624 0.11167 169.73 
0.55869 2.3599 0.026744 3.5251 0.57547 6.5063 6.8045 0.55943 1.3119 0.019239 0.11555 89.468 
0.66102 4.361 0.024544 29.877 0.21617 10.431 4.1213 1.5364 1.0905 0.012476 0.11012 174.13 
0.68404 3.6967 0.014044 22.187 0.56589 6.8192 4.1817 1.488 1.5393 0.015456 0.089173 131.05 
0.46273 4.3098 0.038413 5.2624 0.23453 8.1426 4.6673 1.0139 1.111 0.012014 0.10784 169.27 
0.22171 0.47236 0.036532 4.3063 0.45296 8.0123 3.4425 1.3516 1.9058 0.013073 0.089336 111.13 
0.35045 2.8086 0.024295 3.3817 0.38073 5.0933 4.9243 1.0276 1.1366 0.01821 0.12305 161.2 
0.1006 3.9972 0.011858 8.2582 0.38451 7.5713 7.3149 0.7671 1.8302 0.028457 0.085194 190.4 
0.027811 0.66134 0.025356 17.226 0.42252 11.575 3.1448 0.83455 1.4998 0.027682 0.13449 181.61 
0.097115 0.89982 0.04113 12.459 0.4574 11.591 6.379 1.0454 1.272 0.01479 0.056418 166.03 
0.57634 0.88953 0.029883 16.417 0.44017 6.303 9.3917 1.4703 1.6229 0.024265 0.10284 120.46 
0.28894 2.4035 0.019406 26.214 0.62534 9.4204 6.3469 1.3947 1.7003 0.024318 0.10723 130.65 
0.13083 4.2958 0.041325 20.955 0.51897 11.139 4.2702 1.492 1.4383 0.026789 0.10255 198.05 
0.81012 3.2655 0.022347 1.8426 0.41661 9.1613 4.9359 1.0418 1.2565 0.0102 0.1222 169.12 
0.68905 4.3667 0.039407 9.3228 0.60116 6.9597 9.4046 1.354 1.55 0.014177 0.076127 194.41 
0.46318 2.4766 0.0082653 20.773 0.6169 13.487 5.7409 0.74313 1.5732 0.02258 0.059091 147.46 
0.57319 3.006 0.027771 15.216 0.34816 5.0269 6.9763 1.287 1.9088 0.019834 0.065815 147.67 
0.019401 2.8424 0.043805 7.1215 0.51306 12.893 6.2594 1.1697 1.9272 0.010056 0.14135 127.82 
0.77098 3.6173 0.0081704 15.593 0.54684 8.1918 7.5053 0.965 1.316 0.015395 0.10397 134.13 
0.78777 1.3819 0.034919 6.7305 0.449 8.5945 9.0905 1.1004 1.5009 0.0098597 0.14779 188.37 
0.52549 4.1887 0.029664 18.703 0.55889 10.378 6.5309 0.94618 1.6438 0.014417 0.12707 187.81 
0.82185 4.0098 0.031078 24.624 0.25757 13.279 8.7611 1.191 1.729 0.020529 0.12324 115.08 
0.75476 1.5467 0.038816 18.431 0.61535 12.254 4.6257 0.58864 1.3939 0.025288 0.12674 112.9 
0.49958 4.0943 0.03295 31.674 0.39966 10.748 8.3974 1.2205 1.806 0.010267 0.096293 132.8 
0.42076 3.9535 0.025046 10.863 0.42538 10.737 7.5552 0.77145 1.4963 0.010475 0.098136 176.96 
0.76445 1.8446 0.012817 13.98 0.52096 9.7995 6.0971 1.2659 1.4476 0.018658 0.099572 187.54 
0.23974 1.5056 0.036295 28.764 0.28367 11.821 3.1709 0.57652 1.8372 0.020018 0.062036 115.97 
0.369 3.7669 0.010279 32.049 0.31123 6.5158 4.7573 1.3862 1.4919 0.012713 0.07337 169.56 
0.40566 2.171 0.011699 3.1993 0.52599 7.1349 5.4481 1.303 1.8542 0.025152 0.13651 197.82 
0.47043 2.5736 0.031306 30.869 0.31755 10.729 4.6607 1.5162 1.4016 0.018536 0.093753 111.86 
0.13913 0.75102 0.038122 19.843 0.49363 7.4071 9.1097 0.80103 1.7132 0.0096516 0.069858 117.34 
0.10845 3.9016 0.021314 27.223 0.59719 9.3818 8.2027 1.404 1.7099 0.014031 0.11319 197.36 
0.086533 3.077 0.042295 33.235 0.35232 13.23 3.9284 0.63034 1.7822 0.01811 0.070837 132.45 
0.55329 3.6878 0.01492 19.69 0.47566 12.584 7.5958 1.284 1.5521 0.021593 0.10701 182.94 
0.12064 3.3202 0.036777 29.718 0.29699 5.5201 6.3901 1.0593 1.3582 0.019881 0.063792 85.34 
0.41909 2.4548 0.011291 33.051 0.23168 4.8786 4.8185 1.4871 1.4265 0.024008 0.089927 133.25 
0.62863 3.7952 0.020633 2.6296 0.23571 9.1991 6.9531 0.55707 1.6414 0.011252 0.092633 147.26 
0.36371 0.51967 0.018628 23.572 0.52021 9.9587 8.3119 1.6013 1.7782 0.015248 0.1327 155.93 
0.77602 3.9722 0.023542 25.447 0.32615 5.7003 4.945 1.0431 1.8363 0.014118 0.098961 160.09 
0.64581 0.88984 0.029751 10.472 0.28261 8.8069 7.7439 0.94932 1.6889 0.022758 0.12387 91.694 
0.38018 2.6732 0.023285 6.2447 0.35458 11.193 8.0191 1.1709 1.7541 0.022017 0.094697 171.88 
0.0058908 2.3298 0.014492 8.1841 0.41836 12.392 9.0546 1.3409 1.2166 0.017775 0.1431 160.69 
0.36551 0.88529 0.035731 31.078 0.62471 8.031 8.6766 1.4006 1.2955 0.025354 0.091677 117.79 
0.82813 4.0706 0.028488 21.838 0.57352 5.2151 6.4122 0.64563 1.3849 0.016129 0.070713 202.55 
0.66328 1.4209 0.014848 23.807 0.52689 7.9269 7.6841 0.73571 1.2947 0.026926 0.082661 103.73 
0.54097 2.3572 0.02084 29.093 0.59588 8.8364 9.3793 1.221 1.443 0.016238 0.064835 90.911 
0.25772 1.7618 0.027346 15.841 0.37506 9.6864 3.3337 0.6402 1.9989 0.010372 0.099187 202.82 
0.12659 2.9617 0.0087139 8.1188 0.43718 8.5652 7.0995 1.4337 1.4064 0.010122 0.084167 92.393 
0.69915 1.879 0.033692 28.167 0.30464 11.769 4.0371 1.4306 1.1756 0.026849 0.050138 171.15 
0.5147 3.8746 0.015895 2.465 0.60856 13.396 3.6037 0.90703 1.5653 0.021618 0.10877 168.35 
0.43141 4.1084 0.021787 31.425 0.34047 4.7475 8.1628 1.3587 1.9136 0.023663 0.071305 187.44 
0.26115 3.2131 0.010461 9.6921 0.3444 9.2776 4.4666 1.6407 1.6937 0.016202 0.11676 103.83 
0.41035 3.5577 0.033834 17.48 0.44687 7.8422 6.4498 1.3814 1.2763 0.021895 0.085674 185.67 
0.21189 3.8266 0.028878 20.107 0.3243 8.8669 8.1365 1.0194 1.4175 0.013026 0.07777 100.81 
0.39571 1.6165 0.0091195 4.6866 0.21211 11.84 4.0198 1.4321 1.6536 0.015091 0.081934 123.02 
0.45561 1.8057 0.03016 17.136 0.53932 8.3293 4.0797 1.4159 1.5318 0.024189 0.1465 152.03 
0.16948 4.061 0.040903 24.176 0.35644 9.2865 6.2837 0.81697 1.1388 0.011733 0.12908 136.91 
0.39315 2.5912 0.034246 27.512 0.61962 10.269 3.2426 1.6237 1.6302 0.018863 0.052446 174.47 
0.73772 2.1424 0.041464 0.82794 0.46455 8.3806 8.0453 0.8627 1.9878 0.021566 0.14856 133.9 
0.0042945 2.7179 0.026305 26.583 0.45251 5.4693 7.9059 1.088 1.6044 0.02607 0.14985 188.43 
0.40473 4.4612 0.028736 9.8084 0.57288 5.6903 3.8683 0.92371 1.1609 0.0099432 0.13578 171.5 
0.068839 3.968 0.03417 16.028 0.39354 10.064 7.0356 0.67988 1.3626 0.012435 0.13173 113.17 
0.53427 3.2837 0.018593 4.6017 0.35515 13.137 5.7056 1.3631 1.6574 0.025031 0.086128 170.09 
0.18735 0.84339 0.032134 31.811 0.59841 5.3439 7.1533 0.8237 1.3001 0.0188 0.088993 89.238 
0.29917 2.5385 0.027242 29.504 0.312 13.375 6.7572 1.4764 1.4941 0.026994 0.14419 102.5 
0.34433 0.48891 0.026577 23.045 0.54817 11.441 8.2911 1.398 1.3957 0.027099 0.13634 149.63 
0.16482 3.4202 0.024666 32.024 0.35383 12.723 4.2576 1.5911 1.7724 0.020553 0.13184 200.56 
0.071081 3.0103 0.040875 28.894 0.57275 11.923 6.1251 0.60313 1.7021 0.011512 0.10908 140.59 
0.74134 2.7291 0.012113 10.253 0.22437 4.7666 4.6185 1.0379 1.692 0.015879 0.06602 153.23 
0.32345 3.8632 0.026951 5.367 0.52642 10.697 5.1525 1.1148 1.4821 0.015174 0.12289 90.565 
0.33953 1.9851 0.042362 19.223 0.40599 9.6379 8.7892 1.4428 1.354 0.010625 0.063198 142.81 
0.090468 0.53804 0.033495 0.64283 0.5329 5.9932 7.8746 1.5228 1.9021 0.023698 0.089598 162.04 
0.12778 3.0334 0.03177 0.8534 0.27333 13.287 8.7556 1.2241 1.896 0.027724 0.11769 140.87 
0.46742 0.62749 0.01021 1.5372 0.54376 5.3063 7.0207 0.73508 1.4652 0.023381 0.081354 141.39 
0.76739 1.8851 0.035244 1.6027 0.57015 8.4514 3.7982 1.5901 1.28 0.011364 0.078252 140.69 
0.008829 0.65003 0.035698 24.364 0.51067 4.8939 3.4106 0.58523 1.5756 0.017668 0.063327 184.17 
0.73476 2.9867 0.044969 29.889 0.43158 8.9947 8.6073 1.2594 1.9838 0.024153 0.1154 180.92 
0.71604 2.5333 0.027221 17.617 0.44309 12.645 5.3634 0.77108 1.9735 0.022303 0.050515 141.85 
0.00154 0.87256 0.011905 26.613 0.49075 10.969 8.6241 0.9804 1.2693 0.01115 0.059541 159.66 
0.36725 3.7882 0.037504 21.55 0.25034 10.22 5.3443 1.2142 1.9032 0.015437 0.056693 121.32 
0.35713 0.93695 0.041949 14.018 0.51674 12.601 7.7796 1.0164 1.5901 0.025867 0.10036 85.499 
0.015821 0.71346 0.027034 26.413 0.47319 9.4483 6.1778 1.5798 1.2343 0.026027 0.11833 89.418 
0.54174 1.6202 0.020221 30.527 0.33561 7.0072 4.9036 1.0745 1.8979 0.027962 0.084504 188.13 
0.4107 2.5935 0.034944 2.9388 0.60969 6.0075 4.2518 0.87307 1.6986 0.024827 0.12436 96.926 
0.38967 2.1648 0.01164 14.21 0.38649 12.589 7.5513 0.87996 1.9316 0.018243 0.10099 129.76 
0.39995 3.3557 0.028697 18.543 0.60222 12.004 4.8903 1.2188 1.1082 0.011895 0.13948 144.09 
0.39451 0.58694 0.045054 23.486 0.48961 13.088 4.9107 1.5618 1.9378 0.010983 0.10545 137.98 
0.15982 2.5449 0.01782 4.4754 0.52332 8.5546 3.8878 0.73149 1.2436 0.019437 0.081601 145.5 
0.65487 1.8167 0.009387 17.684 0.33261 10.057 5.3915 1.272 1.3413 0.028137 0.10662 105.57 
0.32547 3.0394 0.034815 12.294 0.30244 6.4387 6.0674 1.116 1.2611 0.021207 0.11759 183.06 
0.47784 2.0466 0.029115 11.805 0.45709 13.203 8.6565 1.3443 1.4844 0.027883 0.12567 110.47 
0.081305 3.1362 0.019888 10.833 0.30636 10.58 4.2181 1.4813 1.588 0.013949 0.11305 199.4 
0.3332 0.94111 0.015729 12.753 0.5432 7.8952 4.3602 0.91857 1.1782 0.027862 0.072775 112.76 
0.043039 1.9158 0.014957 30.22 0.28082 11.107 9.2434 1.3703 1.8499 0.016174 0.076307 156.12 
0.5823 0.77031 0.044767 29.634 0.24316 5.9585 8.2728 0.70827 1.4575 0.022405 0.081148 101.09 
0.16796 2.2382 0.026988 32.728 0.50139 13.462 8.256 1.5486 1.8178 0.011308 0.14608 96.206 
0.55072 3.9303 0.030588 14.112 0.36521 8.2699 6.298 0.68623 1.1923 0.019335 0.06311 149.22 
0.54974 0.75985 0.02997 7.1543 0.38312 9.0872 7.0861 0.58759 1.6927 0.01749 0.12922 159.92 
0.20339 2.4886 0.0095632 9.5988 0.62354 11.457 4.65 1.5358 1.6457 0.022449 0.14038 100.18 
0.38087 1.5274 0.012891 11.065 0.33351 4.5181 7.2112 1.2573 1.2632 0.020837 0.083937 177.48 
0.56937 0.85445 0.018121 31.574 0.32833 6.7322 5.5504 0.9875 1.0993 0.0096855 0.14485 85.944 
0.40261 3.9623 0.017402 26.141 0.5899 7.0396 7.1431 1.1047 1.2675 0.027841 0.075253 139.37 
0.11961 2.7541 0.021898 24.672 0.57701 10.147 6.2469 0.58391 1.3886 0.018409 0.11468 192.83 
0.13779 3.4885 0.029047 5.3331 0.2771 8.7665 5.6767 1.2229 1.4045 0.011088 0.08529 182.42 
0.44631 3.3934 0.030453 13.193 0.36615 10.721 5.6025 0.55237 1.4292 0.019914 0.11268 156.48 
0.21497 3.9583 0.034492 7.0526 0.37361 5.1277 4.8822 0.88532 1.8802 0.011857 0.077386 95.733 
0.8179 2.8996 0.027977 31.377 0.31636 5.1892 4.2035 0.65472 1.8255 0.011101 0.056562 135.26 
0.48323 1.8303 0.020535 9.2757 0.46031 11.094 7.1054 1.2813 1.0883 0.017081 0.090173 112.09 
0.1559 0.68466 0.01145 10.203 0.60803 6.5367 3.2809 1.0094 1.4568 0.02499 0.099383 119.43 
0.06674 2.3641 0.024232 5.5401 0.2588 10.59 8.476 0.99018 1.8895 0.027742 0.050079 104.55 
0.26252 2.6013 0.031975 21.194 0.37147 9.7462 9.2521 1.5945 1.7241 0.019296 0.068836 126 
0.59836 2.4845 0.02891 17.267 0.26231 13.023 7.995 1.1412 1.3065 0.01744 0.0734 168.09 
0.70059 1.9191 0.03278 16.419 0.345 10.508 3.3124 0.6988 1.791 0.023461 0.051013 178.43 
0.75681 4.1545 0.015055 11.548 0.32706 7.1979 4.7364 1.6347 1.3591 0.010446 0.11799 99.288 
0.28555 4.1805 0.029019 10.072 0.34885 10.975 9.2684 1.5064 1.4176 0.018906 0.092586 190.67 
0.44661 0.98419 0.038037 18.351 0.56966 5.3639 5.5954 0.67273 1.352 0.026976 0.14724 132.24 
0.29233 2.9276 0.0257 31.934 0.45463 8.4094 3.2137 1.4507 1.344 0.018001 0.088852 154.94 
0.68002 0.72915 0.018181 9.09 0.43549 11.689 4.4891 0.8092 1.2873 0.019958 0.090078 159.02 
0.27737 0.67517 0.030786 0.40866 0.26134 10.684 3.3411 1.4028 1.7775 0.020748 0.058297 189.42 
0.50251 1.7412 0.012918 5.8662 0.57607 9.2471 3.8776 0.8379 1.1209 0.0097861 0.096579 167.81 
0.7134 2.0259 0.016091 10.226 0.53151 11.298 6.6893 1.2496 1.4471 0.027067 0.095412 132.04 
0.61257 1.0943 0.031392 22.829 0.52416 4.9594 6.0691 0.66394 1.4312 0.01524 0.13011 131.19 
0.7587 2.7687 0.027307 3.7052 0.32597 11.021 8.4121 1.0683 1.6322 0.022618 0.10535 172.61 
0.62133 3.8521 0.036617 12.451 0.41066 12.487 8.4951 1.6424 1.6602 0.022542 0.086555 164.84 
0.0070683 3.1059 0.031705 8.4158 0.62133 12.444 3.6706 1.1988 1.6348 0.015501 0.14243 181.94 
0.17506 3.6085 0.010329 14.726 0.47102 5.0683 7.4638 0.79504 1.8644 0.028215 0.066946 92.852 
0.65061 3.8679 0.04454 30.177 0.3211 6.1217 5.1203 1.2824 1.8744 0.016544 0.089873 138.14 
0.2825 0.79971 0.031873 6.0016 0.34016 4.8551 4.99 1.0628 1.4663 0.010885 0.07033 130.04 
0.3549 0.52197 0.022514 7.7766 0.23291 8.5024 6.8183 1.11 1.2331 0.018123 0.087702 139.15 
0.38204 1.0879 0.025754 3.332 0.39299 5.8375 5.8673 1.052 1.6565 0.028087 0.095149 177.3 
0.2458 1.2227 0.042228 10.768 0.35831 7.1074 8.797 0.57478 1.4128 0.00963 0.091541 185.83 
0.48937 1.9447 0.018347 1.3402 0.62642 11.352 4.0291 0.90553 1.5176 0.011837 0.087098 133.02 
0.74441 4.1034 0.020696 18.821 0.41903 6.223 4.1748 1.4387 1.3388 0.025571 0.076093 85.186 
0.43024 1.2296 0.022252 6.6637 0.3529 7.7081 8.0275 0.6446 1.502 0.018019 0.091223 200.65 
0.59415 0.71941 0.027524 6.2822 0.39764 6.264 5.1404 1.3036 1.3429 0.016366 0.13432 95.574 
0.26887 4.1856 0.011128 26.836 0.48422 6.6845 7.294 1.3198 1.3778 0.024801 0.13974 96.374 
0.66072 4.4255 0.029357 24.338 0.50916 11.426 9.4042 1.0968 1.3375 0.020041 0.05232 90.313 
0.34134 2.9418 0.037206 8.9773 0.2689 10.457 8.44 1.2602 1.9593 0.024485 0.079132 150.96 
0.44016 4.4541 0.044854 19.604 0.31543 11.995 4.2291 0.86456 1.8651 0.012919 0.14837 202.46 
0.75651 3.2029 0.023685 17.171 0.61207 11.069 3.5019 0.75661 1.1517 0.014376 0.083079 191.8 
0.48112 1.9 0.031194 22.723 0.55562 4.5766 7.2032 1.4833 1.3327 0.026142 0.14766 154.8 
0.19092 1.1381 0.039427 6.6469 0.62726 4.7281 8.479 1.6041 1.8112 0.014546 0.10555 191 
0.034229 0.55705 0.010988 21.126 0.22208 10.089 6.4378 1.2469 1.835 0.016782 0.12843 128.4 
0.7059 2.2593 0.033343 27.896 0.54252 6.2529 6.2512 1.2336 1.7891 0.021319 0.093549 192.02 
0.14275 1.9784 0.01184 9.5256 0.23737 8.1612 7.6906 0.9348 1.4247 0.018748 0.14098 193.28 
0.55532 4.0027 0.025589 6.8495 0.28161 7.01 4.6726 0.8483 1.5483 0.021254 0.05406 121.18 
0.77914 3.2904 0.021755 25.249 0.3825 9.601 5.5165 1.1505 1.8589 0.01969 0.12827 196.57 
0.29453 3.7088 0.043292 12.648 0.30804 9.5477 4.9735 0.74531 1.9122 0.01911 0.075769 183.87 
0.50953 2.2722 0.014436 0.92661 0.52183 12.681 9.0801 1.6208 1.9668 0.013285 0.07486 193.51 
0.073589 3.1525 0.034383 13.717 0.57969 6.0187 3.8007 0.92138 1.2845 0.024035 0.11429 152.85 
0.016876 3.7628 0.026429 19.939 0.53386 4.7426 8.8593 1.3372 1.3315 0.024246 0.14737 141.67 
0.021331 3.7439 0.043191 16.943 0.36407 9.2066 4.7313 1.1881 1.4242 0.019426 0.069538 129.91 
0.5678 2.4632 0.012378 22.508 0.25484 12.848 5.293 0.97547 1.5793 0.02628 0.061641 109.57 
0.44335 1.1233 0.016904 11.018 0.21267 7.6326 4.2449 0.62402 1.6346 0.024591 0.12469 133.71 
0.56574 2.1797 0.016125 27.558 0.21356 9.2942 6.9558 0.79218 1.9242 0.011549 0.10118 95.285 
0.74592 0.77821 0.013181 32.317 0.59781 11.96 3.9004 1.0865 1.7869 0.019584 0.12722 90.463 
0.81432 2.1211 0.029328 32.202 0.4419 10.243 7.8439 1.1258 1.6124 0.016745 0.078425 187.68 
0.58431 2.5994 0.018692 33.258 0.2991 7.0552 7.8814 1.0686 1.1487 0.025724 0.058023 167.22 
0.82753 1.7052 0.041589 11.556 0.40575 7.7622 3.8305 1.3448 1.8762 0.012029 0.12066 179.33 
0.3557 2.1163 0.042173 13.385 0.61113 7.3117 6.602 1.1345 1.1806 0.01054 0.10224 149.94 
0.13699 3.3739 0.034719 15.012 0.2878 8.7169 6.643 1.2404 2.0017 0.020812 0.11134 123.22 
0.14662 3.6743 0.017934 17.569 0.51018 7.8006 5.7486 1.6351 1.8054 0.011533 0.068135 174.04 
0.092034 2.0729 0.037531 14.057 0.53222 10.441 3.2928 0.92408 1.6104 0.011642 0.10178 144.21 
0.13113 0.83345 0.0097653 10.34 0.48295 7.908 6.3246 1.1543 1.7681 0.024897 0.11457 134.41 
0.81445 4.4395 0.034596 12.586 0.56929 7.3989 6.621 1.0957 1.453 0.022209 0.088657 197.25 
0.15357 1.2988 0.031174 30.31 0.32946 7.5128 3.3033 0.79148 1.5247 0.02356 0.080949 115.37 
0.58081 2.0636 0.013778 12.849 0.34686 8.0907 6.7205 1.2035 1.8407 0.018511 0.12819 136.7 
0.76006 3.3156 0.026274 20.317 0.44963 8.0545 3.5692 1.0927 1.9558 0.015324 0.14925 94.136 
0.27472 2.2775 0.024318 8.7737 0.53511 9.2235 6.0536 1.2387 1.9854 0.024674 0.12359 120.11 
0.67091 0.93348 0.041727 13.03 0.44803 13.035 5.7158 0.77401 1.0847 0.010213 0.091083 99.263 
0.31207 3.6595 0.032712 18.236 0.44881 9.4581 7.1917 1.0014 1.1402 0.014586 0.14101 88.37 
0.50085 1.9358 0.039233 26.047 0.31785 11.321 5.0948 1.6 1.1231 0.018778 0.11727 171.07 
0.25552 1.9292 0.023301 28.973 0.34925 13.31 4.2925 1.2309 1.3637 0.0229 0.11141 124.7 
0.24801 3.3273 0.027576 8.7492 0.38364 12.738 4.3994 1.4564 1.6642 0.020788 0.074184 180.2 
0.66381 3.9093 0.033252 2.9659 0.32711 10.5 4.6895 1.3563 1.227 0.02539 0.077949 190.51 
0.53764 0.59379 0.015234 16.842 0.26291 11.648 9.0002 1.3261 1.3029 0.024643 0.072998 94.775 
0.42901 2.9562 0.01909 20.504 0.37859 5.9808 7.1659 1.5176 1.2003 0.024961 0.098498 158.12 
0.78374 1.9736 0.04444 30.638 0.29829 10.337 8.0478 1.4843 1.1632 0.012409 0.13506 86.06 
0.35131 0.49019 0.018552 1.0651 0.59659 7.2406 8.1775 0.61515 1.2048 0.026428 0.14817 120.58 
0.63368 0.8512 0.032541 21.976 0.48835 10.484 5.8635 1.3016 1.748 0.023139 0.12973 179.69 
0.47384 0.9051 0.045155 2.0635 0.42505 12.114 3.2237 1.365 1.9968 0.018443 0.072623 199.18 
0.084963 3.0207 0.012859 15.866 0.48811 8.8812 9.3378 1.4745 1.3724 0.020126 0.096076 135.82 
0.53256 0.97403 0.043691 7.6656 0.6061 11.75 8.1037 1.519 1.5334 0.018276 0.077127 186.02 
0.31683 3.7585 0.043438 22.95 0.58692 6.3255 4.5025 0.87394 1.592 0.021158 0.069466 102.2 
0.79021 1.4062 0.042639 8.1542 0.56143 11.558 4.8729 1.1019 1.1196 0.013484 0.10988 118.26 
0.48602 2.823 0.024848 31.242 0.41154 11.52 9.1316 1.4776 1.846 0.018065 0.054411 87.898 
0.78933 3.2253 0.023806 23.36 0.38387 11.629 3.9486 0.73392 1.5737 0.015294 0.1175 192.27 
0.0030284 3.4703 0.03873 21.316 0.46359 6.1943 3.156 1.0996 1.1594 0.02243 0.060913 195.94 
0.63652 4.3398 0.034753 18.576 0.54923 10.919 9.3024 1.1317 1.78 0.015538 0.13363 148.18 
0.52284 1.2022 0.011158 24.27 0.25584 8.4669 7.5278 0.93086 1.7279 0.013256 0.07204 177.18 
0.2887 1.5975 0.017001 18.92 0.21969 12.299 6.7462 0.93563 1.7036 0.026519 0.087792 114.98 
0.12432 0.80467 0.015506 18.293 0.54213 7.363 6.0405 1.2062 1.3731 0.015053 0.051876 129.14 
0.39244 0.79092 0.012537 32.784 0.22651 4.6142 8.1846 0.71372 1.7177 0.018496 0.11883 93.206 
0.65783 1.9461 0.015315 27.78 0.41254 12.166 4.0912 1.0824 1.6195 0.012737 0.059495 155.41 
0.6932 1.2446 0.020438 18.439 0.50686 10.003 6.8474 0.95737 1.3363 0.019989 0.12992 96.612 
0.17128 2.8676 0.022061 6.0363 0.40376 6.6158 7.7092 1.4471 1.7166 0.02296 0.11261 154.32 
0.27219 1.895 0.028957 29.933 0.2323 11.161 7.7772 1.5097 1.7962 0.024358 0.094454 201.98 
0.45337 1.0709 0.039546 27.74 0.24023 7.8246 6.4934 1.3284 1.3907 0.011594 0.056342 141.78 
0.079895 0.74094 0.021422 3.9184 0.44647 12.347 9.2915 0.71568 1.5979 0.021084 0.13835 121.86 
0.30872 4.3747 0.033665 9.7172 0.48583 6.7 8.8454 0.92925 1.5352 0.015222 0.12733 93.922 
0.78677 2.9989 0.022938 22.329 0.51776 10.276 6.7735 1.058 1.0949 0.02154 0.060215 165.43 
0.029646 1.3444 0.01071 6.1082 0.47192 5.3742 7.3062 0.7808 1.901 0.01159 0.14928 148.8 
0.099294 3.5018 0.035316 15.757 0.37001 8.3964 4.11 1.1369 1.9352 0.012535 0.12599 171.85 
0.18634 2.0773 0.044692 0.89269 0.25297 8.517 5.0511 0.72354 1.8532 0.024937 0.074891 183.36 
0.17882 4.3511 0.013631 31.885 0.60465 8.9708 7.9901 0.85753 1.9223 0.012779 0.13769 89.769 
0.18592 3.6775 0.013687 16.141 0.52724 7.2468 4.509 1.2419 1.4703 0.015471 0.083408 200.84 
0.19248 1.3646 0.036588 3.9947 0.34782 7.0976 6.3655 1.0546 1.6288 0.025905 0.057607 179.52 
0.27051 3.2313 0.014266 5.4115 0.42677 7.1798 7.3465 0.77812 1.5475 0.019214 0.12132 100.99 
0.37611 3.1604 0.02034 6.5514 0.59906 8.7237 8.8992 1.6243 1.8072 0.019365 0.066713 173.84 
0.25138 0.73902 0.035434 12.126 0.49185 12.948 8.8245 1.3305 1.8906 0.019461 0.11989 167.26 
0.1915 4.3786 0.025874 16.989 0.55003 10.639 7.4186 1.1554 1.816 0.023882 0.14385 180.24 
0.62796 0.77584 0.017502 25.692 0.30556 7.168 6.6699 1.4791 1.1247 0.020507 0.12457 138.84 
0.70911 2.9005 0.016762 28.929 0.56832 6.4621 7.4342 1.1799 1.4584 0.025077 0.062857 99.761 
0.58847 1.5959 0.030502 29.586 0.49662 11.482 6.6615 0.98938 1.6706 0.017109 0.13869 86.365 
0.57793 0.8385 0.010888 17.367 0.43255 7.8353 4.2804 0.89835 1.5839 0.017639 0.14371 188.95 
0.45247 2.8799 0.015093 28.484 0.57766 5.0036 5.9396 0.82214 1.5182 0.026088 0.060592 157.51 
0.49629 2.3068 0.031294 5.7617 0.24719 6.2732 4.0093 1.4347 1.6004 0.020232 0.088388 151.67 
0.23088 3.0594 0.034148 12.103 0.25956 7.7488 8.2066 0.90155 1.1861 0.009722 0.065915 142.22 
0.6102 3.2522 0.043529 9.4489 0.21145 7.2836 3.2608 1.4656 1.2269 0.021482 0.10515 89.143 
0.0098269 2.5517 0.020084 20.523 0.59494 11.724 6.9188 0.75544 1.9535 0.026647 0.071746 124.17 
0.78456 1.7134 0.016784 6.4644 0.40078 9.4817 6.6002 1.5745 1.8844 0.022149 0.11933 146.54 
0.50315 1.3028 0.037863 33.523 0.40028 11.806 5.1081 0.94366 1.8224 0.011691 0.098025 183.22 
0.21297 1.4431 0.010025 7.7035 0.24294 13.064 5.5627 0.98016 1.0914 0.014459 0.086798 108.01 
0.77747 2.294 0.013704 29.448 0.49278 4.5338 5.6217 1.2011 1.3398 0.022495 0.064453 172.29 
0.33672 0.75388 0.016635 10.659 0.60061 11.955 5.548 0.60603 1.5787 0.013559 0.14613 195.53 
0.50597 1.2404 0.023223 8.49 0.26523 6.9525 3.5161 0.75969 1.8189 0.017973 0.10142 98.367 
0.40096 3.2163 0.015927 32.665 0.40353 6.5739 8.9489 0.78297 1.1445 0.01564 0.067687 175.12 
0.046444 2.0407 0.037388 13.909 0.24937 9.6119 4.6054 1.5313 1.9774 0.022657 0.12236 107.07 
0.31846 1.7308 0.026221 4.1134 0.36933 13.495 7.499 0.68502 1.9984 0.014918 0.068058 181.35 
0.33204 4.037 0.024167 32.606 0.22937 6.3669 7.7914 0.9204 1.0978 0.019237 0.11521 167.69 
0.44993 1.3906 0.034192 22.393 0.46246 5.1315 3.6637 1.4283 1.2671 0.015019 0.11341 92.26 
0.24518 3.9866 0.02767 16.65 0.22517 9.8657 5.0018 1.4363 1.187 0.014991 0.13113 113.43 
0.70749 2.8908 0.02301 29.754 0.56093 5.1854 7.7192 0.69807 1.9078 0.013709 0.068979 139.65 
0.069776 1.4865 0.016403 24.805 0.24394 8.7425 5.5195 1.0382 1.5693 0.022803 0.071052 95.097 
0.70267 4.2582 0.025543 22.093 0.53905 4.9433 9.2561 1.1974 1.1897 0.013603 0.13202 168.71 
0.54828 1.0119 0.043727 4.2483 0.57803 5.2917 5.3196 0.93325 1.1619 0.012699 0.059951 94.456 
0.48879 3.6252 0.039215 16.81 0.55022 9.1241 4.4165 1.4493 1.9304 0.021162 0.069121 152.36 
0.33766 2.9592 0.034536 13.804 0.30334 6.9411 7.3889 0.85508 1.9145 0.015805 0.073017 184.82 
0.31401 1.4907 0.025013 1.2034 0.2228 8.4823 7.7971 1.0234 1.1823 0.015763 0.11509 131.52 
0.5159 4.1271 0.030298 26.275 0.29591 8.6083 6.34 0.88964 1.5635 0.011377 0.11212 103.35 
0.20539 2.5035 0.017216 8.2257 0.39072 12.528 8.913 0.95926 1.3928 0.020701 0.12062 165.82 
0.42245 1.3333 0.015021 16.763 0.37262 13.049 7.7373 0.95098 1.2646 0.0274 0.14876 135.87 
0.71871 4.2486 0.021014 1.9966 0.42898 10.776 8.2282 1.5133 1.4635 0.010001 0.13716 126.64 
0.13999 2.3928 0.023355 14.253 0.62527 5.0119 5.6949 0.7054 1.742 0.015387 0.11098 117.18 
0.44973 2.579 0.03982 3.6252 0.36445 8.1864 6.8406 0.75056 1.7948 0.012983 0.057463 135.03 
0.1951 1.1883 0.013226 33.729 0.36771 12.543 3.9452 1.1472 1.5212 0.012458 0.078589 140.93 
0.56198 2.019 0.026599 0.30846 0.21067 6.8916 6.7824 1.0766 1.7401 0.027769 0.13219 123.67 
0.25335 0.85909 0.029433 19.154 0.61862 8.4441 3.4794 0.94015 1.44 0.013741 0.10748 106.36 
0.68446 1.4235 0.02059 18.304 0.21631 9.2299 7.5628 1.4146 1.6157 0.016448 0.13497 115.54 
0.60142 1.9572 0.032513 2.5638 0.59867 6.1749 7.3334 0.91197 1.4073 0.01127 0.14754 106.63 
0.43378 2.2418 0.022583 26.709 0.49 9.8502 6.534 0.86102 1.9746 0.011804 0.1429 181.14 
0.67431 1.151 0.031441 12.21 0.461 8.9494 9.2151 1.5215 1.5069 0.023351 0.076637 111.66 
0.70372 2.0951 0.0098166 27.67 0.55465 7.9872 5.0421 0.71129 1.6805 0.023004 0.1008 101.46 
0.12898 1.4179 0.040012 21.729 0.44441 9.0336 4.276 0.67723 1.4503 0.022662 0.1261 188.74 
0.4687 2.7311 0.031023 25.807 0.38595 5.4056 3.9156 1.0044 1.3476 0.022603 0.079763 193.65 
0.059408 2.1032 0.041816 30.083 0.37653 12.712 8.7412 0.92596 1.9362 0.027906 0.10668 139.8 
0.45801 3.4676 0.038953 4.0099 0.43131 12.842 4.9185 1.5564 1.591 0.021691 0.08591 149.32 
0.26847 4.339 0.034024 22.656 0.29545 8.854 8.9289 0.6378 1.259 0.023592 0.091477 109.16 
0.33471 2.9207 0.019363 24.718 0.23077 7.4846 6.033 1.6317 1.6233 0.02195 0.11366 108.8 
0.5183 4.2436 0.043484 16.113 0.56338 6.1856 5.8269 1.3282 1.9418 0.01212 0.13594 107.76 
0.57062 1.6254 0.010121 24.075 0.50536 10.203 5.0566 0.85835 1.4116 0.016695 0.12559 152.16 
0.7991 1.9606 0.019715 4.5514 0.43293 5.8417 8.3812 0.72824 1.1694 0.023293 0.14999 154.74 
0.25521 3.5138 0.035145 20.904 0.56657 5.8671 8.4691 0.83614 1.3125 0.0098865 0.13805 105.3 
0.63844 2.2498 0.011218 25.354 0.23667 7.4954 5.9717 1.0119 1.7212 0.027496 0.086453 177.83 
0.43501 3.5909 0.015531 18.375 0.35869 12.907 5.8748 1.094 1.3246 0.019036 0.12448 138.9 
0.63516 2.4363 0.040143 6.5987 0.27028 8.1468 3.1722 1.2969 1.7436 0.013007 0.080669 164.08 
0.69412 3.5332 0.036524 11.339 0.37435 6.6273 3.8224 0.6957 1.2541 0.011041 0.058848 198.61 
0.017658 4.2666 0.015353 29.391 0.39032 7.9537 4.4975 1.0306 1.8614 0.024288 0.10897 159.12 
0.43262 2.468 0.014644 24.556 0.51393 4.8333 6.1693 0.99686 1.4355 0.012927 0.12015 125.04 
0.69124 3.1233 0.0089772 11.136 0.60767 12.771 3.8135 1.3762 1.5936 0.027037 0.12521 98.521 
0.00081263 2.7427 0.040372 5.5423 0.27235 12.414 6.7058 1.5575 1.5968 0.010836 0.13752 131.94 
0.25016 3.1481 0.022444 7.2866 0.51428 12.094 8.0143 0.81098 1.4103 0.026408 0.078109 193.06 
0.76131 3.7314 0.036133 24.019 0.31289 10.175 6.8129 0.99295 1.3037 0.025985 0.094516 148.3 
0.15457 1.3722 0.040186 2.6077 0.55219 11.233 4.7976 0.70769 1.9159 0.018338 0.060764 121.01 
0.56048 2.2107 0.019453 25.949 0.26581 11.852 7.2832 1.3749 1.4158 0.028303 0.098574 92.557 
0.016298 2.5832 0.01619 4.3516 0.55393 6.5889 8.4885 1.2955 1.7517 0.012218 0.10307 133.5 
0.20197 3.1873 0.017976 20.857 0.53102 12.368 8.8513 1.19 1.527 0.022256 0.076969 145.18 
0.54633 1.0179 0.017806 22.205 0.50799 5.4824 6.1319 1.4451 1.9799 0.027436 0.069925 142.39 
0.052322 1.0525 0.011531 9.8778 0.28874 7.8831 8.3158 1.4059 1.2291 0.022342 0.090951 189.63 
0.34694 2.4796 0.028849 26.053 0.58783 7.5184 4.5276 1.0843 1.5425 0.021024 0.11955 197.96 
0.83113 1.5641 0.042744 30.896 0.3946 11.204 4.5418 1.4917 1.6966 0.011064 0.054517 192.45 
0.40458 1.168 0.026472 11.205 0.33311 12.425 3.4179 1.0912 1.5459 0.022126 0.12173 91.452 
0.087662 2.4449 0.020891 28.053 0.47411 13.227 7.2362 1.5772 1.9429 0.023328 0.1361 172.84 
0.412 2.3722 0.040739 30.44 0.27596 13.16 6.5838 0.551 1.2652 0.021872 0.12245 138.38 
0.48182 3.6328 0.0086076 4.2907 0.42206 12.33 3.9741 0.91096 1.8623 0.026236 0.1276 201.44 
0.42386 0.68787 0.014207 17.862 0.37093 4.8007 8.5916 1.6216 1.894 0.020391 0.098257 106.9 
0.58632 1.5012 0.018757 21.905 0.50422 9.552 8.331 1.572 1.9522 0.028191 0.055849 126.06 
0.1035 1.1563 0.014678 19.958 0.61485 6.7989 4.3562 0.73 1.6795 0.017325 0.10455 100.48 
0.83007 1.5776 0.022311 18.796 0.23483 12.671 6.462 1.0224 1.7655 0.025594 0.053452 141.28 
0.79328 4.0761 0.011013 14.385 0.5175 11.616 8.3219 1.3719 1.8425 0.01507 0.11071 93.019 
0.17065 0.72364 0.016174 9.2264 0.32487 12.131 8.2257 1.5645 1.77 0.025942 0.084384 126.67 
0.28684 1.717 0.02104 20.701 0.32218 5.8831 4.1311 1.6134 1.4458 0.016813 0.13846 199.96 
0.61881 1.7561 0.029828 14.597 0.45786 10.521 7.7594 1.4667 1.5039 0.016347 0.053543 88.447 
0.21443 0.81703 0.018367 13.003 0.5564 5.6268 3.5813 1.0088 1.1 0.018458 0.11385 182.83 
0.60976 3.6959 0.038869 14.524 0.46532 4.6536 9.0093 0.65069 1.1094 0.013702 0.14119 181.54 
0.59319 4.4094 0.0087406 21.481 0.36089 8.3009 4.5915 0.72043 1.4731 0.01423 0.099973 116.85 
0.11282 1.2734 0.042825 32.072 0.42763 11.135 8.4518 1.3213 1.3867 0.023098 0.14668 106 
0.045479 4.3023 0.014749 7.3975 0.22994 6.4559 4.9963 1.3985 1.5624 0.010703 0.073968 150.8 
0.44393 3.7244 0.028067 25.773 0.62584 8.3052 9.4166 0.75866 1.4445 0.024726 0.11275 91.32 
0.11766 4.4288 0.019977 15.914 0.62065 9.6713 8.7356 0.63114 1.2413 0.02156 0.11981 173.5 
0.17785 2.8347 0.01577 20.799 0.54783 12.22 7.5708 0.93824 1.4757 0.019632 0.13152 168.82 
0.26699 3.4331 0.045022 23.511 0.39659 10.826 5.2419 1.3223 1.7191 0.025974 0.14507 134.85 
0.52745 4.2163 0.013046 25.721 0.45907 10.069 5.4169 1.5892 1.8828 0.013629 0.060483 192.86 
0.40373 1.9885 0.041055 2.2755 0.54481 6.2837 4.3766 0.80717 1.5116 0.026267 0.068445 148.51 
0.12306 3.0983 0.018512 28.643 0.60033 4.5969 6.1929 0.94157 1.4338 0.022162 0.10066 186.72 
0.81963 1.2361 0.033792 12.264 0.46651 5.1069 8.7205 1.0789 1.2464 0.018824 0.10012 134.7 
0.46954 4.0996 0.029794 32.962 0.56047 5.1994 6.6851 1.6101 1.6691 0.01342 0.090467 104.94 
0.22354 2.9768 0.012044 28.524 0.3135 8.3683 7.618 0.59304 1.1764 0.028426 0.13729 177.77 
0.65522 3.9769 0.040502 28.603 0.27276 4.7917 7.6719 1.1776 1.5193 0.018405 0.073203 196.8 
0.61944 3.8427 0.031134 5.2892 0.59258 6.8321 5.1695 1.3154 1.6756 0.02682 0.089737 142.42 
0.6699 1.2542 0.011921 29.009 0.58587 12.646 8.6165 0.98175 1.3679 0.027835 0.13339 172.63 
0.27899 1.9668 0.022391 5.5051 0.25891 9.6242 4.9805 1.3678 1.5403 0.02324 0.10381 102.97 
0.59017 3.1033 0.025994 32.166 0.57492 10.541 4.3207 1.0215 1.6666 0.025218 0.14809 201.7 
0.4275 0.63252 0.040247 21.948 0.5844 4.5633 3.7523 0.86922 1.3765 0.014152 0.084682 137.16 
0.75819 3.6047 0.038446 30.389 0.25713 7.2163 6.6778 0.65994 1.1411 0.014942 0.078893 116.65 
0.4931 1.8917 0.038934 10.025 0.22038 9.3309 8.752 0.81932 1.3817 0.018232 0.066291 197.02 
0.021764 4.2742 0.023712 20.644 0.29397 4.6419 7.3762 0.88216 1.4317 0.01567 0.10164 144.43 
0.42195 2.3677 0.023432 29.249 0.53718 7.1233 4.0985 0.61971 1.8985 0.017533 0.070125 102.08 
0.48982 0.99203 0.04427 19.018 0.48561 6.4178 4.8581 0.57263 1.9633 0.019124 0.057062 88.228 
0.22249 4.0927 0.032104 16.883 0.43407 5.3843 3.998 1.1768 1.0895 0.019793 0.11906 87.605 
0.41811 2.6612 0.022193 21.616 0.26794 10.495 4.7809 0.60951 1.7651 0.019771 0.13071 102.63 
0.033246 1.6978 0.025102 15.96 0.28738 8.6705 4.4753 0.67396 1.56 0.013039 0.14181 101.24 
0.053911 1.2843 0.03347 4.9219 0.43071 9.403 8.7253 1.4289 1.8394 0.028437 0.10239 202.69 
0.59405 2.2229 0.031832 15.387 0.49202 9.2475 8.0648 0.65289 1.309 0.018687 0.13476 160.96 
0.11074 1.0459 0.034826 8.5964 0.49723 9.8371 7.0295 0.79443 1.6877 0.01433 0.14436 86.873 
0.3024 2.5021 0.018236 22.743 0.538 5.0447 6.9788 1.2995 1.5277 0.019269 0.11177 182.69 
0.030294 2.3851 0.018992 23.781 0.58116 5.2349 5.2746 1.4375 1.1144 0.010141 0.090812 105.95 
0.36543 2.7409 0.011275 7.5696 0.35931 8.8946 9.344 1.1832 1.6208 0.016697 0.080406 122.15 
0.38484 3.7387 0.03903 22.048 0.55316 8.6398 7.3851 0.61459 1.0809 0.0095492 0.081833 167.05 
0.29315 1.428 0.020925 18.19 0.23934 5.7255 8.1556 1.617 1.9344 0.010927 0.065154 175.55 
0.36401 2.4219 0.04412 9.0071 0.59327 7.933 3.9654 1.5427 1.3946 0.017507 0.11701 136.39 
0.37391 2.4616 0.030762 13.79 0.6128 7.2713 6.4886 1.2356 1.6398 0.011983 0.13049 169.35 
0.81592 4.0146 0.039053 27.953 0.5623 8.2116 8.1193 1.2697 1.9477 0.020056 0.14255 201.79 
0.67553 3.3435 0.039528 5.9244 0.41789 10.598 7.1744 0.70502 1.794 0.027712 0.1434 145.58 
0.039824 2.6924 0.036023 29.803 0.5225 10.284 4.165 0.72195 1.9249 0.013359 0.12419 162.6 
0.095853 2.9459 0.018162 12.327 0.39524 8.7761 3.1951 1.6263 1.5758 0.012579 0.05464 129.48 
0.33012 0.60815 0.035017 30.042 0.33179 6.7829 5.981 1.1031 1.6466 0.018641 0.12346 132.5 
0.49343 2.8472 0.017147 4.7093 0.41557 10.369 3.2359 1.3683 1.7221 0.020319 0.10313 134.58 
0.47667 2.6943 0.016493 18.056 0.33896 4.5523 8.2179 0.89425 1.6422 0.015146 0.051756 115.32 
0.38286 3.8256 0.021858 28.704 0.49985 9.7543 4.7436 1.0703 1.3209 0.010745 0.1182 91.924 
0.55667 0.60283 0.023444 12.081 0.21439 5.6558 5.9166 0.99957 1.5996 0.016566 0.067911 125.52 
0.042469 2.034 0.02788 12.398 0.60717 11.273 6.6344 0.85599 1.1183 0.019401 0.058167 169.82 
0.07737 3.5977 0.039955 23.438 0.43755 7.9594 4.1985 0.82735 1.6385 0.011727 0.11087 163.39 
0.43472 0.86206 0.026859 4.6442 0.48765 11.828 4.6825 1.4536 1.8795 0.027549 0.087446 135.6 
0.17568 1.99 0.040948 11.749 0.42463 8.5805 9.1279 0.60489 1.6138 0.01794 0.079952 183.59 
0.35634 0.5169 0.01547 32.447 0.46887 10.15 7.8913 0.63874 1.7808 0.018992 0.10266 96.52 
0.58661 3.1676 0.032787 17.509 0.58728 7.4576 4.05 0.74781 1.2255 0.012814 0.14949 153.34 
0.50402 3.4812 0.017858 21.815 0.23702 11.911 6.5461 0.95975 1.9166 0.025541 0.11495 170.9 
0.14835 1.6432 0.029224 30.137 0.23045 10.424 5.1172 1.4024 1.8005 0.026198 0.11231 156.39 
0.18191 2.5715 0.033179 7.9745 0.40662 8.4181 8.3606 0.83892 1.3084 0.01775 0.061226 190.88 
0.51355 4.0404 0.026525 10.372 0.27877 5.0399 7.5343 1.3069 1.9507 0.0099074 0.10769 145.87 
0.088945 1.6132 0.031091 31.529 0.31994 13.006 5.2822 1.164 1.8678 0.016671 0.09675 173.2 
0.73648 1.3549 0.037474 5.2055 0.3989 8.3375 5.8045 0.6579 1.3605 0.013906 0.12283 189.55 
0.60173 2.8191 0.018084 17.558 0.40517 10.807 6.7121 0.7325 1.1287 0.012062 0.099268 118.65 
0.56134 3.592 0.036748 28.116 0.2646 12.285 7.2219 0.87509 1.4991 0.011202 0.080867 141.22 
0.25407 1.1003 0.034055 9.3387 0.38857 9.9881 3.7526 1.067 1.22 0.015903 0.13982 111.02 
0.078373 0.69865 0.032675 11.754 0.33853 9.036 8.6905 1.4112 1.76 0.02304 0.14316 194.02 
0.24284 1.6594 0.039103 16.615 0.28993 6.3922 8.8683 1.2107 1.6445 0.015117 0.13311 98.073 
0.080889 3.3186 0.035862 14.425 0.60167 7.7888 3.6406 1.5046 1.1658 0.014267 0.086115 99.549 
0.3495 2.7876 0.021593 17.971 0.60647 10.23 5.2041 0.78899 1.3219 0.011015 0.14627 203.77 
0.77342 2.235 0.022435 16.466 0.62921 12.931 5.2661 0.84839 1.2067 0.012501 0.093655 103.24 
0.63172 0.63956 0.027385 10.986 0.27478 6.9171 5.093 0.63387 1.5153 0.023113 0.097464 202.07 
0.79766 4.4222 0.018537 20.819 0.58311 13.148 3.786 0.87713 1.4327 0.024627 0.057714 87.04 
0.20991 3.8869 0.032849 27.311 0.47549 5.7753 7.6429 1.1566 1.0788 0.0097832 0.13026 155.55 
0.43656 3.251 0.043079 8.5672 0.62257 5.9214 8.1261 1.3254 1.9591 0.021738 0.074364 152.79 
0.16352 0.96964 0.038347 16.675 0.279 5.9046 7.258 1.1418 1.191 0.027207 0.13145 173.54 
0.69596 3.9806 0.041829 4.8754 0.35971 9.152 5.5859 0.95204 1.5821 0.019146 0.1226 178.95 
0.6447 2.7009 0.017907 4.8499 0.27041 10.465 9.3284 1.2933 1.2533 0.027554 0.14153 142.71 
0.20121 3.4931 0.01381 23.694 0.60521 8.6608 8.3894 1.3874 1.4831 0.026358 0.11152 130.7 
0.072542 3.7469 0.03314 28.997 0.39249 12.95 5.0348 1.384 1.3797 0.026545 0.14219 110.32 
0.37057 1.1958 0.019842 7.8014 0.52515 12.177 4.8961 1.5599 1.6216 0.021978 0.14599 174.36 
0.41279 2.4949 0.044072 16.345 0.36041 12.055 3.837 0.82514 1.7878 0.014578 0.066856 190.1 
0.24661 1.7888 0.011411 16.054 0.60278 9.9379 8.1695 1.5547 1.2554 0.018367 0.11033 110.19 
0.53056 1.0385 0.030399 19.101 0.35588 13.447 6.0065 0.81447 1.3783 0.014842 0.12791 180.75 
0.63098 3.8329 0.027416 1.6554 0.33542 13.353 5.6379 1.2994 1.1935 0.021662 0.11241 199.56 
0.76818 3.4367 0.016231 31.496 0.61795 6.2176 8.5831 1.1263 1.5053 0.015572 0.13135 118.88 
0.32166 3.2931 0.035985 28.182 0.46255 5.3139 5.736 1.0133 1.3231 0.017869 0.093908 140.12 
0.26516 2.8059 0.010588 4.0822 0.52971 12.088 6.8866 1.2288 1.2389 0.012768 0.10229 162.34 
0.51689 2.6307 0.010287 4.9717 0.31439 9.3548 7.0729 1.0266 1.5322 0.020268 0.062898 104.68 
0.45555 1.4769 0.040315 26.738 0.56604 4.6727 3.5729 0.92685 1.3466 0.014628 0.092883 116.43 
0.68961 1.6033 0.044916 0.48965 0.37747 4.6019 5.2266 0.61264 1.6361 0.016157 0.1427 110.1 
0.34242 1.3955 0.02613 21.243 0.37944 8.5314 7.6999 0.64923 1.6822 0.016956 0.13324 163.67 
0.45444 1.1264 0.016988 9.4732 0.5739 10.984 4.1504 1.2028 1.1128 0.012369 0.091773 134.38 
0.22713 3.2386 0.010844 24.38 0.43594 10.891 7.8092 1.4192 1.9462 0.020483 0.052527 146.99 
0.25795 3.1662 0.024187 20.154 0.53831 7.2247 3.6524 0.88716 1.8139 0.023985 0.12334 159.7 
0.79598 0.98067 0.027171 2.7093 0.28129 8.6776 5.5761 1.3941 1.8033 0.026336 0.10105 130.29 
0.43739 3.5182 0.031575 3.5676 0.40465 5.5382 9.1921 1.122 1.3612 0.017196 0.078858 105.68 
0.18827 4.2832 0.010033 10.81 0.59437 7.662 3.2565 0.60682 1.1919 0.022184 0.061076 108.57 
0.39514 2.4 0.026815 1.9388 0.51243 7.5363 4.069 1.0078 1.3853 0.025793 0.094927 112.39 
0.80627 3.9666 0.038854 8.7116 0.5062 6.1459 3.1918 1.29 1.5164 0.016519 0.052952 185.3 
0.079266 2.5544 0.030926 23.861 0.45173 4.9646 5.4159 1.2306 1.6515 0.024577 0.087163 202.26 
0.55221 3.2205 0.044572 23.568 0.39925 6.0773 7.0603 1.1623 1.415 0.016117 0.08751 199.28 
0.56345 3.7755 0.039844 20.407 0.4943 7.549 3.6878 1.4682 1.3288 0.010354 0.1266 192.64 
0.36633 2.8526 0.040975 19.353 0.27971 11.175 3.9397 1.3184 1.9546 0.02561 0.14561 176.65 
0.19429 2.0041 0.037012 11.894 0.6137 6.5259 9.3214 0.61086 1.707 0.017372 0.1104 123.87 
0.78049 3.5086 0.0095243 1.4752 0.30506 6.6043 6.6976 1.3172 1.8436 0.012827 0.075983 116.17 
0.6072 3.0898 0.030067 26.657 0.50952 12.784 5.0126 1.1927 1.5443 0.019086 0.11023 98.946 
0.056243 3.2783 0.009488 3.0846 0.50495 12.615 3.3809 0.75155 1.2576 0.021132 0.1048 175.3 
0.15156 3.3835 0.017315 17.084 0.46749 12.191 9.1756 1.4401 1.9688 0.020964 0.11223 94.633 
0.75013 2.335 0.041299 24.53 0.25521 9.6441 7.3271 1.3421 1.7637 0.021445 0.092869 104.84 
0.29141 2.001 0.024034 15.437 0.36332 6.4743 7.9408 0.5659 1.7629 0.010732 0.0678 89.957 
0.45843 2.2528 0.0098414 5.4047 0.44326 5.6191 6.0445 0.59563 1.7094 0.01087 0.13099 108.94 
0.59186 3.5377 0.018885 10.094 0.40203 4.633 9.1641 0.86722 1.27 0.020162 0.10644 137.8 
0.50015 2.7825 0.025463 27.366 0.47497 13.058 4.381 0.84275 1.3826 0.014861 0.099033 87.235 
0.79943 2.6772 0.0082849 1.3972 0.33637 11.05 8.98 1.2274 1.3749 0.022854 0.088123 128.54 
0.82892 1.2749 0.041991 33.681 0.44578 10.7 5.2123 0.78127 1.747 0.0145 0.10047 127.59 
0.38332 2.9298 0.009668 2.4371 0.47065 9.5287 8.1895 0.7654 1.4613 0.026307 0.074611 171.28 
0.058167 3.5256 0.044313 24.061 0.55944 12.281 5.3768 0.69629 1.2445 0.020641 0.12873 97.307 
0.50214 1.02 0.027076 11.177 0.59114 13.404 8.8376 1.1137 1.7744 0.026047 0.13082 195.07 
0.24368 1.8218 0.0081947 3.6639 0.27531 8.7002 4.2987 0.74864 1.1957 0.024548 0.13327 121.48 
0.69457 1.3916 0.03088 7.6033 0.40307 7.0709 4.9621 1.1755 1.7904 0.017462 0.072367 93.725 
0.60258 4.1356 0.020574 7.625 0.54518 9.7124 4.4325 0.5537 1.1565 0.02453 0.12184 194.66 
0.25668 1.9269 0.042491 9.6066 0.36145 11.27 3.9939 1.3557 1.8836 0.0099534 0.095264 177.6 
0.71192 1.587 0.01434 15.206 0.25791 12.469 8.7065 0.68394 1.3919 0.022108 0.062321 179.01 
0.62509 1.4743 0.028453 1.752 0.32773 4.5309 5.1915 1.3387 1.1323 0.018291 0.12542 112.63 
0.80277 3.4286 0.021664 9.4141 0.4783 10.026 9.1582 0.76108 1.8266 0.016074 0.13895 203.45 
0.39168 2.6892 0.041903 22.462 0.29111 5.3947 4.5452 0.67636 1.966 0.010553 0.11109 187.11 
0.13212 2.2178 0.026914 13.066 0.45326 5.3374 3.8562 0.62895 1.6678 0.014515 0.075444 98.145 
0.11711 0.81594 0.034972 15.688 0.41337 13.214 5.791 1.0486 1.8774 0.010797 0.12647 131.39 
0.14429 1.5197 0.025667 15.55 0.6295 9.1452 4.5952 0.78935 1.4958 0.016646 0.10858 90.7 
0.094199 0.61515 0.039358 18.138 0.61934 11.407 4.8261 1.1813 1.9072 0.0095034 0.14794 183.62 
0.37137 4.0322 0.03639 9.9875 0.31468 5.6408 7.8147 1.0736 1.4535 0.021064 0.10833 159.47 
0.54398 3.6314 0.042325 10.407 0.36862 12.436 3.3588 0.99539 1.8038 0.027089 0.05284 137.53 
0.53203 0.67954 0.032259 8.5524 0.49831 5.9684 3.204 0.94245 1.142 0.018936 0.075651 105.5 
0.23209 4.3678 0.019399 18.959 0.51826 10.122 5.2152 0.76421 1.1357 0.018851 0.090607 158.93 
0.74029 3.2282 0.044508 17.333 0.22121 12.069 5.7765 1.5262 1.1973 0.012188 0.087944 171.71 
0.66203 1.4 0.039985 13.3 0.60933 6.9941 7.117 0.74233 1.2131 0.025377 0.058677 114.33 
0.20017 0.67543 0.030931 16.304 0.2965 9.4646 6.4234 1.4587 1.2893 0.020432 0.1073 191.4 
0.54447 3.8481 0.040049 2.5047 0.61259 5.8218 3.5245 0.71 1.6976 0.017929 0.12629 174.67 
0.14706 2.1446 0.013071 2.9151 0.29787 12.997 7.9168 0.67065 1.5893 0.022041 0.13622 116.38 
0.82372 3.1559 0.015108 0.98804 0.41462 6.344 6.0827 1.3232 1.933 0.024866 0.059243 165.5 
0.79849 3.8583 0.013599 7.5042 0.2537 6.0506 6.0208 1.2047 1.772 0.010409 0.093445 197.58 
0.11223 3.1331 0.014114 0.26764 0.3228 9.8941 8.3758 1.5696 1.3704 0.011352 0.10353 122.27 
0.1611 2.2878 0.01761 1.5763 0.26713 9.3631 5.6711 0.93092 1.0942 0.022935 0.12206 156.81 
0.61786 1.0046 0.04297 32.754 0.30376 13.342 8.642 0.95558 1.2816 0.019063 0.11328 136.5 
0.67891 2.3188 0.031344 0.72289 0.43015 7.6216 7.4004 0.56148 1.8134 0.023467 0.072166 191.07 
0.28372 1.745 0.028368 6.5067 0.3732 6.2095 4.4197 1.0714 1.6898 0.020359 0.13666 85.674 
0.55059 2.0088 0.033939 23.612 0.47295 9.5128 4.2143 0.84102 1.1028 0.02725 0.14336 139.54 
0.32712 1.3189 0.013305 17.407 0.6278 9.2638 3.2855 0.88584 1.5561 0.024444 0.068741 109.08 
0.2901 1.9615 0.02923 23.272 0.38149 9.5809 8.1131 0.59497 1.1481 0.019866 0.094795 102.8 
0.64308 2.0871 0.015808 9.9119 0.38911 7.2005 4.4069 0.69202 1.6493 0.01224 0.13059 118.45 
0.062224 3.5304 0.039151 0.22589 0.36559 9.8816 6.289 1.311 1.1013 0.020293 0.10437 144.77 
0.16668 0.79504 0.035455 18.879 0.29955 12.961 4.8411 1.5074 1.8324 0.014006 0.052629 112.24 
0.48055 3.7506 0.018803 26.97 0.4669 10.35 4.9468 1.2679 1.0853 0.0098139 0.050329 119.05 
0.01478 1.0479 0.0087741 10.96 0.33689 12.38 6.2394 0.81257 1.6652 0.021654 0.069717 97.358 
0.36111 2.7787 0.03764 5.2038 0.46944 11.26 8.8788 0.63558 1.8665 0.012617 0.082338 115.92 
0.67064 1.3621 0.030005 6.3637 0.32352 5.0847 5.439 0.84322 1.7569 0.023832 0.071179 187.32 
0.44304 2.5158 0.024949 6.8241 0.41984 6.5936 5.841 0.97049 1.9574 0.025634 0.058392 162.44 
0.55777 2.4526 0.014537 27.018 0.31841 8.6206 3.613 0.68909 1.2509 0.025854 0.06403 136.04 
0.71953 1.3117 0.04216 9.844 0.45099 10.04 6.8264 1.3315 1.9233 0.017555 0.12198 137.29 
0.67309 2.0811 0.032886 17.763 0.54036 12.988 4.7738 0.89689 1.6331 0.010925 0.059668 166.67 
0.74813 1.0283 0.043988 29.315 0.24658 5.2809 5.5312 1.078 1.6725 0.017268 0.12763 204 
0.30924 0.49703 0.016038 10.156 0.22351 7.3437 8.5603 1.5524 1.8926 0.017828 0.13528 166.38 
0.39948 1.6718 0.039778 17.848 0.23856 8.5444 4.4389 0.85298 1.1157 0.013341 0.065453 88.678 
0.32279 3.7789 0.017073 22.597 0.23981 11.157 7.9622 0.96612 1.341 0.01389 0.12036 165.68 
0.035549 1.2818 0.01198 17.948 0.36703 12.878 8.7049 0.59907 1.7669 0.014047 0.089106 124.56 
0.54052 1.7511 0.025172 21.373 0.28499 12.813 9.3169 0.83208 1.2201 0.012383 0.057309 201.18 
0.17607 1.6789 0.038322 8.8131 0.43428 12.733 7.4709 1.2482 1.7613 0.027421 0.080241 123.39 
0.18877 4.0163 0.028413 16.264 0.5363 5.1451 7.821 0.83116 1.2913 0.021715 0.062422 138.41 
0.38722 4.1963 0.013286 14.929 0.43316 11.291 6.0018 1.5248 1.1671 0.027333 0.070886 178.05 
0.23448 4.3928 0.0091743 13.742 0.54738 6.2341 9.3824 1.5286 1.9762 0.023559 0.099711 103.14 
0.19302 3.8205 0.016662 27.193 0.21197 12.078 6.8624 0.88043 1.4007 0.025456 0.112 172.15 
0.75535 2.0999 0.010685 7.1105 0.50235 11.514 5.905 0.57908 1.3648 0.012591 0.14441 178.82 
0.81647 0.82766 0.013888 13.282 0.5292 13.114 9.3606 0.60212 1.7269 0.02272 0.11868 191.59 