2.551350
3.945400
3.065300
2.159800
1.398000
2.207250
2.144400
1.565650
3.592150
0.848850
2.533250
1.485500
2.080700
3.328250
2.306600
2.097350
3.848950
3.745400
3.102500
2.599900
1.343400
2.168750
3.538350
2.184350
1.148600
2.337800
2.647050
3.189500
3.906800
3.035550
2.600500
0.535900
1.861050
2.987550
2.867050
4.078300
1.743200
3.359100
2.204200
3.127500
5.162850
2.889600
4.642250
1.405950
4.061150
2.998450
2.931600
2.319300
2.586700
2.728100
3.302650
3.294350
3.391300
2.802600
2.611750
1.785000
4.346850
2.350000
2.386900
3.713800
2.720050
3.655500
1.826100
2.517900
2.417350
1.634000
2.446500
1.941950
2.263800
3.119950
2.738900
1.011150
3.386150
1.735900
1.429400
2.766800
2.459950
3.819150
1.724700
2.134250
2.780850
1.046850
4.184950
2.223900
1.621150
2.206200
2.853600
2.710250
3.726250
2.020050
0.742600
1.633750
1.861300
2.576400
2.972350
2.679950
2.968650
2.532500
3.297150
1.929900
4.847200
2.913100
1.623600
2.478250
3.406200
3.277950
4.056200
2.540850
3.675300
1.646650
3.807050
3.131600
3.312600
1.319500
3.577400
1.494500
1.910750
2.192450
3.854950
3.978300
4.932550
2.618250
3.557300
2.814050
3.710850
2.274950
2.986500
1.917350
2.876450
2.569100
4.450100
2.353650
1.395700
2.955600
2.407550
2.570600
2.878100
0.993100
1.261100
3.948550
3.033500
3.881050
2.316550
3.428550
2.518650
1.816600
3.135350
2.839550
2.714500
2.778650
2.471450
3.212150
2.413050
2.244500
1.398050
1.380500
2.068550
3.804350
2.153700
3.854150
4.258800
1.927000
3.301350
3.208600
1.550100
1.870500
2.125500
1.648000
1.584650
2.551950
3.519000
2.043650
3.165500
4.058550
2.105550
2.028350
1.129400
1.536900
3.425000
2.799100
2.362300
3.358650
2.741450
1.406650
1.952150
3.101050
1.958700
3.038500
3.156500
3.687600
3.149450
2.784400
2.751400
2.914950
1.335600
1.598800
1.069050
2.154100
1.273200
2.380500
2.246150
2.509350
2.679100
2.593600
2.190200
3.807300
2.984650
1.660500
3.411750
2.562950
3.351850
3.689600
3.985750
3.369900
2.636950
2.633000
3.637300
3.347850
1.940900
4.240250
1.822150
2.655500
1.007700
2.504850
1.439950
2.847800
3.704250
2.347450
2.468400
3.010350
2.601900
2.266250
2.477900
1.482500
2.914700
2.534350
1.441700
2.021850
3.388800
1.378800
1.001500
2.711150
2.719850
3.127150
3.875900
3.184000
3.077450
3.931650
2.552300
4.150750
2.064150
2.736250
2.082550
2.836300
2.886950
2.757850
3.830900
2.269100
1.891350
1.479150
1.916800
1.227150
2.983750
2.343850
1.488450
4.256800
2.636400
2.033600
3.684700
2.344950
1.564150
3.833450
4.323850
2.400300
2.644850
2.555200
3.699350
2.597000
2.467950
2.559250
2.458750
2.452750
2.035700
3.555200
4.828250
3.990800
3.540950
2.894900
1.366600
1.151900
2.923000
2.138750
1.327100
2.227450
1.347100
1.164750
3.807900
3.810150
2.401200
2.493350
2.595400
2.385850
1.718700
1.857900
2.631550
3.014150
2.586100
2.244250
3.401500
2.000050
2.040850
3.197300
1.753450
3.037700
1.644350
1.338100
3.461750
2.482050
1.351850
2.390600
1.667950
2.083500
1.562200
2.198300
3.442750
0.858900
3.835100
2.639250
1.347800
2.854600
3.819850
1.521000
3.264400
1.654450
2.177200
2.882650
2.844750
3.207900
0.888300
4.080250
1.041200
2.960300
1.609600
2.752100
3.718700
1.419750
2.433200
3.453300
2.189300
2.635300
2.487800
2.319200
3.806600
2.051800
1.693700
2.089650
3.622000
2.000100
2.473650
1.904950
3.028500
3.183500
2.338700
3.390150
2.056700
3.145850
1.351050
2.243150
2.877150
1.949650
1.413600
1.701850
3.376850
4.219900
3.764400
2.795900
1.494300
1.911250
2.237400
3.627950
3.719650
1.887250
3.280950
3.723150
4.112900
0.995850
2.750300
2.879700
3.103200
2.685650
1.648700
3.942850
2.794300
2.846250
3.901500
2.131400
1.577500
3.336300
1.971900
3.801250
3.726950
3.221350
3.183350
1.319250
3.858900
1.840300
1.630150
2.408150
1.128900
2.689350
2.472000
1.591600
2.786150
3.103550
2.888900
1.387250
1.987800
3.321750
2.345100
2.930450
1.549900
2.526000
3.779750
2.807550
1.117950
2.792300
2.346650
2.856000
2.684650
2.733800
2.356150
2.329200
3.786550
1.791500
2.026350
0.875950
2.422350
4.489150
2.486600
2.281600
1.474650
2.305700
2.037600
1.674400
3.434100
0.551950
2.876350
1.552350
2.216750
3.900500
4.178600
0.927100
1.543650
2.353200
2.101000
3.431500
1.707000
1.688600
3.754850
3.173600
2.390250
3.197550
1.252650
1.986050
3.122700
3.359800
1.544200
2.485550
1.088250
3.372700
2.871750
2.772950
2.914300
1.742500
2.652050
2.594000
3.486600
2.983400
1.346250
1.726650
5.144150
3.172050
2.533200
1.317450
2.002700
2.575250
2.541900
1.373400
1.514050
2.929150
3.191500
1.683650
1.607900
3.262600
4.230100
2.242600
1.624200
3.356650
2.737950
3.808400
3.093200
2.431950
3.041000
4.623900
3.357750
2.084750
1.978850
2.532600
4.022250
2.718950
1.336600
2.775450
3.464200
2.816800
3.301300
1.551700
1.178650
1.653200
3.134750
2.462500
3.937700
4.333500
3.262150
2.527050
1.102250
3.533450
2.755300
3.885700
5.020500
2.315950
1.929100
1.758850
1.778150
2.334650
1.775850
1.557250
3.400600
2.547900
0.986700
1.656850
2.118450
1.402550
1.961150
2.010000
2.775800
1.692650
1.784750
2.353500
2.948800
3.011850
2.772000
2.540400
2.487150
1.564000
2.662550
2.729300
3.429750
2.593800
4.331150
3.240800
1.908950
4.243100
2.496200
2.860250
3.388450
3.833300
1.724200
3.017300
2.998900
2.972350
1.784600
2.336150
1.729150
2.836050
3.012400
2.962250
3.718600
2.489150
2.008600
2.366050
4.058750
1.395300
1.745950
3.680700
3.717500
3.719450
2.965250
2.645550
3.115350
2.459050
3.458100
3.286850
2.707400
2.055900
2.635050
2.650300
4.678650
1.640850
1.568050
1.970200
4.197800
2.303100
2.490350
3.045750
0.898950
2.056200
2.132400
1.621700
2.943850
3.169100
2.067500
3.163850
1.361700
3.624600
2.721600
1.791350
3.561450
3.487300
2.294350
2.066100
3.526950
1.841500
1.497700
1.830400
1.124950
2.588800
4.923600
3.783900
3.618600
3.323750
3.255450
2.584850
2.335200
3.632650
2.478000
2.795800
4.385100
1.975500
2.702900
3.729300
2.439700
3.226300
2.707800
1.919150
2.444650
3.914700
3.602650
2.384950
4.248600
2.239400
3.827300
2.412400
4.192250
2.783650
2.674350
3.393500
2.172550
1.500200
4.550550
2.591800
3.472600
3.121850
3.666600
2.756300
2.875600
2.580350
1.367200
2.561450
2.827400
2.336150
2.669300
1.828700
1.016050
1.877700
2.496300
4.224550
2.781300
1.695450
2.798550
2.897300
3.100000
2.135250
3.919350
4.022300
1.985100
2.876350
1.695800
3.114350
1.397000
1.905550
1.712450
1.260200
2.461000
2.268500
3.156400
4.051150
2.688150
3.912200
3.277800
2.251950
3.055650
2.023850
3.440700
2.725000
3.315650
2.488450
3.388200
2.778100
2.292200
2.917250
2.229000
2.912550
2.962250
1.619050
2.165150
2.079700
1.130200
2.364650
4.464850
2.285000
2.229150
1.515050
3.485350
2.952000
4.219750
1.383150
2.294450
0.857950
2.335750
2.659950
2.258950
3.777950
2.036800
1.647850
2.500500
4.136900
2.615850
3.823250
2.423950
2.398800
2.021150
4.065900
1.561700
1.463100
2.586550
3.044800
3.546500
4.375000
2.431950
2.808050
2.160050
2.897800
3.131250
4.979200
1.867750
2.238100
3.462700
2.508150
2.323200
1.220200
3.675100
2.465100
2.468850
1.991000
1.909400
2.024750
2.419300
2.116500
1.964650
2.517000
2.882350
2.478200
3.228400
3.771450
2.545950
3.840250
1.738050
3.840750
3.062950
2.662050
3.116100
2.616400
2.193400
3.213000
2.295850
3.072700
2.308450
2.866300
3.745200
1.396750
2.376400
2.948150
1.358200
2.331950
2.853550
2.974850
2.260400
1.197900
1.686200
2.701750
4.028100
1.203700
3.729450
2.637900
1.883750
1.177500
2.945200
1.605150
2.532350
1.692450
2.373900
1.544700
3.652100
3.258550
2.171900
1.632400
1.937600
2.599650
2.209900
2.185950
2.676400
2.828750
1.471200
2.931800
2.997000
1.723900
1.386150
1.917800
2.603300
1.398250
2.320900
1.779650
3.825650
2.686400
1.510450
