9.961200
11.655510
12.092380
9.949990
11.873580
12.163830
11.989340
7.945490
12.260970
9.611980
8.667580
8.568130
8.783030
9.251170
10.008930
10.151770
12.219570
12.933820
10.404300
12.412120
9.631720
9.961930
8.957130
8.436690
10.616520
8.117480
9.333510
9.325430
7.941810
9.890710
12.283490
7.876360
7.783870
12.011750
9.670140
8.700680
10.348560
9.734430
9.669870
8.748670
9.330860
11.054300
7.097210
10.425580
11.634860
10.385310
9.163160
10.768600
10.334750
10.500780
9.018130
8.914880
8.112220
11.013740
12.314950
10.985330
12.218990
8.276810
11.533920
9.604920
10.120690
8.353620
8.580720
10.228830
10.264050
9.090050
9.186360
9.002660
10.599760
8.429090
7.054360
12.319240
11.645230
8.713400
11.728490
11.841550
13.515660
6.809980
11.256430
8.078340
10.336590
10.887150
8.933250
14.138640
9.026800
9.317810
8.558870
9.689080
9.276980
10.921440
10.756000
9.598550
12.377770
9.855630
10.202250
10.183190
8.010320
11.383500
9.812860
8.932360
10.418370
8.141220
10.507440
8.418080
11.130360
12.591520
11.141700
12.323700
12.398050
8.410700
11.464290
8.002150
9.755780
9.565810
8.865320
10.121280
13.099110
11.719570
9.320550
10.977040
11.300230
8.282550
12.992140
9.877190
9.062660
9.327360
9.552780
8.144860
10.700980
8.953500
13.115000
13.153070
10.824560
8.585590
13.496590
11.788400
8.811200
10.954230
10.175910
12.996100
9.241060
10.845910
10.316140
10.483050
8.321120
10.084500
11.592430
11.802470
10.714840
11.183370
7.438780
8.529450
9.128030
9.065850
9.735100
10.830800
12.344980
8.957030
11.038720
9.507810
7.483140
9.710390
8.136180
11.707790
11.904030
9.398890
8.225790
10.614470
9.231900
12.877550
9.852410
8.042750
10.138940
9.918840
10.123300
13.198110
13.381130
11.474420
10.946170
9.855670
8.702800
10.990850
8.045060
7.964690
11.223790
9.277710
9.362250
11.359970
12.776750
11.808430
10.845000
11.408580
9.290080
9.789490
10.644450
11.142290
10.276720
9.628210
9.850760
10.878220
13.186680
9.490180
8.972130
10.255820
9.912430
9.501550
8.417060
10.127620
8.099630
9.687300
10.099210
10.252590
10.232670
11.800170
8.346290
9.602570
11.874500
12.052570
9.435970
11.540890
11.359500
10.410960
11.887520
11.895980
10.061170
10.534420
10.088170
9.669330
9.757180
9.401810
11.559900
10.327930
10.949780
10.417990
8.885720
9.034580
11.149450
12.143310
10.939230
13.024990
8.962230
8.196680
10.667810
10.984860
10.368310
7.617510
9.215160
11.242270
10.127890
11.072990
12.637600
12.537500
10.078200
8.244670
12.498150
9.649390
7.565980
8.838270
13.115790
8.005130
7.239130
9.998330
8.264690
8.751730
10.885060
11.207550
12.575700
11.135080
7.620970
8.367430
12.845110
10.880780
11.103640
8.995390
11.408730
10.321870
11.998220
10.299120
10.499530
8.686750
13.010840
8.214710
7.642470
10.065880
10.582610
9.985120
10.715710
11.455800
8.284830
10.006590
11.020960
12.081690
13.274850
10.765210
10.176850
10.904680
7.894590
12.338470
12.707900
10.818070
9.661210
8.841440
11.535990
9.280600
9.131940
9.003480
13.213760
9.705510
10.920560
11.571330
12.638300
9.823620
8.111450
10.055620
8.206660
8.974600
10.964210
8.232210
10.208000
12.931020
10.920540
11.699930
13.163470
11.731550
8.900680
13.069460
8.644090
10.811690
8.754170
8.677440
10.116990
8.020380
8.722700
7.843760
10.892640
8.408790
12.841530
11.901580
9.363620
7.580820
10.853240
9.386460
10.404140
12.118580
9.309960
11.047390
7.045300
9.580020
12.770050
10.620120
11.182190
7.102850
7.978470
9.809110
7.232830
9.946270
8.711690
11.256410
11.487240
12.633910
9.678910
11.594860
9.467250
6.685710
8.360650
10.821660
12.209030
12.699450
9.775560
7.948660
9.905480
14.152220
9.014680
10.961850
11.086760
10.873260
9.170510
11.856300
9.216230
12.421860
8.588090
10.895440
7.142960
14.896450
11.337680
8.129420
10.928660
9.489950
10.250650
11.220480
9.728050
9.713360
12.355830
9.862590
10.192320
7.435500
7.717790
8.390800
8.408010
8.551900
11.597220
12.408850
11.781820
7.490450
8.035940
11.033350
7.972310
9.244920
10.358040
13.626010
10.478430
11.552740
8.652250
10.742820
7.019470
8.433320
10.004700
11.969180
6.787110
11.786200
9.192260
7.873250
8.127640
9.820190
8.688010
10.748770
10.166880
10.722630
11.049410
14.175700
10.901540
11.529180
10.572190
9.021620
9.671310
8.060920
9.565280
9.301400
10.797870
11.343610
7.598780
10.932180
8.134690
8.065300
13.492650
12.846090
9.486380
10.750470
10.786780
11.776100
11.079470
12.265250
9.108900
9.422840
10.363040
9.380250
12.176820
9.518530
9.806470
8.095660
9.789810
10.870260
9.974170
13.331690
11.242390
11.875800
11.849040
12.678960
6.710940
7.660410
6.902640
9.845980
12.939450
12.481880
9.726590
11.755650
9.220680
9.820590
8.856590
7.036660
11.652100
11.160960
9.785240
10.165370
11.375660
11.544560
7.091240
10.018940
9.775950
10.506070
8.150360
9.346340
12.091470
9.829920
8.190040
8.675460
9.170980
12.693400
9.360410
10.368800
7.333840
11.968680
9.672430
10.110800
8.172830
8.690490
8.893550
11.846330
8.508270
7.695720
11.251800
9.530420
10.365970
11.073090
10.185190
8.009210
9.353810
9.395850
10.962400
8.659580
11.540920
10.867980
10.607190
10.042070
9.528470
9.142100
11.398700
8.669020
9.063330
9.981430
10.394480
10.768980
9.533740
9.289260
9.899700
9.013230
7.848200
8.219670
11.797000
8.981960
6.738830
11.644330
8.549670
7.626290
12.208100
10.022230
8.783860
8.497520
8.448800
10.072180
10.888750
11.932870
13.062560
8.549080
10.101480
12.795720
9.353760
11.212910
8.732380
9.131030
12.031220
7.811120
7.603150
8.604580
10.122320
10.745510
12.733650
10.519120
11.855390
10.113000
8.694480
12.092090
11.704990
7.797930
9.537910
9.634880
7.922000
8.720700
8.720530
9.969040
10.910560
7.246090
9.712990
11.952610
11.885370
8.675790
12.095820
11.818440
11.008120
12.534820
11.672990
10.088580
9.045590
11.562460
9.022900
6.929530
9.028170
7.641090
8.511520
11.282040
13.606190
9.952320
7.820790
10.916520
10.297940
8.908450
9.085140
8.726530
8.691160
11.373210
9.908650
10.532630
11.180870
10.784030
8.396690
9.466540
9.773050
10.588640
9.598300
8.793890
10.801730
9.389450
11.751100
9.163210
12.208770
9.071940
7.819030
7.120560
10.982650
11.679320
10.670310
10.435640
9.450270
8.412620
10.158610
10.895350
11.160320
11.861210
11.609720
9.140070
9.856100
11.661190
8.085040
8.019920
11.992690
8.886220
11.568810
8.762370
10.136700
11.375870
8.361680
10.728250
13.386460
8.220200
11.874970
8.390290
10.579500
7.908670
10.205100
9.590830
10.511490
11.048110
8.688170
11.415330
11.748160
9.778870
13.109510
8.887440
10.042240
12.229870
8.332550
10.278440
9.696880
10.125130
11.729640
7.360300
9.453100
8.223830
13.069740
10.069210
7.528870
9.423410
10.509020
11.931590
11.211660
10.193160
8.519930
9.376990
9.094630
11.355760
6.637180
12.329300
10.401420
9.100150
7.244440
11.026740
12.111740
10.838100
8.848830
7.473000
8.584920
10.275080
7.930550
9.649540
10.989080
9.341460
7.837750
7.060260
9.877300
11.239450
12.507010
7.865130
10.700920
10.245170
10.289210
10.309880
9.527080
11.496090
11.716270
11.403480
9.225590
12.337880
10.540290
9.611420
11.051980
11.537990
11.680640
9.470440
8.573290
8.839240
10.442500
11.030670
7.786580
10.030010
11.664300
11.032470
9.151320
7.883290
8.553120
10.023750
11.574320
13.778030
9.623430
12.841630
12.870740
9.990070
9.895600
12.873580
6.756410
11.641140
11.086960
12.321340
7.606740
11.395280
8.836150
9.651140
8.982170
7.659770
10.909740
9.146760
12.535180
11.523590
8.738390
11.565670
7.581570
8.997450
8.777750
9.310120
9.826700
11.549260
11.305450
12.219390
10.221300
9.951030
9.263200
11.064200
10.575210
7.978170
10.260630
9.849850
10.726800
9.195580
10.499840
12.415320
10.311570
9.007470
10.305150
10.283460
9.453820
11.317670
11.166260
11.831440
8.542260
9.614110
8.456530
8.343380
11.534860
8.075860
8.734360
8.224130
10.351390
10.442300
10.992800
9.617700
9.971810
9.245990
12.464920
10.073680
11.767440
12.432080
7.282740
10.262020
11.324350
9.797940
10.289350
10.371120
12.380750
9.551090
11.055170
7.627870
