0.7542
0.6057
0.6918
0.41435
0.65705
0.6611
1.0586
0.7593
0.9097
1.19475
0.46855
0.44625
0.96115
1.23195
0.80705
0.15885
1.6202
2.20035
0.5642
2.17065
1.11665
1.08605
0.6694
0.6379
0.80445
0.92975
1.01675
0.98095
2.08675
1.75375
0.63835
0.9907
1.0047
0.9716
0.89515
0.78845
1.27505
1.16165
0.5667
0.35435
1.17055
2.1443
1.7577
2.0623
0.9981
0.4798
0.8056
0.56835
1.6904
0.7426
1.083
1.6664
0.42365
0.58925
0.7724
0.65155
1.03825
0.5573
0.937
1.02185
1.1665
0.6165
2.05265
0.56495
0.3983
1.48465
0.44695
1.09835
1.06765
1.5924
0.81905
2.42915
1.569
0.70885
0.81895
0.7439
0.50075
0.75275
0.90475
0.408
0.94495
0.5449
0.43025
0.96485
1.52065
0.5288
0.9807
0.4558
1.1849
1.04275
1.6037
1.07495
0.53635
1.24345
1.2567
1.07405
0.9547
1.36145
0.81455
0.595
1.08345
0.4229
0.43525
0.69935
0.66685
0.76485
1.4433
1.14095
1.09145
1.75825
0.91725
1.00165
0.97575
1.8299
0.5848
1.4091
0.6522
0.26325
0.51945
0.98085
1.2369
0.96465
1.0994
0.79385
2.07955
1.12905
1.1112
0.7789
1.95325
0.4493
0.5722
0.66275
0.5875
0.40445
1.01635
1.1591
1.0443
1.5132
1.3285
1.22655
1.48445
1.46335
1.12765
0.52545
0.89215
0.6148
0.84315
0.7806
1.58165
0.9068
0.57325
0.7871
1.00425
1.0983
0.76655
1.64765
1.28495
1.37835
1.205
0.4889
0.79825
0.46305
0.5456
0.4158
1.3461
0.4009
0.7375
0.62135
1.8622
1.49425
1.76925
0.85015
1.09985
0.9901
0.90885
0.9629
0.73445
0.93665
0.752
1.0132
0.7325
0.80875
0.77985
0.37165
1.07105
0.33745
0.4843
1.1289
0.64755
0.8158
0.96775
1.10725
0.9696
1.4831
1.32385
1.02845
1.00525
1.00905
0.91635
0.9976
1.23895
1.51685
0.79605
1.20395
0.509
1.0948
0.56065
1.07405
1.28055
0.5267
1.773
0.6777
0.66725
0.77155
1.63045
0.73325
1.41005
1.34085
0.92955
2.0804
0.47535
0.3857
0.6416
0.7647
1.0401
0.86455
1.2033
1.16885
1.4834
0.4976
0.87675
0.63005
0.86665
0.6596
0.91835
2.4014
0.5265
1.69485
0.8677
1.70765
1.1184
0.58575
0.8083
1.2482
0.4631
0.669
0.48435
0.56055
1.3867
0.87925
0.84345
1.0395
0.45035
0.35625
0.81845
0.79725
1.02855
1.094
2.04445
0.7329
0.9641
1.0854
1.01885
0.99925
1.40465
0.47505
1.7379
0.4197
2.2848
0.5056
0.42855
0.64365
1.9954
0.8007
0.5339
1.59215
0.52815
1.49895
0.35375
0.96415
0.62945
0.27355
1.10235
1.99005
0.6937
0.4726
1.5067
0.38275
0.7363
1.21275
1.1289
0.8037
0.74525
1.0122
1.34885
0.9742
0.7125
0.8498
0.8311
0.2446
0.95125
0.62905
0.5451
0.48825
0.556
1.67055
1.0699
0.63085
0.76365
0.7761
0.578
1.2768
0.5609
0.7859
1.16115
1.66215
0.57325
0.86295
0.53015
0.7413
0.6749
1.6143
0.9732
0.4814
1.3231
0.8259
0.41515
1.266
1.5862
1.23125
0.8734
0.50065
1.2294
0.98675
0.3731
1.26505
1.13545
1.16715
1.3651
0.7117
0.6716
0.49095
1.23655
0.87955
0.3495
0.67955
1.3891
1.10565
0.59745
0.92935
1.28715
0.6059
0.6837
0.8567
1.6049
1.27005
1.9883
1.14265
1.30765
0.70605
1.0788
0.83145
0.5932
0.4095
0.4776
0.9307
0.97755
0.47685
1.0178
0.3422
0.92575
0.7111
0.9864
0.6119
1.33655
0.60125
0.5292
1.54775
1.1422
0.78245
0.5571
1.13345
0.76115
0.6024
1.49405
1.2314
0.48085
1.62265
1.05315
1.2361
1.32845
0.4982
0.7375
0.6056
1.26675
1.2773
1.57805
0.44765
0.7045
1.0878
0.8257
0.42535
0.479
0.7511
1.20445
0.392
0.8049
1.34855
1.05465
1.40565
0.5449
1.37445
0.37475
0.8258
0.65485
0.76445
0.5604
1.06505
0.51495
0.67735
1.3903
0.45935
0.52475
0.8057
0.7377
1.86505
1.84795
0.75765
0.7228
0.51375
0.456
1.0366
1.18985
0.446
0.8651
0.6879
0.88085
1.14605
0.9452
0.5942
1.2792
0.9261
0.6676
1.4357
1.3199
0.44355
1.1895
1.0281
0.6066
1.28455
1.1974
0.7154
0.72635
0.56285
0.6346
1.48135
0.63305
1.1307
0.54685
0.79715
1.0157
1.01805
0.45795
0.65565
1.0819
0.69305
0.6304
0.73895
0.95245
0.34265
0.57105
1.28665
0.7666
0.39005
1.40785
2.15175
1.6036
1.79555
0.88505
1.2819
0.51255
0.67125
0.95265
1.46265
1.22945
0.9229
1.1805
0.565
0.7015
0.7062
1.4113
1.24045
1.27435
1.2022
1.23485
1.12095
0.90035
1.6359
0.8995
0.7641
0.26115
2.36225
0.5775
0.55175
0.86125
0.827
0.4094
1.18175
1.04345
1.0103
1.10305
1.90885
0.738
1.7505
1.6475
0.73025
0.44345
0.63975
0.23535
0.4879
1.27825
1.4916
0.63485
1.8083
0.3498
1.36375
0.44645
1.30645
0.79375
0.3903
0.89875
1.0193
1.2523
1.01745
0.86625
0.6799
1.75275
1.49655
0.4844
0.88215
0.98845
1.5401
0.9391
0.76485
1.6152
1.598
0.793
0.46735
1.2662
0.88525
0.7193
0.8424
1.72265
0.40425
0.96255
1.02575
1.44005
0.5099
0.8073
0.79075
0.73635
0.6155
0.5938
0.78965
0.9049
0.741
1.21375
1.00195
0.78635
0.44335
0.9164
1.14665
0.84185
0.5457
1.139
1.61655
0.9853
0.70345
1.18695
0.5861
1.3462
0.69945
1.02805
0.6129
1.4413
1.2624
1.29075
1.31375
0.7999
0.94805
0.4214
0.459
0.51845
0.77355
1.16145
0.75585
0.68585
1.01845
0.73445
1.7074
0.80145
0.95415
0.59655
0.64745
1.224
1.17215
1.55455
1.93545
0.5972
0.8032
1.8667
1.6597
1.422
0.87165
0.4636
0.88775
0.9757
0.9663
0.8899
1.10645
0.66325
1.24265
0.8462
0.98325
0.8208
0.4564
0.9249
0.96065
0.9574
0.85475
0.92465
0.8589
1.1819
1.05355
0.63125
1.63465
1.23465
0.88985
1.35465
0.45075
2.0261
1.9365
0.8146
0.38635
0.73655
0.6123
1.2745
0.94245
0.6154
1.3743
0.78795
1.6735
0.7874
1.3963
1.1357
1.5374
1.3214
0.54245
0.65325
0.5012
0.6686
1.92155
0.623
1.13505
1.0538
0.67375
0.4776
0.88695
0.71635
0.6458
1.6401
0.9217
1.45495
0.97395
0.50195
1.40785
0.80115
1.41605
2.27925
1.77725
1.8935
1.02595
0.54045
1.1623
1.4472
1.48485
0.64485
0.4232
0.9819
0.55055
1.58245
0.8702
0.6396
1.13155
0.9197
0.73455
0.96015
2.4813
1.6831
1.144
1.8975
0.96365
1.4927
0.82505
0.88185
0.7399
0.90635
1.1761
2.0891
0.61565
1.53525
1.55915
0.78125
0.7309
0.55425
0.58135
0.4569
1.8975
0.78665
0.60335
0.74105
0.81725
0.76735
1.6108
0.87445
0.2767
0.73705
1.86375
1.22435
1.0222
1.1633
0.74265
0.77665
1.15995
0.5429
1.23985
0.5371
0.80215
0.67725
1.5843
0.59245
1.21115
0.9125
0.50325
1.49515
1.21685
0.9008
1.0161
0.6916
0.92445
0.6677
0.66335
1.114
1.00205
0.9977
1.10725
1.15775
0.3893
0.7597
0.97365
0.68695
0.4562
0.81525
0.80405
0.4621
2.04185
1.00715
0.4073
0.96915
0.54875
1.0285
0.5652
0.9206
1.71735
1.44745
1.04725
1.46075
0.9055
0.6558
0.9162
1.1707
0.6615
0.9646
0.66425
0.472
0.61955
0.5489
0.9871
0.96075
0.86005
0.6262
1.4878
0.55905
1.548
0.93435
2.4217
0.8105
1.46015
0.55875
1.02945
0.8498
0.80235
1.31415
1.07
1.94195
0.75725
1.4228
0.54495
0.85825
0.4145
0.52825
0.57
0.83885
0.9565
0.4874
0.9632
1.20335
1.35205
0.9803
1.54225
0.91005
0.57085
1.11455
0.493
0.81235
0.70595
1.1163
0.92165
1.57625
0.57945
1.3537
1.0676
0.57625
0.67615
0.92655
2.0999
0.4734
1.4805
0.55235
1.61715
0.52625
0.8806
0.5391
0.65835
0.3801
0.68845
0.9375
0.9394
0.69425
0.6513
0.73005
1.19935
1.86265
0.3714
0.95395
0.7741
1.32845
1.2102
0.555
1.1941
1.31545
1.6645
0.80855
1.3294
1.7291
0.9134
1.05155
1.0716
1.0733
1.20805
1.4052
1.08755
2.37495
0.48065
0.86335
1.45395
0.7928
0.8709
1.55655
0.65735
1.5263
0.9188
0.9895
0.71105
0.61825
0.71295
1.20655
0.9243
0.7324
0.7419
0.8101
0.5151
1.313
0.36745
0.7911
1.00245
1.37835
0.65215
0.9525
1.3458
0.56825
0.78335
0.99545
1.03155
0.84595
1.1223
0.4299
1.49555
0.847
0.83995
0.42275
0.8574
0.9047
0.8883
0.55155
0.93685
1.5316
0.64825
1.72705
0.85205
1.2478
0.6674
0.6231
0.49505
0.52835
1.7759
1.27085
0.99575
0.4585
0.8554
0.82945
0.45365
1.56615
0.59855
0.8399
1.0162
0.8405
0.5493
0.4234
1.2619
0.35325
0.40455
0.6658
0.4926
1.17345
0.58555
0.31585
0.5523
0.9196
0.69055
1.9997
0.46125
0.8521
0.657
1.05875
2.00905
0.9944
0.4429
0.7824
1.02555
1.87625
0.68235
0.70855
1.3669
0.85535
1.0577
0.84915
0.9355
1.0208
1.585
0.9867
0.82925
0.95275
0.5868
0.32325
1.64835
0.9396
2.301
0.61135
0.3708
0.68325
0.62725
1.3553
0.7194
0.7022
0.88555
0.75
0.563
0.52485
0.62285
1.74755
0.64035
1.452
0.7802
0.4663
0.6359
0.7874
0.41225
1.4779
0.63405
0.5179
0.4841
1.5038
0.57195
1.2189
1.07845
0.6974
1.3412
0.864
0.1802
0.8584
0.55385
1.0899
0.8761
1.31125
1.89245
1.36685
1.19045
0.8031
1.25245
0.7588
1.06755
1.29555
0.80325
1.2867
0.4776
2.04855
0.82935
1.5801
0.58785
0.4918
0.9324
0.74525
1.11
1.47525
0.967
1.2313
1.8449
1.4392
1.21935
0.5754
1.0005
1.8084
0.8442
0.56545
0.40905
1.659
0.81605
0.71475
1.1698
0.74085
1.1597
1.5884
0.9519
1.3567
0.51905
0.83255
0.773
0.8222
1.08885
0.73125
1.3469
0.98145
1.21025
0.45645
1.40765
1.0225
0.9568
1.54915
0.4763
0.9846
1.4081
2.18185
0.51285
0.75555
1.02235
1.79835
0.52795
1.03105
1.2241
1.18205
0.9651
0.7795
1.4568
0.92745
0.50655
0.6077
1.05815
0.864
1.16365
1.46295
0.98985
0.6079
1.60115
1.6074
2.2499
0.9787
0.6901
1.4372
0.5744
0.6489
0.89825
0.45075
0.74655
0.6387
0.69715
0.7835
1.19355
0.72805
1.0781
0.7103
0.7298
0.64135
0.7819
0.9462
1.5436
0.2917
1.14475
0.7401
0.36425
0.6068
1.81755
0.9751
1.08925
0.79495
0.9266
0.72765
1.90605
1.7806
0.7098
1.13215
0.77865
0.63035
0.6332
1.304
0.54205
1.1617
0.92885
1.2487
1.37335
1.1759
1.45645
1.18685
1.134
0.85335
0.5526
1.13485
1.95075
0.84145
0.26785
0.7051
0.5459
0.63905
0.4474
1.0002
1.2989
0.44645
0.6676
0.8791
1.59665
1.06555
1.275
0.4822
0.50055
0.95665
1.4469
