7.289910
21.942870
15.586770
11.316500
12.705160
7.138400
17.077080
14.619710
15.466130
7.788510
9.995880
8.363570
13.239960
17.476970
6.377850
16.930710
16.196030
11.797040
10.218240
14.694160
12.865440
14.091130
17.429170
11.833830
10.759640
14.601210
14.293550
9.247130
20.530940
15.756370
11.718530
8.536990
7.815950
8.800740
13.611050
22.131960
12.969490
15.691750
13.066670
14.679810
20.560090
18.032710
17.564090
11.859300
19.103260
16.788830
16.193020
11.957430
12.005030
9.922310
18.512230
13.125290
18.851700
20.337740
10.116390
8.723320
22.832910
17.825410
10.166610
20.230550
16.851880
16.648610
10.992920
10.947250
9.784530
16.316280
13.657200
11.266330
10.330310
19.101510
14.736990
7.579890
20.070940
18.639910
7.216340
14.723360
14.354250
17.489160
11.756530
17.072160
10.364260
8.084710
16.066680
20.505480
14.311580
9.281430
17.895060
11.138210
14.223150
9.234840
9.750540
10.015260
11.041190
8.167700
14.003380
12.132490
15.690240
18.317970
14.268850
10.886700
19.912460
18.498660
18.031460
9.834810
13.170740
18.442080
19.198690
16.315730
17.968060
10.711330
16.988810
15.534130
21.735840
9.144100
16.437160
10.013430
12.659240
9.134730
21.117550
19.209390
22.748760
10.069090
20.934010
8.738970
15.085050
17.479530
16.661630
11.254020
15.397620
11.959870
18.394260
21.003770
16.801880
19.644160
15.078850
11.662150
22.005160
9.282520
8.986590
19.561070
14.880420
15.866910
14.322620
21.348880
11.395450
11.490030
17.853450
16.689930
8.926030
10.458850
14.150700
19.069880
16.363490
19.016990
8.781740
15.634160
11.760000
21.247950
13.520650
14.933730
19.192630
12.998040
15.832600
16.578890
19.781720
7.319620
11.191120
7.081550
13.580560
14.017640
20.476200
17.040650
15.352950
22.525760
11.922830
16.933820
14.808680
13.489610
18.574300
13.877680
12.812290
9.290130
11.125330
7.838500
15.212510
18.736750
12.948290
11.891120
16.601090
15.849300
14.116530
20.146430
12.610100
16.370170
10.422860
10.728300
9.998840
12.227990
12.066040
11.005530
10.907240
16.259140
12.756250
21.321660
17.258410
17.978240
11.367170
9.894450
20.597330
11.383520
19.722750
12.954080
15.792730
20.694580
12.580420
11.971960
21.069440
14.957300
13.843480
16.230410
14.369800
14.852870
11.376360
12.826690
9.494290
15.515570
10.988340
16.290270
18.119920
11.508920
18.790570
8.368350
14.611330
14.295630
14.267660
14.158100
10.390500
13.146750
19.431910
12.321030
12.122970
6.879450
10.318100
13.831990
17.300700
15.456000
17.510120
21.294160
18.479230
22.075800
14.255850
17.739510
11.420040
15.116430
16.179190
12.549580
21.340470
10.821990
10.295080
17.967630
12.089040
12.808910
14.221870
7.222390
10.060020
20.896610
14.206870
9.290050
21.861160
9.841700
11.775930
17.573210
18.380800
8.328880
18.442400
11.080750
20.686410
14.950190
11.916020
18.153580
11.860060
12.498070
11.117040
15.166910
20.506270
12.244490
18.643900
16.218500
10.140480
9.425270
10.529850
8.698870
10.445360
16.196910
10.677610
8.762830
17.403700
14.203550
9.020840
15.292920
11.455930
17.503860
9.773130
8.569170
13.172110
16.855530
13.584470
10.315550
14.670600
14.047810
13.380350
16.465940
17.797350
16.716800
9.492980
8.268460
21.840620
13.515320
9.621310
11.991550
10.380730
9.009040
13.224620
11.480510
15.648430
8.627090
21.435330
12.091790
10.351630
19.462490
16.090680
17.504610
16.487030
9.133770
11.896710
21.230510
18.469760
14.828230
8.646640
16.759080
12.329110
20.899190
10.894010
15.459440
10.982460
14.722890
19.488040
10.510250
9.218110
16.290230
11.710170
10.656290
20.322920
9.744290
8.857020
12.005890
15.758190
14.379180
15.913870
12.773030
21.145640
17.030090
14.863690
12.613260
9.920190
15.651770
8.791490
18.017740
16.642660
9.991680
8.266300
8.537080
11.821540
21.746690
22.185660
11.065960
10.260610
9.642170
15.424310
18.039580
21.004880
18.549380
15.139930
21.548670
22.366160
10.990670
8.503850
14.115590
19.742650
13.194040
11.109480
16.977890
12.897590
19.853420
12.914520
14.657760
9.939050
15.125790
10.679320
19.508560
22.479450
15.382910
20.158650
13.804680
20.414390
13.731110
13.101670
12.347770
7.773920
11.473540
18.513880
12.228180
7.465990
10.436230
11.946430
8.664540
11.887310
20.657590
14.345240
19.927610
9.747920
11.054220
10.792800
9.040790
10.657610
9.438380
10.337000
15.490100
11.956270
15.385710
14.288290
12.667380
18.137740
14.801850
8.732690
14.770200
6.748770
17.387770
16.493930
9.228830
15.894590
8.796680
10.131290
11.269070
17.439580
7.338420
14.563220
8.205490
13.256780
17.157770
18.411410
8.097140
12.039310
10.945210
13.260440
15.709550
10.073040
10.363240
17.738950
13.766900
12.724840
21.730330
7.735600
12.041960
16.516680
19.861390
14.643870
7.024720
12.187110
22.041050
15.835700
10.338410
12.698120
12.333550
12.775360
14.334410
19.317800
15.421730
10.858910
13.686500
19.142580
15.737050
20.385900
11.797640
11.250270
12.251720
17.854430
10.825330
13.153250
21.441470
19.913070
14.836380
8.785480
13.278190
20.478560
15.689910
11.033650
15.665620
13.040060
14.395320
16.283000
16.410480
14.446510
23.599590
18.523600
10.959670
11.212110
11.253690
17.358160
16.385870
7.518860
19.816570
17.489970
15.810520
11.969350
10.964870
17.919740
12.020450
17.339490
18.453480
17.548790
20.252210
14.874830
9.672150
8.790000
16.761290
9.121820
15.763590
20.839650
11.234880
10.594730
10.789570
9.608180
20.154790
12.956950
12.629560
18.519790
15.534810
9.113730
16.547260
19.752530
16.969260
13.532260
9.504380
17.229940
16.786390
12.818800
13.719930
17.225820
15.744450
17.516150
11.373220
10.786470
9.684050
14.741690
16.507510
18.052860
7.087340
22.237890
18.434120
11.809320
15.664030
12.236130
16.532730
14.714960
20.819470
7.042200
15.168630
14.616670
14.976710
11.098930
11.112890
9.306540
12.818270
14.193350
20.243140
14.780960
16.764600
17.805990
9.373720
14.755750
8.461960
15.323720
20.900910
15.641270
17.495270
16.660430
17.655260
11.003860
17.332730
14.723400
16.062410
10.547550
11.671740
10.072470
13.779160
21.402990
18.363440
13.894010
11.659360
15.700580
8.394420
9.005470
9.326440
11.260960
10.692100
12.379280
8.528800
13.802810
20.079080
14.477880
14.411780
7.562070
18.475050
16.868250
10.552020
15.058040
21.296040
10.157740
11.042480
18.396230
12.570900
10.435550
10.227050
8.642700
12.143970
16.481950
19.327010
12.135540
17.250480
18.581250
21.451230
11.448520
22.144020
17.085160
18.768070
20.993090
8.732610
12.875110
16.361690
9.270220
12.203170
11.505020
12.760010
9.376910
20.330510
21.909490
7.954360
20.527760
14.655310
17.990860
8.893530
18.984040
21.397370
18.967680
15.875780
11.055600
8.507330
19.975420
12.026430
21.116470
14.915940
19.263230
16.422400
15.901640
15.242900
10.502560
15.692440
17.184730
17.687780
11.043000
10.880240
8.738030
18.059720
10.631540
21.771860
14.532640
14.103050
7.905070
9.624640
17.950860
10.761290
20.527470
18.172490
14.315710
10.533050
11.455140
20.996340
9.068980
13.000920
12.113230
12.268050
12.914100
20.655260
21.232850
18.118740
16.965840
20.578060
18.896520
15.327760
12.752640
9.968970
16.076350
17.278900
11.282040
12.973660
20.940710
16.465810
18.717940
21.199390
13.199610
15.120900
17.973470
11.701820
10.591000
9.849200
8.199880
11.548090
18.843420
11.676020
14.224750
11.084110
17.457390
19.595480
20.554220
11.730220
10.986000
7.625240
12.753280
11.400460
10.700460
16.809680
19.962500
10.237610
16.950930
22.649330
17.438570
20.262880
11.321040
10.333770
6.666110
20.065600
8.917400
9.410080
20.058540
16.118730
11.110170
20.177360
12.158250
8.168230
11.096570
14.308400
16.996420
23.119910
17.825640
15.578320
17.455770
14.414320
11.888040
8.196760
16.092900
17.503080
10.063690
9.087530
15.639010
14.920460
11.599640
10.111340
7.373920
12.796600
17.584810
12.655550
20.889290
15.573650
14.595960
16.810940
11.577630
21.295910
17.527280
18.905780
12.983060
12.292160
8.056870
18.778580
14.947030
15.602840
20.618240
15.358830
18.160250
11.236190
21.706350
9.715370
8.400170
10.613320
14.871000
15.739580
13.885290
7.152210
13.192060
11.595380
17.875450
11.778140
18.363990
14.720770
15.192280
16.506060
7.942510
12.213460
8.123050
11.379190
13.808470
9.894670
13.471330
14.996390
12.936650
13.856760
9.156410
8.819830
10.913120
9.914340
12.724210
18.108260
16.804130
15.517640
18.493810
12.239070
16.538890
9.042020
19.678920
9.196530
11.944310
11.271310
13.824650
17.351690
8.449070
