0.764483 1.385383 1.401623 0.702406 1.419453 0.947978 1.270480 1.122100 1.032375 0.946675 1.079648 1.208163 0.716137
1.386459 0.695418 1.196755 0.730239 1.417188 1.209881 1.041901 0.690468 0.565558 0.667755 1.179194 1.378171 0.801213
0.629858 1.058680 1.103448 0.363719 1.036111 1.079575 0.995995 0.541366 0.707325 0.844921 0.990876 0.563375 0.973827
1.206996 1.164344 0.519270 0.367650 1.106738 1.492248 1.146391 1.325426 0.746903 1.382132 1.478802 1.105200 0.590303
0.741851 0.793393 0.791075 0.508644 1.023159 0.923462 1.303093 1.065079 0.648484 1.417623 1.476958 0.613896 0.782224
1.088040 1.234629 0.588235 0.480261 1.012478 1.412010 1.251851 0.560066 0.858558 0.775511 1.087141 0.513932 0.674999
0.806015 1.037535 0.202840 0.949588 1.386109 0.900224 1.407584 1.354294 0.999745 0.952270 1.000776 1.428145 0.761634
0.901682 0.913532 1.004057 0.463067 1.018438 1.370790 1.196675 0.643919 0.777619 1.357189 1.193210 0.623861 0.936424
1.211264 1.469579 1.184584 0.678194 1.265318 0.997796 1.475319 0.942084 1.244209 1.398158 1.074310 1.012558 0.631239
1.314481 1.433582 1.330629 0.918169 1.386391 1.433353 1.277255 1.036668 1.107847 1.288711 1.327891 1.327157 0.858259
0.885356 1.120978 0.241379 0.729897 1.255306 1.251604 1.081104 0.871211 0.786626 0.871613 1.116104 0.664457 0.909396
1.046137 1.183695 0.529412 0.852903 1.341463 0.860572 1.362741 1.183874 1.057500 0.855469 1.002271 0.597642 0.724702
1.312869 0.837240 0.596349 0.602336 1.462341 0.984932 1.361339 1.334094 0.869031 1.230724 1.199247 1.367799 0.929223
0.605544 1.420544 1.261663 0.386069 1.259354 1.136551 1.170770 1.116964 1.130803 1.175710 0.977152 1.224213 0.867318
0.536177 0.995388 1.212982 0.892015 1.330237 1.257957 1.297263 0.949626 0.705258 0.914506 1.185775 1.135553 0.786771
0.510768 1.327415 0.553753 0.579994 1.266769 1.294136 1.176477 0.516761 0.801467 1.038930 1.011647 1.206130 0.680957
1.245302 1.230994 0.511156 0.482753 1.016379 1.313489 1.008142 1.382656 0.987943 1.378460 1.354370 1.155057 0.682989
1.094770 1.331799 0.348884 0.413101 1.258839 1.154471 1.179490 0.517525 1.034702 1.444431 1.290135 0.503961 0.988398
0.973059 1.325538 0.957404 0.495781 1.388200 1.327966 1.130431 0.943456 1.137908 1.442508 1.055480 1.496157 0.970899
1.184200 1.225781 0.172414 0.342672 1.465505 1.208009 1.271722 1.064415 0.609881 1.091031 1.164965 1.260852 0.678260
1.152539 1.449482 1.000000 0.945071 1.207124 0.870427 1.138483 1.454645 1.170290 1.170581 1.419711 0.942271 0.864932
1.358323 1.240929 0.695740 0.590379 1.477070 0.998485 1.162453 1.365654 0.736712 0.581328 1.377354 0.532825 0.944963
0.729327 1.262789 1.373225 0.293819 1.450574 1.336710 1.423548 0.526360 0.998270 1.039979 0.995089 0.976587 0.912653
0.491651 1.481665 1.146045 0.338624 1.202762 1.407359 1.338576 1.020980 0.877664 0.520193 1.168265 0.963152 0.781406
0.551244 1.262780 0.245436 0.435176 1.012430 1.007741 1.388790 1.248516 0.942113 1.299202 1.018985 1.306762 0.897570
1.392337 1.212771 1.123732 0.822484 1.346949 0.934517 1.097770 1.479351 1.178511 0.891019 1.171429 1.044545 0.950428
1.175823 1.450950 1.292089 0.121662 1.401700 0.998741 1.314011 0.698162 0.879309 1.376479 1.393602 1.331851 0.618600
1.018248 1.051826 0.707911 0.609964 1.442967 0.867943 1.166459 1.450305 1.008511 0.727490 1.200974 1.023560 0.999198
0.134511 1.488741 0.452333 0.738052 1.215595 1.011808 1.464462 0.563832 0.958782 1.319482 1.200373 1.101561 0.970292
0.393675 1.056130 0.263692 0.887701 1.023383 0.887599 1.460629 0.700306 0.754088 1.447986 1.422448 0.829606 1.010235
0.288615 1.268432 0.302231 0.398379 1.250086 1.465293 1.280830 0.875423 0.748647 1.467976 1.055946 1.020063 0.976607
0.788847 0.530562 0.480730 0.614811 1.248164 0.894135 1.062863 0.878994 0.534581 1.155021 1.239042 0.802983 0.649610
1.390694 0.876215 0.541582 0.605349 1.121944 0.941772 1.203597 0.976813 0.834282 0.591643 1.462166 0.629440 0.845067
0.750089 1.221775 0.249493 0.984284 1.446846 1.463723 1.226084 1.052899 0.974963 0.819220 1.184726 0.707773 0.942275
1.062882 1.113123 1.180527 0.178958 1.346571 0.946597 1.044816 1.023089 0.808253 1.076928 1.007357 1.413352 0.975567
0.978798 0.815894 1.188641 0.782931 1.086900 0.936977 1.465335 0.543993 0.919162 1.273443 1.171332 1.291697 0.735030
0.613100 0.941024 1.354970 0.767579 0.998815 1.184565 1.083308 1.059640 0.749510 0.729471 1.108844 1.416274 0.534127
0.687670 0.853663 0.172414 0.642254 1.151342 1.008636 1.439650 0.909373 0.733223 1.309342 0.971988 0.770239 0.689235
0.993036 1.333056 0.210953 0.939343 1.062415 1.442285 1.106158 1.098263 0.826690 0.703363 1.380052 1.203839 0.729807
0.192954 1.148719 0.626775 0.580128 1.131296 0.861423 1.112412 1.480170 0.508778 1.129262 1.020829 1.088467 0.655163
0.559590 1.085960 0.460446 0.298392 1.237755 1.287610 1.305709 1.402934 0.693082 1.109214 0.980782 1.244697 0.903890
0.404192 1.047596 1.131846 0.570048 1.298133 1.175086 1.049958 0.734379 0.539269 0.577539 1.174574 0.859873 0.872396
0.562367 1.274545 0.133874 0.864440 1.122963 1.033427 1.297427 1.211986 0.507284 0.978961 1.311760 0.765468 0.533514
0.327722 1.193040 1.290061 0.719742 1.282971 1.081662 1.432758 0.846571 0.569780 0.683839 1.220775 1.270424 0.698135
0.223350 1.231449 0.417850 0.915177 1.377221 1.417499 1.168923 1.478116 0.665827 1.249257 1.042357 0.874063 0.776808
1.186644 0.716741 0.133874 1.056671 1.482076 1.341690 1.088861 1.285413 0.599087 1.322280 1.455895 1.446577 0.551648
1.401286 1.283470 0.876268 0.378560 0.976742 1.086380 1.294705 0.834218 1.267225 1.360161 1.058644 0.814745 0.922563
0.265455 0.987384 0.525355 0.336233 1.051798 1.038494 1.030226 0.894806 0.579434 1.393380 1.370521 1.341815 0.867673
1.114781 1.005795 0.275862 0.987173 1.209414 1.074736 1.483255 0.576937 0.886872 0.609185 1.116182 1.235014 0.919593
0.851994 1.453972 1.196755 0.148478 1.309685 1.057815 1.369832 0.720091 0.867175 1.211493 1.066331 0.985910 0.741791
0.947627 1.317247 1.200811 0.333114 1.496636 0.843843 1.466879 0.757674 0.876895 0.922664 1.173332 0.588545 0.669254
0.935021 0.802641 1.281947 0.665070 1.196036 0.992199 1.226729 0.991676 0.884336 0.770558 1.131052 0.564489 1.002159
1.123816 0.910626 0.139959 0.887950 1.349005 1.253153 1.466510 0.601145 0.699862 0.960021 1.236906 1.461015 0.835856
1.255475 0.979099 0.649087 0.375924 1.108166 0.886261 1.317742 0.821808 0.808119 0.676496 1.181368 1.414215 0.964220
0.159132 1.444561 1.253550 0.471221 1.159074 1.119425 1.414869 0.952189 0.645555 0.646716 1.372637 1.098541 0.838421
0.973368 1.339978 0.344828 0.787715 1.265917 1.355090 1.434609 0.907924 0.791238 0.733260 1.491187 1.276493 0.799944
0.601029 0.677236 0.460446 0.602977 1.114277 1.337909 1.045696 0.653584 0.515893 1.168600 1.320457 1.387395 0.584874
0.892161 1.191501 0.935091 0.193156 1.414194 1.497301 1.129701 1.248157 0.581463 0.669153 1.470979 1.188667 0.704248
1.033980 1.421115 0.476673 0.138091 1.459362 0.915558 1.332751 1.035718 0.695328 1.457194 0.989168 0.701796 0.814993
0.935634 0.571146 0.290061 0.858135 1.342219 1.075976 1.100493 1.048048 0.613102 1.026225 1.260939 0.583423 0.791560
1.178027 1.487757 0.383367 0.650407 1.098519 1.398632 1.156452 1.411894 1.231086 1.347456 1.184649 0.733364 0.947637
0.325103 1.103149 0.352941 0.932257 1.128263 0.951424 1.441108 1.450929 0.767300 1.182703 1.008386 1.116653 0.609996
1.471042 1.275035 0.703854 0.510227 1.027646 1.189280 1.348150 1.451288 1.023868 1.280669 1.178165 0.965456 0.674072
1.348634 0.845925 1.300203 0.638255 0.964949 0.870762 1.184263 0.823207 0.980680 1.166094 1.252378 0.791188 1.015694
1.354631 1.313592 1.085193 0.680162 0.978061 1.364724 1.455501 1.394581 0.856276 0.758552 1.066953 0.755118 1.000910
1.398149 1.500101 1.407708 0.204061 1.052605 1.014814 1.313120 1.475610 1.358816 0.976922 1.228093 1.473135 1.002901
0.436332 1.059814 1.141988 0.725759 1.255220 0.943624 1.274243 0.947485 0.600891 1.430794 1.405967 1.052216 0.690473
1.107862 1.035444 1.054767 0.914597 1.142970 1.410359 1.354838 0.861378 0.816995 0.911417 1.500349 0.962452 0.830284
1.445836 1.281706 0.849899 0.889996 1.048630 1.035659 1.163336 1.477522 1.179357 0.544729 1.265481 1.493849 0.925378
1.050649 0.863045 0.780933 1.034536 1.425323 1.112892 1.007921 1.307681 0.998126 1.416516 1.050413 1.088985 0.572226
1.396584 1.330138 0.598377 0.211533 1.376107 1.383889 1.489268 1.327940 0.869933 0.585990 1.417304 0.816171 0.989309
0.993388 1.479365 0.872211 0.965420 1.305820 0.911863 1.328538 0.942933 1.387641 0.706918 1.044454 1.074539 0.779784
0.317445 1.435176 0.949290 0.423635 0.974099 1.497905 1.416247 1.236474 0.713775 1.411271 1.001029 0.928071 0.705921
1.208807 1.048584 0.529412 0.420988 1.214257 0.854065 1.440486 1.369251 0.756789 0.620316 1.276585 0.866326 0.526397
0.714894 1.242716 1.334686 0.523531 1.170482 1.460897 1.308880 1.153241 0.778645 0.785186 1.185251 0.559197 0.635157
0.666523 1.445498 1.081136 0.505517 1.119680 1.406557 1.266547 0.838117 1.051771 0.858209 1.008308 0.753101 0.747683
0.382298 1.430054 0.563895 0.398650 0.963681 1.080426 1.409185 0.549141 0.813219 1.296346 1.242206 1.317312 0.678508
0.792081 0.906943 0.537525 0.830174 1.248247 0.879589 1.290650 0.854587 0.784238 1.101987 1.215301 1.403483 0.699361
0.786753 1.211406 0.841785 0.236116 1.212290 1.362706 1.178643 0.659447 0.674362 1.087476 1.191870 0.776874 0.621475
1.068545 0.982374 1.137931 0.311418 1.179020 1.465240 1.319239 1.323409 0.936407 1.351944 0.992662 1.372364 0.872531
0.328641 1.234437 1.141988 0.880562 1.204821 1.476290 1.070313 1.394667 0.706646 0.961828 1.245525 1.054471 0.909928
1.427697 1.399594 0.567951 0.643190 1.069455 1.438616 1.383436 0.812489 1.235870 1.060260 1.073009 0.959701 0.641975
1.264759 1.040434 1.176471 0.606045 1.006152 0.878855 1.498814 1.000305 0.975480 1.210327 1.270257 0.787582 0.665157
1.068031 1.043570 0.267748 0.368290 1.481045 1.165134 1.455272 0.880350 0.707552 1.045166 1.248864 0.687272 0.982639
1.350065 0.641156 1.369168 0.648509 1.026736 1.139069 0.980537 1.460868 0.850534 1.189638 1.438444 1.188412 0.860151
0.912274 0.938821 1.111562 0.460836 1.290017 1.467271 0.995259 0.569985 0.676375 1.087767 1.357942 0.752412 0.990407
0.593365 1.370217 1.158215 0.265828 1.051663 1.127862 1.337115 1.039048 0.861670 1.280319 1.295667 0.592960 0.636124
1.218689 1.145090 1.446247 0.473731 1.253724 0.993984 1.452149 1.236376 1.118408 1.487383 1.167372 1.042177 0.627352
1.334434 0.639327 0.241379 0.625042 1.291222 1.032001 1.453471 1.075401 0.513401 0.876799 1.187017 1.142780 0.644805
0.468267 1.419604 1.446247 0.843277 1.368577 1.373481 1.287465 0.800730 0.783068 0.923888 0.993516 1.074250 0.531093
1.161578 1.038842 0.837728 0.598269 1.009839 1.223459 1.074660 0.990868 1.054528 0.738155 1.247816 1.497802 0.953918
1.040239 1.247377 1.008114 0.215758 1.009496 1.141818 1.322512 1.132030 0.925952 1.115566 1.385119 0.618851 0.824243
1.109863 0.785715 1.316430 0.765078 1.398107 1.352927 1.293350 1.412897 0.544642 0.819745 1.402512 1.156598 0.630807
0.954311 1.346071 1.107505 0.715639 1.171100 1.071981 1.339714 0.844761 1.098201 0.911708 1.017296 0.694869 0.572346
0.965278 1.187081 0.622718 0.615211 1.232368 1.333411 0.983766 1.048333 0.978054 1.055656 1.281555 1.413883 0.850794
0.466758 1.304558 0.906694 0.765815 1.268027 0.966849 1.429249 0.761798 0.726449 1.232822 1.179272 1.168742 0.586616
0.244907 0.674211 0.853955 0.922323 1.109610 1.185805 1.006350 0.708343 0.588328 1.495075 1.222852 1.442262 0.884126
0.743520 1.213003 1.411765 0.346256 0.991881 1.213045 1.399907 0.952889 0.690656 1.285856 1.063070 0.845998 0.602068
1.328042 1.473976 0.133874 0.297733 1.131982 1.147903 1.192674 1.308146 0.920359 1.458885 1.445180 0.668959 0.589479
1.184059 1.082472 0.164300 0.722402 0.993719 1.272439 1.394395 1.459697 0.859650 1.207005 0.973250 0.812514 0.578260
0.674600 1.454760 0.653144 0.880118 1.145385 0.844342 1.019798 0.918661 1.125823 0.917536 1.297007 1.430752 0.755631
0.527239 1.448563 1.107505 0.533372 1.407981 1.415581 1.155623 0.946005 0.977515 1.173437 1.283554 1.352250 0.669454
1.077846 1.151682 0.833671 0.263839 1.483005 1.169704 1.490260 0.678367 0.665468 0.914739 1.250010 0.861550 0.913324
0.542392 1.491645 1.312373 0.762711 1.074428 1.006169 1.394308 0.992863 1.010399 1.149601 1.446345 1.156349 0.536007
0.681005 1.408143 0.795132 0.868039 1.185589 0.947064 1.325591 1.164820 0.906127 1.092022 1.341053 0.993443 0.863372
0.750357 1.234874 0.807302 1.027439 1.107314 1.215415 1.386885 1.431252 0.802137 1.083455 1.230306 0.842444 0.625401
0.641633 1.397456 0.981744 0.619841 1.444175 1.409619 1.439526 0.810342 1.016676 0.585698 0.978258 0.857515 0.935827
0.519043 1.185794 0.592292 0.942008 1.058210 1.245062 1.463776 1.038870 0.763888 1.230375 1.046686 1.267444 0.942977
1.271119 1.318186 1.354970 0.323134 1.486614 1.458391 1.488976 1.208585 0.969372 1.354508 1.043619 1.452502 0.662310
0.976971 1.432873 0.395538 0.669990 0.961375 1.263022 1.273198 0.967115 0.937855 0.761058 1.293842 1.486455 0.917754
1.026616 1.440051 0.306288 0.323353 1.455775 0.864846 1.277691 1.306226 0.833434 1.192319 1.441298 0.964403 0.631169
1.025416 1.370070 1.064909 0.333756 1.343827 0.975877 1.035086 0.510951 0.981350 0.645317 1.305140 0.664379 0.835294
0.580062 0.775547 1.176471 0.186578 0.998280 1.003779 1.067865 0.550633 0.602913 1.140101 1.135847 1.004672 0.638133
0.985503 1.025258 1.484787 0.601078 1.109505 1.152097 1.106746 0.589355 0.967245 0.793811 1.199344 1.006554 0.694117
1.356540 1.490380 1.227181 0.136253 1.428119 1.029700 0.980698 1.494987 1.077977 0.996678 1.354933 0.787896 0.894639
1.453770 1.404688 1.423935 0.795313 1.267890 1.284150 1.147193 1.444828 0.802687 1.142666 1.471561 0.637777 0.601124
1.113665 1.147530 1.273834 0.662832 1.202583 0.903470 1.352635 1.145090 1.067253 1.384987 1.419071 0.624566 0.598030
1.318817 0.922729 1.342799 0.770464 1.408054 1.473050 0.990035 1.397096 0.963175 0.541523 1.407773 0.808650 0.976842
0.505787 1.453291 0.533469 0.408375 1.224227 1.500357 1.331503 1.235386 0.795407 1.178216 1.150115 1.032591 0.878012
0.229060 1.089583 0.288032 0.440041 1.366797 1.089616 1.082271 1.154122 0.502728 1.308176 1.444928 1.106580 0.984830
1.248828 1.358348 0.841785 0.867784 1.138118 0.991098 1.395452 1.093726 0.803010 1.296929 1.045250 1.275921 0.556973
1.023108 0.812901 1.407708 0.293950 1.383957 1.121618 1.259266 0.924246 0.830837 1.266333 1.096168 0.555003 0.667444
1.420801 0.644576 0.815416 0.829941 1.193131 1.258634 1.448716 1.168492 0.928534 1.311557 1.159413 1.040355 0.895830
0.212650 0.701900 0.862069 0.742301 1.196693 0.943095 1.258408 0.799369 0.582428 0.829652 1.048200 1.462888 0.732108
0.853261 1.378867 1.265720 0.762965 0.990622 1.376310 1.056029 1.399090 1.187547 1.292150 1.106709 0.870778 0.621177
0.740946 0.836648 0.371197 0.283799 1.463580 1.037520 1.271843 1.116524 0.529054 1.350254 1.108145 1.055667 0.555863
0.982895 1.478244 0.703854 0.882230 1.492834 1.428345 1.428387 0.706057 1.272927 0.838452 1.204236 1.170846 0.878615
0.682320 0.970965 0.237323 0.730026 1.335778 1.302387 1.412859 0.777413 0.670972 0.776502 1.420682 0.746013 0.797886
0.923727 1.335811 0.969574 0.847434 1.165786 1.140989 1.153329 0.772495 1.319782 1.126173 0.983247 1.296537 0.947501
0.787048 1.278169 0.267748 0.852619 0.961026 1.062654 1.132376 1.296585 0.899469 0.569147 1.264394 1.189987 0.650012
0.170028 1.336724 0.245436 0.564996 1.092745 1.488209 1.202932 1.275087 0.516925 0.504691 1.121928 1.076691 0.960054
1.404913 1.244749 0.133874 1.034203 1.277030 1.153327 1.486887 0.830563 0.974015 1.360336 1.481461 0.922705 0.577655
0.637250 1.127330 0.202840 0.769838 1.134931 1.339862 1.001147 0.636031 0.730995 0.820211 1.469232 0.777722 0.850678
0.841059 0.751635 1.261663 0.543371 0.996423 1.230400 1.396332 1.402449 0.806523 1.068769 1.034185 1.197195 0.970153
0.732362 1.312962 0.430020 0.722551 1.485746 0.932499 1.420757 0.831261 1.067437 0.966373 1.126742 1.129924 0.911987
0.304962 1.295805 1.381339 0.762978 1.484766 1.207017 1.447931 1.427648 0.690394 1.294306 1.103059 0.564714 0.839549
0.821859 1.446837 0.279919 0.849734 1.028661 1.065566 1.465564 1.391037 1.034124 1.096626 1.274877 0.502627 0.659486
0.334175 1.321079 0.649087 0.638072 1.300337 1.100140 1.388903 1.215179 0.785790 0.913631 0.982723 1.033464 0.696139
0.401946 0.741447 0.332657 0.780615 1.269283 1.175480 1.271293 0.793745 0.572882 1.424092 1.206022 1.221249 0.754411
1.495742 1.059467 0.413793 0.425976 1.371626 1.095858 1.096479 1.249727 0.710689 0.839443 1.205866 0.977203 0.563784
0.990266 0.997487 0.507099 0.685108 1.108586 0.870476 1.097047 1.402572 0.597899 0.900344 1.363882 0.827621 1.023876
0.153613 1.289417 0.935091 0.285535 1.086250 1.243504 1.086542 1.044746 0.636225 0.936010 1.249951 0.517868 0.641368
1.490038 1.371675 0.255578 0.593368 1.160861 1.399099 1.076337 0.602996 0.941439 1.499913 1.245758 0.646281 0.611306
1.419512 1.221097 0.168357 0.550012 0.987958 1.496051 0.985967 0.984091 1.003713 1.134623 1.136759 1.478253 0.824720
0.648120 1.495305 0.699797 0.425470 0.968168 0.999729 1.404321 1.250976 1.239488 1.470074 1.023139 1.246520 0.756072
0.527299 1.209435 0.858012 0.452812 1.348820 0.936807 1.498761 0.995970 0.530493 0.763040 1.155822 0.584256 0.569452
1.391580 1.411932 1.176471 0.606045 1.375306 1.113894 1.002004 1.047920 1.111542 0.630923 1.191016 1.382547 1.002606
1.413709 0.582740 0.711968 0.549914 1.084956 0.937890 1.057997 1.096940 0.609142 0.635643 1.257930 1.320465 0.898236
1.317100 0.476624 0.784990 0.729810 1.455477 1.023804 1.223016 1.352282 0.619747 0.796608 1.001844 1.374874 0.616299
1.300751 1.440187 0.580122 0.345702 1.322231 0.851771 1.358401 1.308820 1.108676 1.412262 1.145378 1.328940 0.928798
0.486109 1.424367 1.146045 0.758089 0.985902 1.091847 1.210400 0.869988 0.978273 0.756046 1.324883 1.010015 0.677051
0.725423 1.042289 0.699797 0.847406 1.289726 0.855798 1.318250 0.914098 0.709043 0.623871 1.092014 0.695072 0.786205
0.650368 0.845830 1.215010 0.508671 1.406126 1.333163 1.285487 1.026577 0.637476 1.153680 1.332531 1.273511 0.576776
0.422892 1.418596 0.752536 0.231510 1.023806 1.333618 1.124834 1.419153 0.627203 0.500845 1.033835 0.760611 0.606405
0.229975 1.403762 0.876268 0.528363 1.190906 1.334524 1.409270 0.994246 0.954435 1.085494 1.222541 1.450281 0.973182
0.694266 1.258850 0.417850 0.306010 1.261231 1.429962 1.338120 0.592128 0.686447 0.861880 1.204042 1.360757 0.760138
1.279927 1.240111 0.764706 0.885253 0.983067 0.935041 1.221455 0.988714 0.833744 0.980710 1.350507 1.200800 0.883824
1.431144 1.296084 0.314402 1.064571 0.968120 1.027991 1.399630 0.648202 1.275935 1.371991 1.034690 0.698132 0.703162
1.383596 1.455628 1.119675 0.972421 1.156181 0.903805 1.352709 0.648858 0.822711 1.067253 1.222406 0.632434 0.697660
0.440337 1.452028 0.403651 0.832009 1.227513 1.073545 1.415962 0.756081 1.025051 0.714144 1.076601 0.859148 0.919095
0.495722 1.153439 1.454361 0.613300 1.170341 0.981791 1.266188 1.010563 0.869401 0.532840 1.460613 0.968463 0.941172
0.993712 0.769579 1.223124 0.510909 1.328271 1.324687 1.008387 1.285001 0.764995 1.027799 0.978317 0.562257 1.007891
1.279448 1.400153 1.235294 0.315767 1.057569 1.269559 1.043961 0.811303 0.984092 1.380092 1.287048 0.722972 0.579383
0.342927 1.167783 0.969574 0.984755 1.323079 0.960790 1.361990 1.052711 0.945080 1.276065 1.220523 1.084110 0.743937
0.936381 1.086542 1.141988 0.588435 1.368731 1.134696 1.405899 1.462142 0.866123 0.541757 1.047269 0.802419 0.951930
0.514607 0.880005 1.022312 0.805775 1.413473 0.965119 1.113458 0.883768 0.738985 0.661985 1.315759 1.169096 0.953766
0.607832 0.926581 1.389452 0.420644 1.427790 1.463927 1.160754 1.322336 0.627661 0.623288 1.211515 0.774815 0.938857
1.329618 1.495100 1.446247 0.189081 1.008385 1.326110 1.481346 0.527032 0.591551 1.467218 1.385837 0.841920 0.563047
0.254859 1.451420 1.068966 0.832984 1.128654 0.895243 1.173444 1.432502 0.809132 0.710589 1.411519 1.242174 0.564806
1.059834 1.207321 1.060852 0.396305 1.013022 1.290952 1.013055 1.403709 1.240976 1.167201 1.033505 1.384851 0.976320
1.268859 1.250742 1.215010 0.563602 1.153741 1.500549 1.233585 1.106998 0.996496 1.316219 1.072815 0.927128 1.021857
1.493329 1.447106 0.862069 0.342827 1.194211 1.396588 1.224513 1.443620 1.049343 0.555044 1.103118 0.763844 0.908960
0.923313 1.220306 0.557809 0.964343 0.963438 1.075067 1.046251 1.033351 1.170498 1.168833 1.054121 0.737805 1.009764
0.809622 1.122631 1.034483 0.845335 1.266663 1.035085 1.040523 1.326315 1.065386 0.710006 1.038650 0.514570 0.787376
0.995445 1.023278 1.123732 0.560319 1.104659 1.250089 1.298899 1.335932 0.857929 1.296754 1.467019 1.238358 0.987769
0.800756 1.065349 0.417850 0.965109 1.341277 1.180412 1.257917 0.912570 0.738743 0.867650 1.047735 1.372317 0.612292
0.534126 1.306986 1.141988 0.453607 1.050116 1.100280 1.185958 1.037651 0.642540 0.670785 1.031875 1.394024 0.624835
1.088312 0.584390 0.888438 0.655308 1.362639 0.899370 1.270461 1.280927 0.789561 1.462731 1.055771 1.205670 0.956448
0.619864 0.639068 0.430020 0.747517 1.291052 1.199497 1.220964 0.891209 0.506273 1.116557 1.219261 1.367903 0.826556
1.294084 0.991084 0.904665 0.619835 1.325555 1.043245 1.066283 0.894285 1.092713 1.246809 1.312517 1.268079 0.936850
0.458239 1.323558 0.529412 0.990217 1.335083 0.914274 1.104471 0.563522 0.997505 0.991783 0.970823 1.133682 0.919274
1.273910 1.144306 1.038540 0.920108 1.040803 1.076451 1.292421 0.909982 1.124876 0.597296 1.200644 1.252642 0.847098
1.061401 1.380643 1.324544 0.230489 1.454718 1.355167 1.180446 1.186819 1.072054 1.412611 1.211632 0.507794 0.768730
1.333644 1.274574 1.440162 0.864709 1.002764 1.471415 1.250254 1.206601 0.885380 1.006352 1.480607 0.589370 0.742232
1.121554 1.074169 0.833671 0.952932 1.311748 1.447164 1.445952 1.364891 0.901473 0.881054 0.986081 1.156704 0.568897
0.251381 1.382780 0.910751 0.391175 1.149091 1.152061 1.345253 1.325195 0.559857 1.033510 1.496816 1.392123 0.699886
0.735646 1.432525 0.452333 0.128883 0.978023 1.377758 1.347616 0.594943 0.774213 1.326709 1.065982 1.244131 0.827656
0.894752 1.092640 0.310345 0.320727 1.192878 1.002527 1.376761 1.092565 0.639004 1.001632 1.161141 0.798080 0.762623
1.057908 1.070395 0.133874 0.984273 1.334840 0.911425 1.055017 0.526155 0.838004 0.550965 1.292115 0.975139 0.723917
0.744010 0.790230 0.174442 0.576018 1.268223 1.364180 1.084095 1.190460 0.583009 0.872895 0.988896 0.997320 0.519485
0.383094 1.337806 0.403651 0.871954 0.980857 1.306804 1.020178 1.104706 0.812743 1.079958 1.478220 1.386083 0.849457
1.030362 1.371130 1.290061 0.707258 1.086993 1.229887 1.231453 1.405155 1.069480 0.886707 1.368172 1.137311 0.714325
0.995795 1.033452 0.896552 0.335468 1.179241 1.216982 1.248460 1.359117 0.578723 0.770091 1.032088 0.503474 0.593565
0.990596 0.773354 0.695740 0.637816 1.418841 1.141693 1.089645 1.209749 0.711155 0.901568 0.981267 0.874298 0.607623
1.043592 1.290290 0.973631 0.829827 1.412167 1.340463 1.059858 1.249803 1.143480 1.326476 1.262628 1.359777 0.620937
0.887420 1.192731 0.217039 1.075197 1.189307 1.475230 1.023364 0.956549 0.971748 1.263127 0.985557 1.258980 0.782451
0.579733 1.367919 0.352941 0.892312 1.498986 0.950991 1.063974 1.266775 0.769343 0.871030 1.294483 0.649616 0.540009
1.064678 1.391436 1.022312 0.129149 1.442423 0.860639 0.993974 1.430748 0.795683 1.180721 1.356583 0.879583 0.880409
1.012164 1.243057 1.054767 0.739822 1.251927 1.106115 1.429943 0.574219 0.890802 0.658721 1.306363 0.686193 0.543505
1.032251 1.163421 1.215010 0.655985 1.209879 1.032468 1.125438 1.255310 0.689274 0.733493 1.038126 0.883282 0.594624
0.288263 1.034168 1.316430 0.475441 1.215048 0.865013 1.163678 0.723345 0.723285 0.887289 1.466960 1.102206 0.955175
1.278872 1.202556 0.356998 0.293006 1.401319 1.035376 1.170260 1.124098 0.644457 0.712221 1.156909 1.138379 0.883386
1.326714 1.029164 0.691684 0.807719 1.147662 1.323797 1.298818 0.666632 0.569339 0.879888 1.192375 1.270180 0.829123
0.683203 1.455372 0.559838 0.668415 1.398360 1.240321 1.033396 1.322429 1.091634 0.771607 1.117133 1.053219 0.802081
1.425786 0.966130 1.296146 0.303804 1.046702 0.858305 1.401893 0.653359 0.708739 0.774113 1.256959 1.430913 0.617761
0.765003 0.806847 0.764706 0.965147 1.456688 1.134865 1.406588 0.953628 0.543225 1.391631 1.479656 1.483176 0.513787
1.195634 1.259831 1.338742 0.520905 1.215666 0.910589 1.439288 0.611865 1.035249 0.735591 0.981461 0.992315 0.871794
1.311886 1.018255 0.665314 0.799836 1.405620 1.408141 1.012860 1.383907 0.553261 0.531907 1.464282 1.007273 0.856924
0.234377 1.443104 0.784990 0.567526 1.272854 1.391272 1.151743 0.917671 0.745211 1.458710 1.477851 1.043434 0.616204
1.131044 0.699930 0.742394 0.542686 0.990369 1.009235 1.363298 0.697385 0.638818 0.956583 1.382420 1.259248 0.749990
0.577883 1.205637 0.371197 0.937902 0.979592 1.281513 1.450820 1.374793 0.946694 1.198030 1.157414 1.291453 0.625615
1.283781 1.252066 1.030426 0.291180 1.385545 0.895511 1.348308 1.233519 1.108038 1.190629 1.182319 0.512189 0.890979
0.918971 1.269849 1.454361 0.853006 1.397027 1.121342 1.158678 0.885443 0.853594 1.188181 1.191365 0.789857 0.740178
1.415058 1.171111 0.294118 0.927909 0.983269 1.339480 1.117484 1.291051 0.912046 0.987179 1.126315 1.467116 0.933897
0.401685 0.938813 0.845842 0.310888 1.375755 1.409078 1.326222 1.062676 0.563761 1.339705 1.152968 1.206477 0.742468
0.392117 0.940603 0.563895 0.970378 1.373743 1.294951 1.340332 0.978787 0.564684 0.702139 1.494739 1.462997 0.727882
0.447591 1.335888 0.626775 0.203135 1.377897 1.179203 1.007546 0.665908 0.536144 0.593042 0.984858 1.443921 0.666202
0.624124 1.106819 0.673428 0.976839 1.057768 1.495212 1.194537 1.425950 0.769700 1.176409 1.384497 0.650228 0.853646
0.511824 0.994869 0.340771 0.902687 1.297992 1.000216 1.213727 0.979230 0.741744 0.898304 1.119948 0.823427 0.919029
0.963789 0.980603 1.227181 0.670578 1.464506 1.041449 1.040952 1.341428 0.771723 1.454572 1.340568 1.348281 0.945926
1.272980 1.396262 1.099391 0.808280 1.463705 1.382540 1.367693 0.831618 1.416060 1.123725 1.188434 1.311776 0.792358
1.435020 1.261154 0.598377 0.156607 1.468032 1.301613 1.055826 1.442756 0.811517 0.731103 1.233801 0.762808 0.916660
0.443910 1.425341 1.369168 0.204060 1.182133 1.213538 1.195793 1.335027 0.922401 0.959555 1.461214 1.176488 0.973691
1.061192 1.142357 1.308316 0.857721 1.170757 0.962897 1.367583 0.581530 1.299884 1.396701 1.055228 1.174739 0.978779
1.384591 0.563765 1.170385 0.662433 1.210234 1.437935 1.017904 1.087444 0.616170 0.971910 1.132566 1.098264 0.811723
1.402698 1.084232 0.726166 0.585648 1.241486 1.123549 1.193338 0.797251 0.725388 1.412728 0.988954 0.925585 0.734725
0.829683 0.905907 0.229209 0.800189 1.415872 1.253260 1.294553 0.684769 0.687016 1.210036 1.462302 0.684877 0.814932
0.871899 0.502798 1.089249 0.927215 1.087566 1.271778 1.280647 0.601423 0.611779 1.482546 1.263792 1.072351 0.788442
0.922276 0.795988 1.219067 0.456108 1.003020 1.246274 1.107891 1.330222 0.622739 1.466869 1.448305 1.113360 0.746227
0.852333 1.065708 0.922921 0.498146 1.411555 1.326780 1.178874 0.734555 0.841306 0.997785 1.049191 1.050579 0.804653
1.348807 1.105533 1.330629 0.251500 1.090721 1.026174 1.105640 1.486521 1.167046 1.165219 0.975929 1.066883 0.632256
1.261011 0.818043 1.369168 0.488707 1.463458 1.258740 1.027646 1.293081 0.978361 1.211376 0.992623 1.210801 0.752133
0.344447 0.726458 0.139959 0.685732 1.499191 1.090035 1.466558 1.401824 0.523811 0.951862 1.249835 1.076756 0.894325
1.402547 1.198667 1.484787 0.413807 1.185073 0.905938 0.985854 0.773828 0.910340 1.205198 1.230675 0.874630 0.636065
0.307628 1.464789 1.012170 0.917218 1.427613 1.332563 1.377165 1.453977 1.102021 1.239058 0.988722 1.218361 0.775382
1.187946 1.056043 0.858012 0.874756 1.385654 1.069724 1.154630 1.144593 0.994416 1.467451 1.421846 0.709873 0.764552
0.471197 1.003089 0.425964 0.348193 1.228868 1.220584 1.494647 1.383746 0.590743 1.114634 1.300190 0.988958 0.763408
1.242595 1.144759 1.296146 0.471094 1.189192 1.237490 1.455003 1.407789 0.889703 0.883909 1.209691 0.561372 0.759798
0.346569 1.187812 0.367140 0.388785 1.233560 1.218652 1.141226 1.087731 0.531241 0.739087 1.395291 1.077491 0.627630
0.815877 1.465707 0.302231 0.925153 1.214449 1.038985 1.181475 0.854864 1.118565 0.949473 1.498466 0.903967 0.870944
0.392656 0.959597 0.634888 0.787090 1.369663 0.928401 0.979655 1.389986 0.662483 0.649805 1.071670 0.636696 0.578205
0.449055 1.326923 1.253550 0.266479 1.458433 1.315981 1.135125 0.915555 0.545476 0.933912 1.140797 0.831667 0.608131
0.642181 1.420897 1.253550 0.793316 1.000054 1.064683 1.243312 1.468933 0.689158 0.860481 1.497127 0.698000 0.802053
0.455739 1.141830 0.868154 0.229016 1.140876 1.312078 1.097581 1.066970 0.730000 1.020864 0.989440 0.500553 0.877776
1.475355 1.198036 1.064909 0.358724 1.302575 0.886044 1.049612 1.101925 1.205017 0.955067 1.416295 1.041263 1.009947
1.356348 0.794721 0.606491 0.907837 1.184145 0.849702 0.989821 1.090943 1.001618 1.031762 1.163373 0.605027 0.781015
1.144324 1.287597 0.549696 1.012038 1.287875 1.162979 1.094473 1.090210 0.622092 0.975406 1.197073 1.121878 0.751777
0.225530 0.978826 1.257606 0.873086 1.070950 1.261803 1.086311 0.607367 0.677954 0.898421 0.975133 0.772975 0.592974
0.676446 1.495797 1.154158 0.295919 1.101975 1.106924 1.012510 0.674916 0.748018 0.838744 1.496001 1.490758 0.519412
1.237729 1.418654 0.434077 0.709939 1.393411 1.202689 1.189606 1.055830 1.097476 0.666531 1.223066 1.186370 0.928096
1.453442 1.294063 1.060852 0.186575 0.982334 1.232387 1.371114 1.457523 1.032910 0.566408 1.285864 0.993526 0.772780
0.373740 1.416831 0.468560 0.777479 1.104576 1.245493 1.040313 0.951295 0.597052 0.764031 1.461855 1.351206 0.767691
1.206381 1.344402 0.379310 0.765379 1.048342 1.129012 1.345830 1.191110 0.845833 0.793636 0.988256 1.399199 0.577942
0.796302 0.938516 0.718053 0.203916 1.321436 1.015808 1.239277 1.187317 0.554567 0.708258 1.142369 1.445897 0.897987
1.395794 1.200809 1.158215 0.895025 1.052688 1.477893 1.339311 1.195597 1.078093 0.779008 1.279109 0.880913 0.939056
1.049019 1.447554 0.584179 0.370538 1.147134 0.962049 1.065093 1.238994 0.972374 1.073547 1.262569 0.974585 0.784623
1.127838 0.694701 1.174442 0.732214 1.376978 1.198243 1.347693 1.361627 0.781364 0.629407 0.982277 1.021636 0.703502
0.910085 1.023338 1.107505 0.570825 1.330766 1.349609 1.237255 0.769072 0.661735 1.128446 1.226967 1.051226 0.693110
1.438543 1.186892 0.918864 0.528236 1.181871 0.976828 1.182053 0.796464 0.809037 1.009791 1.454770 1.270061 0.730194
0.792500 0.906311 0.460446 0.650412 1.285636 0.876611 1.234909 1.029429 0.847641 0.914156 1.389292 1.260709 0.967950
0.773423 1.023353 0.395538 0.797316 1.047029 1.491698 1.223381 1.210531 0.850098 1.296171 0.980898 1.224495 1.015245
1.472238 0.724758 1.135903 0.946935 1.066809 0.957152 1.499545 0.681063 0.675202 1.191736 1.213204 1.305511 0.534491
0.862601 1.480497 1.436105 0.819894 1.382388 1.259010 1.173357 0.977036 0.995207 0.802611 1.283263 1.374481 0.953516
1.478866 0.810719 0.726166 0.790375 1.327986 0.985170 1.364487 0.767403 0.983962 0.770325 1.139030 1.330375 0.854994
1.287482 0.924015 0.202840 0.917133 1.398814 1.007602 1.014428 1.045545 0.916928 1.435631 1.325251 0.989039 0.818418
1.160490 1.114788 0.206897 0.375257 1.124522 0.916054 1.185733 1.097797 0.841612 1.208987 1.082793 1.107043 0.555003
1.349143 1.464492 0.711968 0.629807 1.107794 0.913370 1.496659 0.663818 1.204743 1.356897 1.218775 1.067061 0.630037
0.789292 1.135397 0.965517 0.572921 1.279794 0.955807 1.214359 1.268234 0.753406 0.689201 1.484334 1.336476 1.000796
1.310487 0.885141 1.038540 0.885153 1.007927 1.339634 1.042460 0.833245 1.091256 1.442100 1.077377 1.007360 0.801135
0.872318 1.279157 0.649087 0.925187 1.050597 1.271021 1.479554 1.173911 0.932077 0.595489 1.199849 1.099990 0.897330
0.769194 1.445268 0.726166 0.892739 1.348871 1.239614 1.224454 0.962836 0.718274 1.063232 1.463369 0.505722 0.655494
0.982647 0.727728 0.764706 0.655558 1.418511 1.325849 1.360690 1.094340 0.754859 1.352934 1.205439 1.357832 0.933335
0.759548 0.510078 1.000000 0.243481 1.251690 0.975799 1.392402 1.426584 0.580228 1.206189 1.283340 1.034927 0.928996
0.765837 1.202073 0.283976 0.697315 1.123257 0.969155 1.262030 1.466553 0.854253 1.345475 1.122510 0.573480 0.521503
0.954581 1.187975 0.718053 0.613370 1.246877 1.340453 1.394247 0.541505 0.951973 1.165453 1.006639 1.149149 0.828242
1.459494 1.283297 1.304260 0.870335 1.063168 1.015620 1.289482 1.445875 1.441260 0.785302 1.051306 0.677736 0.963227
0.588620 0.869395 0.880325 0.955174 1.266400 1.235996 1.201764 1.257284 0.707821 1.140568 1.088597 0.741613 0.796223
1.170136 0.737567 1.085193 0.882402 1.140203 1.221446 1.352547 1.095767 0.794964 1.315578 1.104923 0.873022 0.821050
0.252906 1.299450 0.507099 0.220739 1.022823 1.494498 1.193044 0.716892 0.577979 0.861297 1.288310 1.245060 0.768863
1.250911 1.261062 0.425964 0.997305 1.422419 1.092903 1.094672 0.755267 0.981619 0.859083 1.155239 1.428534 0.545921
0.632427 0.982053 0.653144 1.044897 1.384226 0.905913 1.234523 0.875526 0.715039 1.101171 1.105020 1.206786 0.575763
0.948181 1.299494 1.407708 0.288956 1.142467 1.375305 1.245769 0.566616 0.756929 0.566408 1.157161 0.871859 0.856185
0.381730 1.053349 1.257606 0.703299 1.486073 1.470775 1.202089 1.285387 0.614960 1.077860 1.347964 1.367198 0.765559
1.143933 0.888101 1.253550 0.735888 1.321154 0.919038 1.093332 1.408057 1.108858 0.507780 1.030594 1.260565 0.917142
0.915448 1.398492 1.432049 0.757601 1.398193 1.059368 1.058785 0.776298 1.231026 0.977912 1.214563 1.136631 0.839154
0.526472 1.221818 0.217039 0.535945 1.308670 1.092353 1.289000 1.171189 0.753610 0.868582 1.154618 1.218134 0.881265
1.249922 1.241530 0.460446 1.017412 1.132990 1.241334 1.460042 0.966503 1.208283 1.472755 1.037737 1.012118 1.005986
1.180329 0.456953 1.369168 0.665987 1.416023 1.094123 1.355934 1.445119 0.664263 0.895798 1.461156 1.404187 0.910078
0.605446 1.447723 1.064909 0.885546 1.494269 1.141163 1.273790 1.086807 0.982892 1.441692 1.150755 1.322057 0.965772
0.121214 1.437584 0.387424 0.335709 1.469992 1.089835 1.277520 1.161915 0.576815 0.735358 1.228676 1.096952 0.957089
0.148618 1.219938 1.012170 0.380414 1.175971 1.180198 1.438959 1.095007 0.720003 1.488024 1.237275 1.259412 0.820674
0.863158 0.976276 1.016227 0.942056 1.360731 1.136246 1.238936 0.801965 0.643949 1.072090 1.428097 1.402481 0.590660
0.532925 0.781218 1.253550 0.226529 1.056333 1.000072 1.288109 1.283856 0.676423 1.480156 1.167003 0.615963 0.727448
0.972215 1.058461 1.166329 0.877288 1.137705 1.404975 1.293751 0.720913 0.506413 0.578355 1.046880 1.360316 0.775452
0.500848 1.084479 0.734280 0.323238 1.203909 1.428611 1.001426 1.164937 0.538838 0.565126 1.048298 0.757399 0.697341
0.608797 1.437151 0.168357 0.971923 1.223983 1.414469 1.031455 1.111034 0.913406 1.295996 1.162830 0.975804 0.748625
1.233482 1.480257 1.180527 0.486068 1.195617 1.312304 1.041849 1.236897 1.224238 1.456845 1.432290 1.463219 0.741964
0.923982 1.304315 0.837728 0.515877 1.451611 0.938666 1.379525 1.403348 0.883461 0.835771 1.027022 0.973120 0.780909
1.377605 0.906470 0.618661 0.510482 1.227407 1.083036 1.186106 1.348932 1.005674 1.431727 1.360873 1.411427 1.024542
0.966703 0.917109 0.379310 0.543184 1.398292 1.440650 1.224274 0.893869 0.800708 0.978262 1.092363 0.599110 0.783101
0.263849 0.960788 0.172414 0.704666 0.979198 0.845724 1.394532 1.099886 0.531279 1.024011 1.039892 1.139911 0.775215
0.578008 1.096060 0.379310 0.985078 1.256626 1.483503 1.457364 0.709019 0.777565 0.889737 1.201304 1.270691 0.829318
1.399322 1.144185 0.275862 1.064566 1.300401 1.145106 1.316292 1.414682 1.057396 0.781164 1.457914 1.109159 0.952576
0.182008 1.394992 0.371197 0.510988 1.373337 1.125193 1.186431 0.788671 0.715761 0.831983 1.104457 0.957502 0.591911
0.656784 1.409898 1.419878 0.782958 1.126053 0.919154 1.213343 0.823035 1.202718 0.870622 1.274896 0.655823 0.869658
1.387817 1.220501 0.521298 0.995470 1.070515 1.120462 1.319038 1.046332 1.275420 1.309692 1.119890 0.942423 0.974042
0.971753 1.406527 0.780933 0.872251 1.083758 0.972341 1.379503 0.778993 1.289148 0.508596 0.971794 1.466164 0.633358
0.975695 1.248221 0.884381 0.563058 1.431002 1.236111 1.461608 0.709814 1.046127 1.064398 0.976686 0.985168 0.947778
1.449327 1.322579 0.876268 0.268704 1.008244 1.066080 1.256219 1.021263 1.087413 0.604522 1.012346 0.699326 0.906263
0.127777 1.374225 0.630832 0.802200 1.416160 1.138271 1.451676 0.606988 0.657344 0.806690 1.239760 0.830447 0.570906
0.789821 0.691318 0.237323 0.612689 1.469150 0.947913 1.068636 0.916217 0.632965 1.158051 1.346702 1.146674 0.681613
1.166123 0.754594 0.326572 0.822016 1.162465 1.314973 1.016544 0.829144 0.752510 1.223440 1.059654 1.143722 0.575649
1.145403 1.401942 0.862069 0.859646 1.266577 1.238904 1.232811 0.537184 1.250844 1.265925 1.038164 1.403641 1.004143
0.499071 1.203068 0.371197 0.466049 1.114712 1.452681 1.084507 0.500861 0.763098 1.169998 1.084831 1.080995 0.809084
0.875736 0.991885 1.223124 0.680695 1.200924 1.358704 1.051143 1.257022 0.861015 0.865668 1.272256 1.289388 0.921864
1.422219 1.007009 1.239351 0.715133 1.141330 0.972555 1.298979 1.341723 1.070464 1.271578 1.249524 1.384241 0.922703
0.129310 1.277300 0.945233 0.333881 1.226104 1.464745 1.135186 0.998490 0.500988 1.440760 1.248534 0.772209 0.630714
1.003116 1.292974 0.983773 0.466211 1.103698 0.875704 1.478466 0.916982 1.086995 1.376945 1.288465 0.791400 1.019630
0.843939 1.393652 0.618661 0.515475 1.322122 1.155287 1.098990 0.799587 1.133189 1.481089 1.123170 0.730139 1.011793
0.712472 0.803603 1.281947 0.278057 1.186390 0.928511 1.406652 1.218564 0.694269 1.291392 1.194898 0.806537 0.699817
1.435339 1.241122 0.202840 0.659991 1.098004 1.165195 1.298349 1.497884 1.054319 0.776036 1.444384 0.809025 0.690156
1.192166 0.505624 1.450304 0.710810 1.073596 1.371092 1.137736 1.440590 0.672460 0.604173 1.229763 1.123567 0.933224
1.424702 0.836751 0.290061 0.498631 1.405735 1.099054 1.477870 1.319824 0.566521 1.296113 1.261269 0.777913 0.841002
0.897323 1.337425 0.263692 0.405868 0.962736 0.936039 1.396407 0.743968 0.762241 1.065272 1.376500 1.493394 0.665445
0.372451 0.870003 0.880325 0.553201 1.376527 0.871815 1.442892 1.224672 0.762691 1.007227 1.054917 1.171516 0.882442
1.321256 0.530338 1.369168 0.206557 1.414780 1.071682 1.300648 1.491475 0.615353 0.770325 1.049928 0.947590 0.923124
1.345795 0.800013 1.454361 0.625785 1.183296 1.438395 1.323387 0.658464 0.683046 1.217437 1.160791 1.172409 0.705429
0.749826 1.331266 1.064909 0.251362 1.215973 0.971747 1.437569 1.023897 0.724133 1.149484 1.203983 1.324596 0.747775
0.239721 1.339879 0.862069 0.902090 1.479911 1.351270 1.207587 1.146338 0.854124 1.427531 1.500485 1.472842 0.898045
0.815525 1.485742 0.249493 0.742120 1.092665 1.192204 1.120061 1.129375 0.898850 1.065738 1.452576 0.606033 0.607924
0.725866 1.333371 0.413793 0.148855 1.049783 0.938912 1.176548 0.739058 0.576512 0.882802 1.076232 1.267261 0.757537
1.442606 1.203840 0.417850 0.320990 1.395134 0.947434 1.320030 1.498733 0.979901 0.599744 1.011084 1.176245 0.694418
1.373535 0.943215 0.482759 0.458695 1.344195 1.375461 1.297513 1.458742 0.886047 1.144997 1.210758 1.258283 0.899671
0.818267 1.488861 0.665314 0.867246 1.434771 1.241557 1.012357 0.964523 0.842547 0.822134 1.488586 1.357518 0.653108
0.888664 0.847069 1.204868 0.904758 1.495739 0.948040 1.225210 1.486181 0.640594 1.370360 1.128955 1.018647 0.665946
0.956135 1.490408 1.123732 0.832471 1.224714 1.135497 1.035930 1.031964 1.135806 0.698059 1.210991 0.630168 0.576360
0.654914 1.497501 0.876268 0.795513 1.272671 1.415064 1.020969 1.315299 0.703177 0.557200 1.288951 1.028244 0.581322
1.009850 1.440005 0.977688 0.699867 0.986885 1.082965 1.057719 1.398363 1.179200 1.074713 1.058664 1.447730 0.635847
0.817095 0.992755 0.949290 0.535988 1.227237 1.289513 1.390679 0.739901 0.871173 1.446005 1.029021 0.978774 0.699608
0.569347 0.700237 0.669371 0.452672 1.145827 0.896731 1.244629 1.456127 0.714522 1.234862 1.148309 1.370847 0.999811
1.199703 1.370225 1.247465 0.689905 1.384700 1.351990 0.988250 0.846876 1.081701 0.748470 1.445879 0.797920 0.992427
1.310310 1.149352 0.348884 0.290769 1.215560 0.933334 1.330797 1.107435 0.728104 1.035375 1.344702 0.854880 0.720445
0.471965 0.754309 0.961460 0.425743 1.125528 0.893403 1.470556 1.461311 0.549472 0.625677 1.320476 1.280863 0.684314
0.183277 1.101318 0.939148 0.834687 1.367988 0.856173 1.108569 1.346940 0.775883 0.721895 1.055732 1.328519 0.957637
0.600481 0.636911 0.251521 0.710835 0.973718 1.429089 1.451363 0.772966 0.602683 1.426249 1.036126 1.316431 0.769418
0.778501 0.893501 1.292089 0.271474 1.067174 1.272442 1.352784 0.988118 0.683959 1.249665 1.447471 1.217229 0.984960
0.508110 1.461190 1.060852 0.224027 1.231081 1.366452 1.018686 1.399332 0.931786 0.993706 1.105816 1.401866 0.923912
0.875906 1.409959 0.567951 0.246226 1.024536 1.051466 1.088016 1.289701 0.648650 1.346291 1.215572 1.192220 0.873507
0.226713 1.169542 1.253550 0.923152 1.017244 0.909867 1.213890 1.172022 0.713086 1.039221 1.156326 1.408976 0.829843
1.086678 1.082678 0.452333 0.450944 0.983666 1.443271 1.281964 0.688168 0.925660 1.271986 1.339422 1.145691 1.021675
1.381048 1.170101 0.206897 0.754729 1.377327 1.200935 1.107624 1.354605 0.778491 0.576490 1.161044 0.659271 0.643852
0.921903 0.398629 0.807302 0.745312 1.454856 0.880086 1.319395 1.143281 0.504487 0.563320 0.995943 1.310124 0.652298
0.653194 1.030042 0.434077 0.702449 1.011834 1.029419 0.998023 1.392701 0.772106 0.801154 1.061381 0.632192 0.538063
1.153061 0.469189 0.634888 0.844513 1.407795 0.904626 0.988416 0.702843 0.686722 0.969695 1.461933 0.806114 1.010473
1.305144 1.414543 0.673428 0.901940 1.498336 1.280255 1.045980 1.100554 1.018837 0.639256 1.271674 1.202299 0.989074
1.000296 1.330348 0.310345 0.752631 1.305637 1.457840 1.435216 0.626961 0.584982 1.168716 1.477598 0.549371 0.624893
0.572922 1.110666 1.346856 0.228511 1.407385 1.482768 1.428713 0.504506 0.657864 0.625386 1.050821 0.823686 0.959531
0.781586 1.317555 0.336714 0.308634 1.295026 1.219787 1.289746 1.494705 0.833380 1.088059 1.115425 1.467480 0.747971
1.075199 1.267967 0.241379 0.982047 1.442884 1.190476 1.007247 0.847180 1.326270 1.303106 1.015122 1.320155 0.996720
0.844321 0.989007 0.430020 0.937258 1.002226 0.887987 1.051048 1.404906 0.831907 1.236669 1.166770 0.761603 0.950210
1.299896 1.265962 0.271805 1.074682 1.194505 1.384072 1.071497 0.794990 1.273629 0.951979 1.081473 1.283030 0.948954
0.969834 1.202345 0.328600 0.258962 1.153395 1.052399 1.151973 1.334735 0.798048 1.408882 1.342819 1.220243 0.968604
1.109418 1.298172 0.791075 0.630982 1.146528 1.494149 1.421058 1.279871 0.942159 1.171164 1.122219 0.889372 0.796113
0.639802 0.901435 0.395538 0.762364 1.267025 1.022503 1.121978 1.179520 0.739908 0.824757 1.316419 1.084860 0.807155
0.804899 0.767847 0.991886 0.875421 1.152614 1.275448 1.060876 1.100634 0.626024 1.118655 1.226502 0.761407 0.535904
0.793955 1.459674 0.772819 0.535457 1.350722 1.491155 1.363906 0.571733 0.627829 0.764905 1.169352 0.801315 0.846657
1.458762 0.921377 0.507099 0.812435 1.231343 1.064183 1.304178 1.298346 0.977859 1.354624 1.495729 0.698253 1.018599
1.431669 1.008908 0.606491 0.985232 1.085987 0.885976 1.289336 1.241137 1.194076 1.230200 1.107408 0.879178 0.643672
0.681789 0.934734 1.369168 0.551130 1.181441 1.227728 1.269208 0.701200 0.543709 0.863104 1.327328 0.627546 0.528486
1.214123 0.561587 0.576065 0.665400 1.478934 1.114362 1.169656 0.752355 0.591675 0.617635 1.135284 1.090381 0.776572
0.727451 0.859958 0.178499 0.356194 1.333277 1.312728 1.089383 1.151258 0.538547 1.479632 1.369104 1.216958 0.706424
0.303978 1.376455 0.529412 0.543322 1.033824 1.342722 1.172081 1.332838 0.750643 1.057404 1.437085 0.911756 0.622823
0.833695 0.954429 1.373225 0.158987 1.069874 1.357123 1.161366 0.972069 0.724250 1.094469 1.347342 0.722590 0.918858
0.422564 1.256855 0.344828 0.358306 0.991305 0.935822 1.450264 0.508499 0.558375 1.455621 1.389350 0.625159 0.706886
1.439910 0.559636 1.488844 0.735784 1.190717 1.445919 1.405737 0.570034 0.669050 1.358005 1.403288 1.431169 0.744919
1.298814 1.255306 1.415821 0.730652 1.190672 1.436161 1.469549 0.891465 1.189092 1.021446 1.016151 0.650663 0.773606
1.426036 1.273211 1.277890 0.652715 1.385882 1.131188 1.099250 0.756796 0.751028 1.434816 1.472551 0.924452 0.523117
1.415684 1.205710 0.981744 0.614848 1.455871 1.220026 1.320848 0.858528 1.038518 0.527187 0.975890 1.061677 0.618065
1.210185 1.247987 0.294118 0.513480 1.201430 0.853150 1.198930 1.491079 1.095309 1.427472 1.330240 1.217747 0.847401
0.814342 1.302059 0.133874 0.769573 1.071520 0.961950 1.238488 0.809900 1.086542 1.093304 1.140040 1.124576 0.837447
1.376681 1.210984 0.379310 0.186173 1.060660 1.049217 1.211802 1.031938 0.806295 1.152573 1.360038 0.850170 0.844398
0.527636 0.764858 0.434077 0.412845 1.404182 1.032859 1.079213 1.214150 0.537855 0.793753 1.338704 0.656861 0.789229
0.803249 0.716971 0.164300 0.767339 1.285290 1.338993 1.263631 0.610562 0.657028 0.724226 1.120433 0.712575 1.005385
0.632643 0.915982 0.444219 1.037904 1.415421 1.286129 1.027185 0.925560 0.629765 0.783321 1.310459 1.372916 0.777231
0.390722 1.172114 1.219067 0.570963 1.457604 1.045648 1.281585 0.538466 0.555988 1.105659 1.449858 1.367243 0.593434
1.003882 0.879483 0.606491 0.718092 1.075681 1.361650 1.142296 0.557067 0.669334 1.342852 1.494040 0.970785 0.622381
0.964946 1.304933 0.780933 0.889728 1.123196 0.882846 1.307478 1.061659 1.183761 0.829302 1.264414 0.748130 0.925278
0.834569 1.457079 0.841785 0.792883 1.068532 1.160532 1.275707 1.455338 1.289809 0.965324 1.060255 1.022656 0.858348
0.835197 0.845047 0.606491 0.376052 1.238008 0.987958 1.415415 1.424142 0.543098 0.515764 1.359320 0.808324 0.578800
0.983439 0.912000 1.215010 0.164107 1.442010 1.076944 1.237809 0.693563 0.518552 1.285564 1.291804 1.495948 0.580485
0.999318 1.079221 1.192698 0.745350 1.365269 1.077759 1.223211 0.841074 1.032126 1.466402 1.157802 1.195081 0.763551
0.358698 1.179898 0.482759 1.010445 1.407097 1.387085 1.157219 0.779177 0.634388 1.164986 1.310013 0.849992 1.017272
0.258819 1.408657 0.498986 1.027403 1.356359 1.403362 1.154365 0.891371 0.641847 0.742001 1.145475 0.891746 0.647495
0.766178 1.475817 0.910751 0.763189 1.333693 1.130663 1.162667 0.661643 0.985639 0.949239 1.050142 0.769994 0.546476
0.611403 1.452089 0.425964 0.835027 1.036044 0.882056 1.126534 1.043126 1.128658 1.179731 1.017801 0.628611 0.785764
0.421899 1.231500 1.411765 0.343759 1.138269 1.022597 1.440067 1.260788 0.762028 1.365814 1.001126 0.500819 0.946916
0.710652 0.810175 0.133874 0.447524 1.036902 0.890819 1.140208 1.412659 0.571373 0.558482 0.999359 1.460275 0.728843
0.514371 1.182094 0.760649 0.932820 1.359024 1.133007 1.426788 1.054041 0.697420 0.705111 1.144757 0.885939 0.768046
1.062580 1.330561 0.691684 0.687879 0.979467 0.926672 1.261827 0.964832 1.050355 1.449502 1.160442 1.172550 0.917391
1.466415 1.282799 1.137931 0.293940 1.074688 1.088523 1.221877 1.066053 0.749109 1.296870 1.178029 0.875877 0.550392
1.252926 1.168994 0.718053 0.525987 1.264978 1.244962 1.463359 1.361977 0.944260 1.187249 1.160054 0.836583 0.763650
1.275590 0.819592 1.026369 0.391180 1.427251 1.294870 1.295015 1.014543 0.741144 1.013171 1.035718 0.905520 0.621110
0.325753 1.086985 1.446247 0.201565 1.337793 0.852299 1.340454 1.446796 0.633397 0.669619 1.470921 1.428031 0.632100
1.151444 0.875003 1.373225 0.610926 0.975877 0.854700 1.225115 0.840868 0.809482 1.003788 1.240867 1.444124 0.787357
0.530201 1.016872 0.194726 0.582858 1.362905 0.880593 1.238763 0.510829 0.582031 1.227752 1.390865 1.035446 0.561855
1.125740 0.726988 0.602434 0.448584 1.233242 1.315892 1.405192 1.173527 0.589033 0.550090 1.428874 1.486081 1.010884
0.505101 0.609140 1.290061 0.317748 0.976726 1.314787 1.074038 1.051039 0.504320 1.301882 1.031098 1.206739 0.993553
1.465260 0.619097 0.521298 0.598507 1.241419 0.933879 1.138574 1.446341 0.550910 1.059036 1.373005 0.722133 0.737391
0.937253 1.172441 0.251521 0.396271 0.964526 1.370323 1.270045 1.411615 0.749969 1.494551 1.205905 1.310731 0.919341
0.375851 0.992845 1.131846 0.587525 1.123094 0.884399 1.134215 0.843650 0.696058 1.335043 1.203187 0.530748 0.825325
1.045498 1.015767 1.251521 0.227860 1.240167 0.870550 1.241050 0.925004 0.872111 1.136080 1.387623 1.422399 0.758816
0.696904 1.190565 0.626775 0.809819 1.423645 0.928717 1.157541 1.251251 0.990243 0.647124 0.982587 0.944819 0.761185
0.210979 1.439181 1.103448 0.585935 1.235580 1.216495 0.979803 1.374096 0.965678 0.806166 1.306305 1.124211 0.936925
0.321605 1.395234 0.267748 0.518082 1.008884 0.961798 1.432569 1.493958 0.729730 0.611691 0.979675 1.023775 0.735226
0.379482 1.353805 0.657201 0.410618 1.325225 1.148204 1.041066 1.392107 0.989821 0.943353 0.987596 1.134533 0.995647
1.367831 0.834257 1.300203 0.775583 1.368302 1.271284 1.041984 1.247690 1.013203 0.971444 1.098730 0.976167 0.981091
1.264424 1.235206 0.438134 1.031869 1.337902 1.194824 1.268648 0.519205 1.081425 0.823008 1.027526 1.335856 0.557601
1.172043 1.220035 0.365112 1.071675 1.278958 1.119604 1.021165 0.762762 1.201474 1.320182 1.000524 0.949731 0.625183
0.711367 1.411064 1.389452 0.465588 1.463298 1.422623 1.229711 0.724739 0.560422 0.687453 1.341713 0.975997 0.708948
0.815288 1.384125 1.334686 0.491072 1.334318 1.247704 1.160825 0.564176 0.949936 1.010956 1.026459 0.565687 0.829550
0.630622 1.153707 0.679513 0.406145 1.013672 1.212505 1.422050 0.651648 0.513649 0.995279 1.430213 1.440671 0.638113
0.135828 0.956875 1.219067 0.283826 1.061352 1.088875 1.225152 0.949442 0.642571 0.973950 1.002854 0.900434 0.766881
0.283547 1.477459 0.849899 0.765160 1.412878 1.053732 1.287921 1.176597 1.083425 0.855761 1.094227 1.391227 0.801821
1.208022 1.405070 0.807302 0.345840 1.319816 1.045112 1.176019 1.401603 0.930870 0.872021 1.225686 1.431423 0.727646
1.058733 0.699049 0.237323 0.645144 1.050824 1.031772 1.034686 0.545782 0.529442 1.449618 1.196083 1.335193 0.916486
1.054564 1.336070 0.691684 0.772765 1.294559 1.464501 1.062911 1.242274 1.016436 1.496882 1.139962 1.492528 0.571519
1.335136 1.198645 1.137931 0.423774 1.370541 0.869749 1.328676 1.268407 1.123494 1.035258 0.999864 1.343900 0.542197
0.498142 1.355272 1.030426 0.403535 1.252331 1.249779 1.477275 1.423329 0.894717 1.338540 0.982956 0.963617 0.901585
0.928680 0.707288 0.630832 0.959488 1.006806 1.186179 1.308993 0.963652 0.832920 0.949939 1.099158 0.604807 0.841546
1.446764 1.140212 0.829615 0.865676 1.445478 1.347535 1.394582 1.366434 1.187937 0.684189 1.099313 1.394310 0.825368
0.884035 1.352270 1.137931 0.311418 1.423267 1.203122 1.473098 0.554496 0.827235 0.893234 1.270684 0.907465 0.691436
1.158165 1.489772 0.405680 0.164094 1.187238 1.020455 1.181072 0.622950 0.532529 1.304621 0.973328 0.882097 0.689420
0.246001 1.260590 0.653144 0.597996 1.081484 1.466500 1.361587 0.806094 0.867850 1.062533 1.025314 1.394895 0.834954
1.370759 0.996463 1.432049 0.655227 1.034506 1.451851 0.998689 1.493187 1.130881 1.390582 1.299375 0.882277 0.728131
1.264126 0.725191 1.050710 0.577662 0.992794 1.019189 1.478844 1.264911 0.556567 1.159275 1.435959 1.232262 0.821803
0.720857 0.608549 1.223124 0.593305 1.452893 1.496335 1.483670 0.983061 0.614157 1.431960 1.056878 0.902586 0.919785
0.734554 0.601854 0.918864 0.578171 0.967063 1.203567 1.391708 1.033866 0.638128 1.286380 1.028187 1.366625 0.656979
0.529743 1.438896 0.314402 0.445425 0.989258 1.396159 1.244839 1.439569 0.792627 0.901101 1.125364 0.614378 0.626538
0.531256 1.030373 0.991886 0.540855 1.294956 1.081459 1.483108 1.291237 0.659232 1.494143 1.029701 0.996888 0.720264
0.347472 1.410246 0.872211 0.972910 1.032831 1.249444 1.030808 1.413008 0.816920 0.698409 1.105602 0.788863 0.807997
0.968620 1.488724 1.077079 0.583047 0.987244 1.163731 1.413527 0.667571 0.933297 0.838510 1.415926 1.136370 0.736841
1.390515 1.093793 0.772819 0.642815 1.116134 1.195798 1.403895 1.374548 0.694256 0.565476 1.109931 0.927682 0.513429
0.663708 1.433217 0.434077 0.672490 1.022880 0.858073 1.099940 0.892026 0.875735 0.560930 1.452692 1.306889 0.701006
1.465962 1.244747 1.150101 0.438367 1.464906 1.070484 1.198167 1.385175 0.953447 0.781631 1.104554 0.926385 0.574244
0.218941 1.193044 0.858012 0.470289 1.308411 1.300185 1.363463 1.160505 0.588866 1.321581 0.995768 1.182369 0.671770
0.732563 0.792043 0.926978 0.430605 1.088043 1.148703 1.305837 1.083328 0.651720 1.354391 1.302112 0.888231 0.657687
0.285268 1.289600 0.221095 0.293652 1.463385 1.135568 1.444118 1.200952 0.678488 1.334518 1.086870 1.289717 0.918912
0.418739 1.450307 0.507099 1.079572 1.438144 0.894861 1.340762 1.068607 0.947122 0.793111 1.494875 0.791790 0.745823
1.038855 1.465448 0.811359 0.388155 1.207890 1.022979 1.145978 0.701932 1.126764 0.677429 1.081415 0.842540 0.902757
0.658548 0.704065 0.961460 0.825223 0.987852 1.289696 1.487650 1.460445 0.797615 1.404569 1.047405 0.810784 1.023013
0.434911 0.898803 1.316430 0.932368 1.330622 1.052822 1.322891 1.447143 0.767504 0.850516 1.317875 1.228505 0.990537
0.243795 1.496646 0.521298 0.423744 1.485945 1.251694 1.103904 0.963758 0.776468 1.092838 1.211418 1.108579 0.757186
1.059050 1.060274 0.922921 0.735336 1.325718 1.379309 1.497386 1.296697 0.987338 1.130835 1.203498 1.082810 1.015597
1.385787 1.348214 1.251521 0.857064 1.380405 1.393714 1.258935 1.138425 1.138580 1.380383 1.071631 0.594204 0.727587
1.385530 1.097928 0.237323 0.527807 1.075107 0.845231 1.068582 1.383082 1.046431 0.794510 1.430640 0.794439 0.830415
1.289917 1.283198 0.480730 0.934376 1.226414 0.882520 1.406316 0.875046 1.459898 1.307594 1.033447 1.172039 0.738389
1.462937 1.063362 0.172414 0.305224 1.382163 0.917724 1.378958 0.687010 0.688796 1.022262 1.105272 0.995334 0.984000
0.836642 0.845281 0.914807 0.548340 1.346405 0.942978 1.049841 0.943631 0.696092 0.807972 1.043755 0.827561 0.779557
0.975525 1.461467 0.460446 0.820181 1.287759 1.469665 1.395288 0.512792 0.965320 0.684888 1.466359 1.090182 0.765824
0.547185 1.139722 0.661258 0.587750 1.460666 1.230625 1.094107 0.683255 0.761688 1.095868 1.138506 1.126108 0.626050
0.822667 1.494265 0.168357 0.924490 1.432984 1.445290 1.058558 1.436666 0.530868 1.254619 1.093023 0.932991 0.576947
1.403937 1.264233 0.991886 0.680673 1.429833 1.188670 1.267055 1.112375 1.158246 0.802727 1.454964 1.420743 0.750094
0.104938 1.331442 0.464503 0.180922 1.368686 1.061688 1.144642 1.279108 0.534924 1.431843 1.281341 1.057808 0.667345
0.567594 1.377491 0.480730 0.435056 1.370012 0.925635 1.354029 0.589888 0.869232 0.668687 1.182416 1.444804 0.871124
1.189930 1.353542 0.206897 0.457643 1.470370 1.046117 1.476279 1.336996 0.779160 0.611050 1.261871 1.365643 0.580845
1.350989 0.744757 0.703854 1.014553 1.047368 0.902810 1.111358 1.307775 1.044298 0.884842 1.049385 0.886798 0.657070
0.319509 1.473095 0.133874 0.435041 1.260780 1.364536 1.223500 0.740828 0.708420 1.346465 1.135322 0.688921 0.687581
0.693115 1.118568 0.722110 0.243733 1.314214 1.293556 1.246545 1.217474 0.527403 0.636634 1.038980 0.644509 0.605101
0.402659 0.732991 0.953347 0.827978 0.969094 1.126305 1.475865 0.513342 0.581303 1.201352 1.178534 0.569449 0.661378
0.845245 1.015933 1.458418 0.695570 1.391125 1.089150 1.393362 1.069711 0.845139 1.145521 1.454440 0.914582 0.834847
0.968793 1.403503 0.172414 0.577344 1.240618 1.406212 1.398586 0.897492 0.940872 1.197447 1.040746 0.660293 0.566574
0.109357 1.376919 0.906694 0.231513 1.331275 1.239093 1.176647 1.407352 0.511175 1.468967 1.006794 1.141262 0.585646
1.155287 1.002427 1.458418 0.540760 1.288253 0.898369 1.096198 1.302610 0.602907 1.445189 0.977695 0.778451 0.557161
1.347347 1.355544 0.409736 0.530962 1.324703 1.323493 1.326884 0.506122 0.864112 1.024186 1.382673 0.510042 0.816959
0.694702 1.481303 0.460446 0.670385 1.218994 0.980746 1.267418 0.549086 0.943341 1.342852 1.026925 1.479466 0.874521
0.943013 0.701507 0.799189 0.835453 1.191034 1.186201 1.015335 1.331168 0.585052 0.710822 1.023547 1.432284 0.558150
0.554290 0.939227 0.521298 0.823203 1.426838 1.060650 1.422580 0.947873 0.651609 0.998135 1.119812 0.991606 0.680457
1.125621 1.128542 0.352941 0.844877 1.216681 1.025522 1.124947 1.119966 0.788350 1.077336 1.397639 1.308120 0.553835
1.455061 1.297812 1.369168 0.733403 1.128218 1.381511 1.025459 0.558583 1.325233 0.648231 0.998622 1.067470 0.785231
1.123395 0.865546 1.223124 0.348614 1.190486 1.175931 1.160158 1.342861 0.667157 0.573402 1.221901 1.337796 0.807706
1.464520 0.730363 1.064909 0.446112 1.322743 1.018660 1.045159 1.153181 0.747023 0.759252 1.302947 1.235374 0.968400
1.360523 1.329477 0.884381 0.560562 1.107650 0.921874 1.458710 0.743188 1.135993 0.887231 1.312303 0.810727 0.816696
1.137210 1.338750 0.943205 1.006833 1.490028 1.371271 1.496218 1.116313 1.219083 1.141617 1.478996 1.390149 1.007207
0.599952 0.829097 1.350913 0.343238 1.395240 0.860918 1.216347 1.421532 0.539503 1.399965 1.452654 1.175712 0.774436
0.548157 1.033206 0.764706 1.032558 1.160979 1.259430 1.453007 1.358229 0.716784 0.652136 1.466883 1.217891 0.740928
0.953292 1.136432 1.077079 0.822738 1.147207 0.933715 1.102114 0.721188 0.747797 0.516813 1.433203 0.529946 0.562763
1.258882 0.670726 0.853955 0.712599 1.026394 0.861851 1.203174 1.054248 0.846684 0.936826 1.007027 1.084352 0.700104
0.231823 1.324342 0.657201 0.637813 1.378977 0.978622 1.392689 0.860063 0.699758 0.624221 1.500582 1.493022 0.884752
0.530373 1.236935 0.221095 0.842890 0.990023 1.094873 1.473702 0.920501 0.856893 0.817763 1.190744 1.475670 0.764840
1.041929 0.787173 1.316430 0.333119 1.227167 1.464559 1.026345 1.261975 0.584200 1.164345 1.262938 1.223169 0.915461
1.004368 1.394038 1.180527 0.336258 1.201436 1.082426 1.394702 1.150880 0.861558 0.960662 1.445743 0.570759 0.646337
0.396344 1.090916 1.135903 0.949432 1.336428 0.982758 1.281030 1.170502 0.814874 0.830992 1.211787 0.715503 0.579441
1.210969 1.151420 0.634888 1.031761 1.199309 0.964982 1.159665 0.972667 0.811596 1.491987 1.105719 0.695612 0.836371
1.392286 1.146466 1.320487 0.485299 1.210362 1.015249 1.017835 0.784846 0.936800 0.567049 1.352681 1.043714 0.605211
0.370560 1.136738 1.034483 0.345980 1.325337 1.453348 1.465020 1.180805 0.567512 0.704062 1.163004 0.518683 0.835977
1.269968 0.745788 0.172414 0.742114 1.021381 1.094242 1.408405 0.811137 0.897571 1.382307 1.285573 0.854255 0.951862
0.999640 1.467100 0.148073 0.178680 1.302761 0.901218 1.020228 1.074176 0.770548 0.969346 1.167605 0.736304 0.661137
1.129177 1.212838 1.099391 0.276461 1.287269 1.261121 1.246268 1.195125 0.878948 1.220934 0.995380 1.286682 0.730710
0.609706 1.061820 1.407708 0.388833 1.219871 0.874902 1.458449 0.988005 0.755767 1.267964 1.049715 0.923142 0.800043
1.207393 1.421666 0.545639 1.044624 1.130995 1.099884 1.203277 1.280367 1.067990 0.725275 1.454634 1.423548 0.968205
0.141009 1.138615 0.789047 0.966866 1.198691 1.071459 1.445462 1.190835 0.524847 1.247567 1.493264 0.859582 0.824393
0.911702 1.009985 0.596349 0.562390 1.285216 0.971337 1.256494 0.698046 0.662112 0.858558 1.198897 0.742953 0.743466
0.581152 1.116723 0.133874 0.584831 1.244868 1.463871 1.129056 0.796411 0.628324 0.656099 1.214019 1.163923 0.913827
0.353344 1.435778 0.841785 0.683028 1.045982 1.208122 1.469845 1.436063 0.567734 1.041378 1.491129 1.414133 0.569101
0.732263 1.261861 1.046653 0.587778 1.313279 0.900858 1.138354 0.746502 0.888992 0.589487 1.002640 0.735028 0.621344
1.287320 1.391477 0.178499 0.813058 1.339826 1.186624 1.416828 0.823643 0.968844 0.679993 1.251019 1.107225 0.745754
0.748570 1.135948 0.541582 0.610342 1.033501 1.133551 1.426653 1.357467 1.033159 1.078210 1.087452 1.314829 0.854507
0.455564 1.305174 1.176471 0.758352 1.273289 0.988715 1.142772 0.713168 0.763509 0.632263 1.258551 0.632632 0.901086
1.372911 1.463869 0.283976 0.684832 1.048371 1.097280 1.156689 1.370513 1.049164 1.028382 1.203265 0.562398 0.534716
1.183792 1.399274 1.359026 0.140731 1.041873 1.273517 1.142854 1.451131 0.736553 1.429978 1.330570 0.994574 0.586349
0.147838 1.493876 1.286004 0.884664 0.962278 1.349019 1.227007 0.828758 1.055910 0.899178 1.144116 0.923929 0.769800
0.879669 1.371919 0.182556 0.895313 1.145568 0.925173 1.476771 1.028285 1.070594 0.675564 1.040300 1.230086 0.914393
0.954434 0.949645 0.545639 0.602723 0.963319 1.487178 1.340882 1.001582 0.778426 1.163704 1.363299 1.297303 0.716909
1.440475 1.227699 1.334686 0.503556 1.306316 0.880677 1.435163 0.680629 1.128000 0.786176 1.217785 1.185464 0.711620
1.496496 1.124089 0.525355 0.740685 1.345242 0.977507 1.398029 0.693939 1.173696 1.499679 1.067263 1.080319 0.720779
0.663930 0.845159 1.436105 0.547730 0.978193 1.121990 1.055979 0.733910 0.809261 1.060085 1.120259 0.764643 0.876825
1.120165 0.748132 0.160243 0.862336 1.477256 1.330093 1.027778 0.796912 0.630604 1.231832 1.363998 1.261815 0.519452
1.314078 1.350826 1.253550 0.194070 1.337078 1.273893 1.096395 0.511153 0.800509 0.526429 1.152774 0.655983 0.791674
1.277902 0.596237 0.661258 0.355562 1.072395 1.495682 1.260051 1.036412 0.535724 0.988636 1.384381 1.359942 0.888196
1.008790 0.766430 0.472617 0.457785 1.447586 1.192513 1.214752 1.367710 0.850680 1.186782 1.003281 0.953404 0.937716
1.280299 1.483689 1.458418 0.912803 1.212540 1.385405 0.999651 1.364865 1.379986 1.078676 0.992546 1.158518 0.922391
0.367459 1.022891 0.649087 0.301024 1.370682 1.077204 1.261511 1.056403 0.608705 1.079259 1.176826 1.080592 0.732851
0.930992 1.236606 0.442191 0.994290 1.105021 1.029267 1.393990 0.751345 1.119486 0.792296 0.998389 0.957562 0.654072
0.312661 1.059531 0.221095 0.328603 1.035704 1.006046 1.455138 0.573192 0.512589 1.473571 1.330667 0.908789 0.642146
0.743632 1.402012 0.922921 0.965036 1.028367 0.925712 1.058941 0.750479 1.062902 1.277114 1.373355 1.054886 0.663110
0.568453 1.395527 0.464503 0.964854 1.445795 0.850327 1.325780 1.064143 1.200942 0.897780 0.993710 0.919172 0.830052
0.597264 1.497459 0.931034 0.375547 1.225847 0.953594 1.279652 1.196328 0.971415 0.985489 1.424312 0.970291 0.790718
1.256779 0.822411 1.450304 0.298816 1.302873 1.202067 1.026522 1.355699 0.569632 1.246168 1.227763 0.663157 0.597649
1.286916 1.432824 1.180527 0.431137 1.097696 0.843660 1.060135 1.469715 1.383088 0.869223 1.094130 0.531974 0.591281
0.867208 1.305685 0.983773 0.179083 1.383124 0.898845 1.352242 1.295153 0.919580 0.843639 1.102089 1.110284 0.613220
1.373723 0.993637 0.160243 0.767469 1.432456 0.881479 1.090199 0.996896 0.875035 0.816481 1.027915 0.857959 0.541924
1.195005 1.441705 1.474645 0.829887 1.227631 0.857452 1.457945 0.818327 1.343472 0.646949 1.424719 1.176335 0.756409
0.730413 1.115257 0.922921 0.465688 1.395967 1.220794 1.240328 1.107676 0.710025 1.237776 1.030497 1.353290 0.944786
1.265467 1.452536 0.468560 0.168309 1.408756 1.177755 1.490125 0.790826 0.905118 1.143482 1.103739 0.765884 0.945425
1.154413 1.448412 0.858012 0.680013 1.052627 1.304640 1.291489 1.192592 0.946104 0.633778 1.183872 0.848973 0.532479
0.867104 1.334164 0.576065 0.750286 1.101709 0.987811 1.132985 1.289131 0.899278 0.577306 1.389739 1.328602 0.694967
1.315174 0.892626 1.188641 0.390929 1.085760 1.003697 1.331811 0.779490 0.769884 0.695320 1.329250 0.566300 0.962720
0.854356 1.029716 0.722110 0.333613 1.015485 1.013628 1.091733 0.754405 0.758753 1.305845 1.355806 0.609035 0.564182
1.113062 1.435357 1.446247 0.221541 1.384344 1.307916 1.109860 1.437502 0.614393 0.993123 0.988566 0.622135 0.513071
1.460256 1.473484 0.673428 0.714691 1.467167 0.920968 1.084899 1.360866 1.194497 0.807739 1.470493 0.882223 1.014248
0.326467 1.232538 1.253550 0.446253 1.357800 0.861556 1.345569 1.353505 0.715840 1.416866 1.420332 1.426986 0.574003
1.253534 0.975267 1.292089 0.913170 1.232115 1.431413 1.014997 1.286127 0.845451 1.318608 1.226113 0.550058 0.845206
0.925826 1.285995 0.853955 0.507869 1.268649 1.188598 1.148526 0.596039 0.620942 0.674223 1.483461 0.605040 0.660888
1.176425 1.339681 0.515213 0.562515 1.077593 1.430013 1.169706 0.646243 0.924476 1.203100 1.438619 0.510319 0.973264
0.948371 1.391983 0.576065 0.510609 1.180429 1.236585 1.141822 1.226853 0.793220 1.418148 1.072136 1.144262 0.718318
0.235070 1.147242 0.791075 0.623492 1.468560 1.311754 1.305749 0.923861 0.675653 0.935311 1.205692 0.565154 0.913262
0.440803 1.238920 0.533469 0.810331 1.289947 1.221145 1.249331 1.376212 0.888638 0.719739 0.973366 1.447413 0.684202
0.245947 1.138408 0.336714 0.635684 1.032585 1.463360 1.259565 0.782102 0.632886 1.283700 1.000912 0.658701 0.715368
1.202613 1.456707 0.160243 0.675098 1.052080 1.254700 1.169478 1.042497 0.556743 1.344134 1.055111 0.863260 0.542999
0.172301 1.417101 0.983773 0.211541 1.479363 1.329569 1.332862 1.307140 0.666571 0.881170 1.103156 1.495604 0.671526
0.786032 1.469681 1.020284 0.262808 1.256385 0.910869 1.020336 0.645767 1.227818 1.010140 1.145223 1.329763 0.857159
0.374893 1.440932 0.756592 0.283810 1.020296 1.471451 1.425267 1.122436 0.530385 0.595256 1.086074 0.622476 0.904409
1.336917 1.381900 0.791075 0.888142 1.491947 0.960911 1.185468 0.879981 1.314503 0.978554 1.124374 0.913256 0.563856
0.914731 1.303778 0.356998 0.682471 1.372174 1.235350 1.418739 0.988278 0.859896 1.139052 1.222619 0.658100 0.895526
1.079363 0.814077 0.233266 0.852486 1.413022 0.871694 1.353663 1.181504 0.845648 1.015152 1.129557 1.116855 0.718607
1.039747 0.839736 0.421907 0.313370 1.077980 0.870025 1.463267 1.302403 0.566401 0.880762 1.492293 0.895294 0.879048
1.375038 1.211205 1.330629 0.873225 1.349476 0.893546 1.081176 1.058114 1.089196 0.609301 1.420798 0.843119 0.702954
1.081570 0.938099 1.176471 0.473713 1.206980 1.133958 1.487283 0.501033 0.775769 1.423510 1.070738 1.185568 0.970539
0.282211 1.442211 0.456389 0.570651 1.075806 0.887443 1.018112 1.131735 0.882342 0.539017 1.163101 1.286540 0.653816
0.447956 1.236347 0.896552 0.992106 1.240503 0.889216 1.211327 0.893655 0.640394 0.830235 1.151396 1.167069 0.942666
0.524812 1.117889 1.054767 0.450197 1.331051 1.482456 1.291557 1.332227 0.774871 0.632962 1.163625 1.309487 0.889328
0.417638 1.367934 0.726166 0.917706 1.105351 1.105959 1.399561 0.900119 0.898274 0.941605 1.451702 1.223328 0.921465
1.319736 0.674888 1.046653 0.535346 1.284336 0.938493 1.372002 0.671427 0.573487 1.151932 1.459584 1.080150 0.696816
1.088545 1.280492 1.219067 0.381203 1.282597 0.982597 1.081926 1.369546 0.562664 0.885075 1.495962 0.804491 0.729538
0.873450 1.335940 0.819473 0.462797 1.236753 1.289995 1.347313 0.654919 0.713443 0.983099 1.372967 0.740249 0.631414
0.932315 1.106037 1.300203 0.720652 1.131379 1.396448 1.036098 0.737861 0.929876 0.933155 1.272159 1.338134 0.639686
0.333393 1.430640 1.085193 0.567807 0.972309 0.896655 1.344656 0.951929 0.661513 1.352410 1.476841 1.117573 0.633013
1.296508 0.758360 1.330629 0.358866 1.393120 1.163690 1.045139 1.072691 0.710263 0.908794 1.262666 1.231176 0.903715
1.240473 1.167502 1.184584 0.628258 0.983964 1.031877 1.380782 1.426284 1.213311 0.787225 1.306130 0.674040 0.863666
1.122881 1.012851 0.596349 1.049233 1.199601 0.886505 1.278761 1.252872 0.987204 1.102920 1.245642 1.194411 0.949020
0.771398 0.568243 1.208925 0.442715 1.373250 1.104437 1.386589 1.049515 0.593435 1.148960 1.180805 0.659706 0.976648
1.313799 0.607043 1.385396 0.755358 1.259742 1.428136 1.476005 1.143936 0.688977 0.984848 1.298171 0.856400 0.994210
0.832265 0.814311 0.799189 0.343603 1.025279 0.892267 1.334281 1.236574 0.736177 1.450492 1.127732 0.982888 0.561153
0.686571 0.949075 0.245436 0.787187 1.251456 1.005588 1.465176 0.834889 0.632098 0.899353 1.459273 1.464298 0.723691
0.229792 1.077011 1.458418 0.912803 1.414476 1.318971 1.129504 1.230053 0.669790 1.237543 1.250223 0.869463 0.682534
1.491049 1.359185 0.525355 0.598378 1.393447 1.471294 1.010005 0.623917 1.026284 1.312839 1.119327 1.383549 0.658865
0.488762 0.744708 0.675456 0.930574 1.324139 1.355520 1.350341 1.429336 0.511358 1.046798 1.280448 0.657474 0.695895
1.435106 0.838071 1.162272 0.427991 1.082083 1.109399 1.252645 1.174985 1.038853 1.398916 1.284214 1.000621 0.863096
1.395388 1.507017 1.176471 0.181584 1.320581 1.428839 1.036285 0.694478 0.852600 0.898595 1.275789 0.722400 0.899167
0.824513 1.431690 0.880325 0.653070 1.097911 1.342790 1.010952 0.520261 0.988053 0.815432 1.132314 1.449376 0.519774
1.246790 1.381926 0.815416 0.620218 1.441625 1.172105 0.988858 1.002239 0.979076 1.226295 1.048919 0.753371 0.525787
0.880343 0.901954 1.227181 0.388434 0.991356 1.152346 1.274364 0.566430 0.654045 0.591002 1.403580 1.341042 0.771191
1.011296 1.325015 1.369168 0.728410 1.410998 1.492215 1.158752 1.463432 0.919223 0.779358 1.381314 0.791522 0.668623
0.236264 0.923639 1.219067 0.630887 1.482537 1.139253 1.086830 1.405891 0.514723 0.916021 1.147785 1.211868 0.977587
1.009880 1.310229 1.107505 0.680684 1.072161 0.993216 1.282815 0.668769 1.000323 1.252695 1.173234 0.676347 0.637272
0.685973 0.870724 1.478702 0.480187 0.999193 1.008102 1.026500 0.999202 0.808811 1.405210 1.163820 0.611630 0.786635
1.293548 1.281807 0.383367 0.755263 1.213558 1.423877 1.480813 1.307531 1.077358 1.400548 1.118939 1.364498 0.686209
0.198064 1.133463 0.438134 0.315348 1.272799 1.076357 1.389946 0.749256 0.517295 1.409698 1.408937 1.042168 0.748398
0.483652 1.022176 0.829615 0.368831 1.337261 1.344941 1.131182 0.905285 0.507572 1.468559 1.165470 0.752750 0.665014
1.483607 1.468797 0.598377 0.551076 1.056218 0.936720 1.036524 0.633666 0.547504 1.183402 1.204410 1.471667 0.545982
1.308067 1.493143 0.468560 0.218241 1.487693 0.909828 1.372476 0.662192 0.884392 0.978029 1.255989 0.550280 1.024489
0.737453 0.492060 1.474645 0.575200 1.436056 1.018270 1.254502 0.771014 0.536489 1.430328 1.021761 0.868028 0.572648
1.492640 1.280580 1.068966 0.758081 1.238588 1.474182 1.270931 1.199350 0.757756 0.798881 1.326707 0.779528 0.571986
0.709793 1.414713 0.791075 0.291431 1.038023 1.121740 0.991033 1.368628 0.804709 0.864911 1.155103 0.818260 0.768216
1.189202 1.133194 0.815416 0.672649 1.145798 1.282085 1.385492 1.278145 1.033516 1.325077 1.490022 0.770140 0.762525
0.777955 1.019922 0.910751 0.211410 1.435979 0.878288 1.155066 1.292332 0.916258 1.137013 1.024712 0.971839 1.010623
0.152409 1.189274 0.657201 0.939908 1.132359 1.053004 1.241193 0.915042 0.709379 0.858325 0.978239 1.329039 0.581900
0.835586 1.200540 0.742394 1.032034 1.372815 1.160617 1.365050 0.892463 1.106908 0.831808 1.154075 1.471414 0.836035
0.731320 1.234304 0.302231 0.653028 1.314637 1.033321 1.140653 1.470007 0.933792 1.001107 1.139127 0.746767 0.781598
1.056204 1.485177 0.640974 0.146491 1.087098 1.088729 1.264303 1.053832 0.873696 1.101754 1.043231 0.671212 0.615876
1.117069 0.747030 0.904665 0.974370 1.420977 1.019273 1.162651 1.297678 0.812876 1.325310 1.278817 1.437549 0.646846
1.212510 1.011840 1.377282 0.455989 1.329491 0.961243 1.110704 1.331642 0.914500 0.764438 1.423594 0.768946 0.817501
0.359670 1.417811 1.107505 0.803027 1.079469 1.169088 1.435546 0.690963 0.855779 0.710298 1.261618 0.963936 0.874316
1.013224 0.959901 1.227181 0.475824 1.187511 1.243794 1.326970 1.118212 0.580020 1.273559 1.283768 1.102369 0.514181
1.277356 1.401522 1.208925 0.644959 1.176295 0.923538 1.207349 1.046894 1.331355 1.323037 1.091645 1.039891 0.931532
0.924448 1.494831 0.519270 0.494977 1.103740 1.389574 1.492394 1.192309 1.207435 1.321814 1.119404 0.932823 0.875957
0.813394 1.142849 0.752536 0.818231 1.363107 1.034699 0.997182 0.684912 0.996643 0.822251 1.446306 1.352101 0.795089
0.565148 1.210834 0.356998 0.587601 1.465611 1.482652 1.307164 1.392464 0.506884 1.071682 0.977055 0.818500 0.531865
0.833533 0.918918 1.312373 0.200914 1.118018 1.124975 1.380063 0.722903 0.611196 0.747946 1.194821 0.996453 0.665760
0.713811 1.359405 0.395538 0.794819 1.345915 1.077362 1.211209 1.345592 0.929725 0.559473 1.128606 0.998290 0.568369
0.613031 1.208409 0.318458 0.819778 1.235215 1.384675 1.245545 0.846445 0.706385 1.157527 1.315953 1.423824 0.626827
1.113907 1.078022 1.141988 0.266345 1.303296 1.115369 1.047644 1.248698 0.759885 0.548225 0.999029 1.122452 0.701971
1.310302 1.146164 0.746450 0.734800 1.418486 1.183337 1.453390 1.011046 0.681088 0.526837 1.010735 1.200969 0.740850
0.509319 1.135199 0.645030 0.311140 1.327515 1.386492 1.348123 1.460325 0.636487 1.268780 1.465330 0.913347 0.643560
0.282898 1.170873 0.645030 0.256214 1.111516 1.186282 1.341096 1.294274 0.583299 1.146978 1.158578 0.542398 0.540292
1.489294 1.114186 0.703854 0.670013 0.964293 1.215013 1.150403 1.438404 1.024689 0.922898 1.252164 1.036124 0.562888
0.591582 1.006769 0.768763 0.545574 1.127414 1.358541 1.216421 0.676359 0.910223 1.498514 1.021645 1.314414 0.947815
0.980965 0.702473 0.210953 0.672214 1.190105 1.133170 1.185511 1.458158 0.643519 1.011889 1.142388 1.480573 0.662587
0.666255 1.076037 1.054767 0.632461 1.254432 1.270691 1.399194 0.543450 0.615154 1.147503 1.242012 1.216352 0.544213
0.666756 1.240383 0.340771 0.296022 1.118187 0.845446 1.189857 1.381977 0.759308 0.640072 1.037116 1.290373 0.638016
1.273075 1.060608 0.503043 0.785102 1.347619 1.028199 1.100810 1.297856 1.032528 1.024302 1.019917 1.253738 0.792568
1.268071 1.152526 0.525355 0.875502 1.316036 1.290589 1.280921 1.495740 1.087846 0.889038 1.111348 1.474676 0.915771
1.237234 1.424846 0.306288 0.558029 1.372046 1.334725 1.463555 0.931115 1.085457 1.328924 1.294697 0.548744 1.002529
1.067491 1.318875 0.939148 0.837184 0.999705 1.035021 1.257223 0.861765 1.214212 1.046040 1.437163 0.809482 0.920053
0.576301 0.706862 1.034483 0.420883 1.315937 1.334913 1.278940 0.883281 0.535564 1.288886 1.327426 1.218096 0.967459
0.910417 0.909674 1.261663 0.301176 1.295190 1.127647 1.345877 0.950764 0.716516 0.793461 1.014928 1.164259 0.798894
0.633776 1.387452 0.906694 0.988025 1.312936 1.159893 1.301889 1.216195 0.969451 0.642054 1.184008 1.362540 0.514517
0.612154 1.350275 0.845842 0.315881 1.197381 0.992104 1.136024 1.222139 0.866793 0.693922 1.377781 1.496376 0.839537
0.416010 1.081143 0.515213 1.061837 1.155307 1.181045 1.405233 1.260985 0.738066 1.492744 1.001165 0.890268 0.662008
0.112941 1.053229 1.450304 0.608436 1.278641 1.174613 1.036931 1.016345 0.697166 1.332887 1.247952 1.488214 0.678230
0.356684 0.932249 0.318458 0.794813 1.212636 1.230257 1.162820 1.182497 0.609755 0.968355 1.084327 1.305786 0.797872
0.620032 1.012016 0.387424 0.567890 0.969548 1.499503 1.330357 1.402327 0.658007 0.868116 1.286446 1.085729 0.833006
0.828198 1.045993 0.738337 0.737556 1.079703 1.276347 1.295691 1.086414 0.690788 1.225421 1.315468 1.380475 0.707295
1.376145 0.753917 0.417850 1.017538 0.991423 1.197656 1.374745 1.187755 0.924537 0.616644 1.094324 0.912755 0.942991
1.456650 1.108167 1.269777 0.453225 1.126486 1.288475 1.420368 1.491617 0.723664 0.767294 1.071107 1.407529 0.668060
1.107447 1.114966 0.249493 0.807030 1.475968 1.308203 1.302560 1.212622 0.886531 1.198846 1.167780 1.456368 0.885889
1.428182 1.087857 0.914807 0.915360 1.143060 1.053623 1.254042 1.227969 0.709496 1.113760 1.145630 0.754506 0.839978
0.607316 0.685814 0.780933 0.767390 1.345726 1.209589 1.049130 0.679563 0.579134 0.753191 1.257231 1.321380 1.025147
0.569906 0.704824 0.622718 0.947264 1.116307 1.205657 1.309291 0.567797 0.572638 1.366222 1.119657 1.171002 0.673620
1.375187 1.062927 1.146045 0.565834 1.248116 0.861094 1.310216 0.543542 1.056747 0.982283 1.218581 0.567129 0.795224
0.240002 1.267799 0.399594 0.882070 1.072654 1.257823 1.492652 0.758369 0.692468 0.872195 1.059925 1.302755 0.602878
0.347165 1.160002 1.060852 0.418777 1.025430 1.166466 1.500320 0.976239 0.831092 0.601783 0.973036 1.232118 0.873597
0.145835 1.327865 1.488844 0.885601 1.104515 1.002948 1.408325 0.987746 0.944772 0.521650 1.127325 0.593937 0.890257
0.831195 0.828669 1.012170 0.942186 1.135117 1.327743 1.300475 0.868411 0.839816 1.058453 1.387137 0.796331 0.990689
1.494736 1.300177 1.415821 0.600812 1.344784 1.383280 1.428424 0.672640 1.176479 1.361501 1.308751 1.267959 0.689067
1.129680 1.142261 1.281947 0.450340 1.427706 1.184132 1.487123 0.758690 0.862060 1.217087 1.149998 1.216012 0.659829
1.242660 1.460238 1.026369 0.156484 1.391304 0.856399 1.403084 0.711463 1.175138 0.608718 0.986411 1.472529 0.981173
1.286229 0.891273 0.263692 0.715439 0.966189 1.151078 1.058691 0.620773 0.758725 1.033802 1.063342 1.260271 0.667627
0.821352 1.285058 0.738337 0.732563 1.077791 0.912020 1.098784 1.150704 0.884128 0.774987 1.085763 0.944159 0.687939
0.809568 1.241891 1.330629 0.174097 0.990232 1.260767 1.247569 1.470221 0.909966 1.224139 1.040222 1.498964 0.763853
1.287685 1.177581 1.466531 0.170956 1.235244 0.957323 1.084579 1.260609 1.105075 1.494376 1.314846 1.446072 0.608729
1.385079 1.247378 0.845842 0.445710 1.043804 1.085505 1.263373 0.798671 1.232180 0.762457 1.197752 0.755025 0.899349
0.598205 1.359480 1.180527 0.605915 1.407398 1.136360 1.210295 1.328965 0.975559 1.454980 1.154482 1.495125 0.639525
0.460320 0.997197 0.876268 0.371070 1.296942 1.062209 0.994151 1.419866 0.703529 0.691824 1.150231 1.198214 0.994279
0.309990 1.374578 0.503043 0.767626 1.119161 1.286392 1.338384 1.499915 0.849411 1.362492 1.333133 1.022572 0.983278
1.287883 1.232319 0.803245 0.555693 0.965141 0.983940 1.500150 0.678053 0.868483 0.905764 1.311178 0.869837 0.525390
1.292067 1.438095 1.192698 0.181066 1.155893 1.473196 1.013319 0.926855 0.653976 0.638557 1.370928 1.028522 0.657635
1.460010 1.469072 0.588235 1.004553 1.150295 1.279159 1.321739 0.577764 1.430959 1.094411 1.198742 0.771731 0.992218
0.318231 1.273958 0.529412 1.057626 1.094164 0.921543 1.105229 0.778062 0.722385 1.461216 1.394805 1.334967 0.596124
1.356171 1.176926 0.288032 1.061681 1.356794 1.449787 1.455628 0.925647 1.092613 0.825573 1.119501 0.854717 0.882769
0.176574 1.310290 1.127789 0.512751 1.251040 0.944582 1.286650 0.912119 0.942721 0.873070 1.029351 0.914453 0.881791
0.896593 0.672004 1.099391 0.246499 1.410482 1.199829 1.171780 1.080502 0.640217 1.130136 1.453624 0.743488 0.902937
0.164635 1.364311 0.965517 0.904989 0.969228 1.440157 1.292826 1.056319 0.824300 0.750743 1.012152 0.615609 0.662825
1.388840 1.025482 1.450304 0.366234 1.448037 1.321225 1.467181 0.640956 1.040552 1.169474 1.369938 1.125830 0.976470
1.363438 1.175732 1.377282 0.416038 1.035765 0.846494 1.039594 0.885590 0.759613 0.741943 1.267267 0.582398 0.520179
0.838768 1.364911 0.387424 1.039743 1.159471 1.094768 1.217792 1.442429 0.599679 1.219185 1.024867 0.616758 0.582961
0.817654 1.241467 0.417850 0.448316 1.496373 1.316215 1.308664 0.651852 0.634712 1.261612 1.202896 1.263209 0.761965
1.132318 1.378361 1.450304 0.750761 1.388588 0.854899 1.433505 1.442038 1.302981 1.043534 1.149668 1.092225 0.584658
1.231679 1.204279 0.764706 0.278558 1.313929 0.969240 1.304537 0.808893 0.718633 1.097558 1.411286 1.265899 0.634670
1.221694 1.229200 0.421907 0.265935 1.034013 1.403996 1.363855 1.437011 0.541621 0.647765 1.360387 0.587029 0.752415
1.450156 0.828933 0.482759 1.080350 1.240689 1.168712 1.187152 1.169911 0.880115 1.230258 1.108301 1.167115 1.014639
0.385562 1.096024 0.352941 1.007154 0.977956 0.896160 1.453930 1.105011 0.733349 1.227053 1.086656 1.433607 0.543075
0.903003 0.715643 1.407708 0.326410 1.456813 1.150789 1.366058 0.748992 0.584406 0.607495 1.281225 1.145958 0.769746
0.384334 1.023154 0.279919 0.577610 1.285838 1.111423 1.372160 1.086219 0.522101 1.499155 0.995419 0.674671 0.514611
1.081689 1.443497 0.636917 0.945550 0.969369 1.416067 0.984253 1.232756 1.186739 0.508538 1.082114 0.946320 0.983855
1.272082 1.284387 0.403651 1.039224 1.048070 1.262664 1.043419 0.587093 0.773994 0.787167 1.472629 1.167369 0.685690
1.421513 0.987112 0.490872 0.837920 0.977376 0.996789 1.103990 1.448676 0.912172 0.685937 1.045444 0.934485 0.788098
0.809853 0.621748 0.271805 0.485498 1.035874 1.092592 1.013660 1.231695 0.551667 0.922257 1.064623 0.871435 1.009031
0.907611 0.821240 1.089249 0.515245 1.222738 1.094364 1.060078 1.424205 0.610650 1.027915 1.403172 1.482800 0.514073
1.467961 0.953537 1.022312 0.381323 0.980515 1.240829 1.152910 1.364396 0.705500 1.431261 1.053461 0.504510 0.568525
0.660988 0.459605 0.283976 0.654873 1.217978 0.861962 1.367801 1.153588 0.544671 1.233813 1.004678 0.927485 0.915314
0.645909 1.428198 1.292089 0.214046 1.496258 1.069307 1.271647 1.092911 0.716995 0.918643 1.179757 0.690225 0.898385
1.139911 0.789569 0.752536 0.453715 0.998546 0.846224 1.373249 0.894956 0.595081 1.178390 0.992837 1.157314 1.023403
0.312555 1.334284 1.184584 0.673200 1.224102 1.375816 1.052763 0.838350 0.657621 0.759368 1.130528 0.878873 0.556319
0.763920 0.605848 0.949290 0.578433 0.968328 1.468685 1.489119 1.063003 0.526376 1.289994 1.083356 1.073713 0.836979
0.337476 1.229818 0.202840 0.537661 1.432917 1.091041 1.321630 0.767740 0.542290 1.081881 1.154871 0.731310 0.885783
1.225641 1.287507 0.515213 0.642406 1.162654 1.303653 1.265099 1.375330 1.049878 1.382948 1.138467 0.911973 0.544476
1.074132 0.834384 1.174442 0.909488 1.211374 1.205162 1.168488 0.940624 0.764172 1.369660 1.301627 0.807637 0.694003
0.733107 1.390302 0.460446 0.592990 1.405434 1.152515 1.482950 1.472664 0.819634 1.044583 1.414198 0.767001 0.637031
1.302385 1.368140 0.837728 0.573302 0.978356 0.881837 1.351530 0.953224 1.338782 1.350079 1.237741 1.130210 0.646293
0.190210 1.361936 0.914807 0.336117 1.282571 1.297021 1.217470 1.079074 0.578271 0.886299 1.297997 0.876725 0.574889
0.911438 1.317325 1.304260 0.675579 1.469707 1.398764 1.383737 1.468055 0.681936 0.724576 1.436192 1.269063 0.575501
0.447124 1.205668 0.464503 0.418099 1.191050 1.286636 1.156482 1.361012 0.628829 1.117081 1.171856 0.873908 0.971654
1.407558 1.100523 1.068966 0.336124 1.452646 0.903402 1.012592 1.311195 0.713689 1.366164 1.304733 1.222123 1.008134
1.042402 0.923165 1.050710 0.370429 0.989072 1.021988 1.306286 1.092996 0.842239 0.750277 1.345887 0.802208 1.001803
0.771608 0.709958 0.626775 0.617578 1.014015 0.922050 1.032007 1.409369 0.719110 0.953144 0.970998 1.113256 0.678957
0.973797 0.737579 1.265720 0.900292 1.315707 1.390929 1.216871 1.133035 0.660540 0.534180 1.370889 1.268234 0.709761
0.443670 1.121338 0.133874 0.642251 1.308776 0.917923 1.367248 1.314086 0.635533 0.947549 1.108223 1.149491 0.793081
0.314366 1.305279 0.922921 0.181060 1.033581 0.854327 1.074545 1.425030 0.604702 0.684480 1.411985 1.060716 0.530240
0.587501 1.037586 1.012170 0.719974 1.389840 0.892143 1.406953 1.286172 0.550248 0.966723 1.430776 1.290514 0.794083
0.516427 0.928591 0.815416 0.393018 1.172214 1.441093 1.078505 1.196083 0.695757 1.110263 1.233606 1.385459 0.804724
0.641969 1.202360 1.219067 0.358731 1.489535 1.291891 1.218614 1.308330 0.656510 1.352293 1.126063 0.920263 0.735470
1.218041 0.577622 1.381339 0.368468 1.190204 0.972028 1.161498 0.684639 0.826140 1.328574 1.284699 0.931504 1.011180
0.774298 1.299196 0.172414 0.362644 0.996762 1.388092 1.082998 1.259310 0.604300 0.794510 1.334162 1.196442 0.529025
0.949522 0.759300 1.334686 0.298812 1.077647 0.883011 1.089428 1.186177 0.671913 1.497290 1.388458 1.030109 0.797753
0.458109 1.043509 0.563895 0.905466 1.460528 1.162561 1.383629 1.273429 0.685236 1.444781 1.130935 0.781513 0.620513
0.230159 1.446635 0.914807 0.346104 1.190268 0.937636 1.041664 0.711333 0.566014 0.836296 1.481927 1.492405 0.640338
1.387309 1.478818 0.819473 0.502744 1.014886 1.367948 1.217617 1.287525 1.239300 0.750452 0.984528 1.471260 0.548705
0.937639 1.254486 1.253550 0.675963 1.417960 1.098528 1.415578 1.132789 0.881581 0.652719 1.259133 1.315596 0.668863
0.694933 1.346523 0.657201 0.193409 1.181025 1.481378 1.007136 0.987579 0.576153 0.853430 1.115968 0.636792 0.548880
0.155375 1.303790 0.172414 1.049186 1.226965 0.979270 1.074481 0.876474 0.819231 0.643394 1.143378 0.943883 0.977948
0.655858 1.439319 0.480730 1.059206 1.446215 1.131535 1.260861 1.406136 0.814557 0.605571 1.384866 1.429540 1.012143
1.191924 1.441627 0.949290 0.678303 1.353653 1.262417 1.314842 1.488706 1.063142 1.088875 1.443996 1.373760 0.997216
1.096786 1.245864 0.675456 0.997984 1.167526 1.318305 1.409660 1.180477 1.148192 0.928084 1.046065 0.977614 0.866375
1.166920 0.711440 1.373225 0.543510 1.325094 1.037446 1.397822 1.156013 0.786284 0.856577 1.151823 0.972916 0.947032
0.350784 0.863158 0.653144 0.670399 1.324040 1.427673 1.220261 1.117705 0.572149 1.359287 1.330784 0.713376 0.924844
1.415462 1.406331 1.346856 0.795304 1.225713 1.191938 1.008889 0.850962 1.477763 0.653593 1.111038 1.057634 0.938150
1.072001 0.630560 1.247465 0.525114 1.414722 1.042387 1.038335 1.227623 0.514935 0.999534 0.981306 0.773531 0.917279
1.156492 1.192595 0.640974 0.463566 1.060605 1.215445 1.286755 1.369062 1.022307 0.581619 1.181193 1.164152 0.975974
0.585403 1.035818 1.296146 0.521032 0.968190 1.430088 1.457627 1.201042 0.853270 0.977038 1.282622 1.115239 0.991086
1.174212 1.382999 0.135903 0.618456 0.979951 1.433093 1.290724 0.889384 0.657751 0.748179 1.447509 0.706556 0.647856
0.804629 0.713137 0.815416 0.992226 1.330977 1.056031 1.115715 1.475276 0.663314 1.227228 1.458303 0.941109 0.536096
0.656186 0.617795 1.450304 0.296319 1.070857 1.034951 1.328050 1.092482 0.584089 0.976164 1.048395 0.519291 0.735838
1.131353 1.175820 0.811359 0.460559 1.440713 1.232254 1.418808 1.139325 0.740620 1.161956 1.424137 0.813142 0.531320
0.372207 1.304463 1.296146 0.368722 1.284922 1.138556 1.212747 1.048845 0.594672 0.891427 1.127752 1.449089 0.536717
0.943145 0.570439 1.334686 0.383706 1.487594 0.898276 1.131839 1.300587 0.503497 1.279096 1.120414 1.480805 0.626183
0.811950 1.454269 0.636917 0.573548 0.996224 1.031630 0.987007 1.024304 0.931281 0.625561 1.112765 0.786141 0.778376
0.685235 1.192585 0.160243 0.562754 1.004698 1.348550 1.105917 1.461469 0.740883 1.251588 1.335268 0.846949 0.972777
1.201981 1.072439 1.196755 0.508021 1.235763 0.942566 1.124068 0.904560 0.712671 0.536104 0.997069 0.575963 0.665848
0.903703 1.386151 0.827586 0.719697 1.045476 1.036807 1.037127 0.797377 0.890626 0.970103 1.202896 0.973738 0.806179
0.762747 1.374560 0.752536 0.965536 0.971989 1.043099 1.050034 1.066195 1.176884 1.478758 1.017471 1.378504 0.591856
0.712103 1.375623 0.409736 0.481031 1.122815 0.971286 1.002136 1.430135 0.904428 1.213532 1.408083 0.642873 0.631801
1.403180 0.768953 1.030426 0.753083 1.071062 1.127420 1.246821 0.868302 0.659674 0.631622 1.436309 0.849409 0.988959
0.367382 1.209772 1.261663 0.890434 1.067828 0.940484 1.398153 0.771558 0.808850 1.287779 1.380401 0.608721 0.682740
0.546924 1.324335 1.273834 0.263335 1.365147 0.897171 1.300880 1.263420 0.591429 0.669736 1.331094 1.209472 0.604200
1.043402 1.057182 1.077079 0.363329 1.408634 1.158505 1.050131 1.471417 0.596238 0.598986 1.315604 0.993200 0.720607
0.810592 0.539897 1.020284 0.974385 1.444892 1.420115 1.085843 1.013497 0.507379 0.702197 1.351400 1.292034 0.943450
1.455484 0.906581 1.022312 0.316407 1.247206 1.058249 1.391616 1.401018 0.725868 1.032286 1.140350 0.675776 0.558055
0.178608 1.274628 1.050710 0.575165 0.983717 1.082203 1.336221 0.561488 0.731501 1.416808 1.153240 1.083159 0.917089
1.079050 1.423982 1.060852 0.513654 1.497116 1.496750 1.385167 1.157361 0.995420 1.301066 1.017490 1.089989 0.907118
0.413210 0.958466 1.446247 0.326412 1.323694 1.382933 1.002068 1.083159 0.617459 1.358296 1.473250 0.743660 0.780341
1.198118 1.331806 1.154158 0.550594 1.354114 1.186907 1.320729 1.376661 1.239132 1.044175 1.391117 0.924245 0.965839
0.192630 0.973738 1.304260 0.333507 1.137718 1.457944 1.305539 0.831960 0.570677 0.874177 0.999554 0.585204 0.916128
0.591290 0.728808 1.219067 0.363725 1.388819 1.490841 1.381411 0.557631 0.561937 1.301708 1.283709 1.121035 0.716190
0.550203 1.086925 0.379310 0.675502 1.140619 1.322361 1.223311 0.910664 0.503133 1.389358 1.098925 0.964033 0.589910
1.257947 1.145960 1.257606 0.930513 1.058059 1.301520 1.107133 1.148074 0.656799 0.651553 1.364833 1.004025 0.694573
1.022456 1.309513 0.567951 0.171327 1.404666 1.096406 1.117077 0.768767 0.892390 0.959147 1.041057 1.401291 0.859039
0.289625 1.061806 1.231237 0.805278 1.129019 1.461548 1.248323 1.242530 0.689438 1.089982 1.126509 0.661607 0.837114
1.242006 1.243593 0.259635 0.533321 1.399762 1.497634 1.465781 1.484572 0.781476 0.620374 1.111640 1.420337 0.722208
0.619950 1.265605 1.257606 0.543501 1.067418 1.316488 1.395121 0.549799 0.663924 0.580337 1.444733 0.588239 0.607827
1.450253 1.238345 0.409736 0.977852 1.149850 1.287041 1.001871 0.773748 0.992572 0.657206 1.269694 1.354357 0.729826
0.732606 0.992023 0.480730 0.687213 1.203659 1.390423 1.148100 0.803019 0.693026 1.141209 1.183892 1.181840 0.669557
0.315528 1.247191 0.953347 0.128889 1.159003 0.941623 1.287745 1.406755 0.740321 0.988927 1.478588 1.318584 1.011568
0.936163 1.343993 1.176471 0.563599 1.144885 1.490710 1.129410 1.489023 1.142725 0.736640 1.071942 1.358443 0.746157
0.702647 0.904969 1.385396 0.126139 1.048678 1.020254 1.163818 1.448720 0.683011 0.669969 1.197073 1.162792 1.007336
1.405770 1.499177 1.265720 0.560720 1.053197 1.218969 1.435110 1.141879 0.872556 1.364881 1.443413 1.016593 0.640806
1.215051 1.143012 0.233266 0.615316 1.121704 0.921669 1.305411 1.187512 1.272126 1.142549 0.970959 1.305011 0.988211
1.416017 1.464202 1.107505 0.176330 1.060788 0.979728 1.068996 0.649339 1.116324 0.983216 0.987615 0.960749 0.718194
1.362855 0.713270 0.914807 0.326130 1.082422 1.290138 1.196034 1.271185 0.692154 1.184393 1.212020 1.141525 0.661984
0.940951 1.466999 1.026369 0.825619 1.175939 1.458291 1.150367 0.869769 1.161353 1.396060 1.492604 0.766903 1.015378
1.097015 0.601568 0.653144 0.493137 1.351423 1.105038 1.398514 0.940456 0.764451 1.390058 1.052956 0.909435 0.865916
1.213251 1.128262 0.533469 0.403382 1.231593 1.470913 1.378610 0.818411 0.975153 1.428696 1.451722 1.345974 0.928781
1.209036 0.708038 0.969574 0.785015 1.078778 0.889309 1.180939 1.341229 0.781690 0.855586 1.205866 0.988888 0.594215
0.411523 1.197452 0.922921 0.702878 1.063654 0.852688 1.364326 1.060829 0.690678 0.578705 1.380071 1.454175 0.806399
1.161973 0.570049 1.030426 0.483432 1.066050 1.289655 0.985179 0.577151 0.613533 1.404103 1.106573 1.404923 0.960234
1.275992 1.108589 0.977688 0.854665 1.155102 1.421594 1.146411 1.115543 0.645984 0.954659 1.410199 1.098654 0.945112
0.964985 1.369857 0.888438 0.433099 1.195633 1.333695 1.030322 0.869232 0.784780 1.114925 1.201169 0.654780 0.595554
1.329959 0.757599 0.391481 0.540298 1.432911 1.008392 1.216609 1.118892 0.777920 1.079434 1.011201 0.757790 0.607219
1.485438 1.182445 0.322515 0.427689 1.007911 1.378193 1.020039 1.338843 1.204364 1.242905 1.092344 0.795079 0.856661
1.451724 1.144270 0.945233 0.685923 1.123177 1.232572 1.258046 1.042941 1.105750 0.662102 1.473347 0.707176 1.010656
1.057144 1.402244 1.215010 0.321408 1.359895 1.034788 1.392227 1.032375 0.661292 1.297162 1.364891 1.132105 0.521566
0.380020 1.020976 1.123732 0.767554 1.389850 1.333628 1.470260 0.796599 0.643181 0.669095 1.194918 1.246888 0.905716
0.886269 0.848505 0.653144 0.830185 1.235475 1.375454 1.434304 1.116590 0.750467 1.307361 1.214155 1.327052 0.632798
1.090018 1.367469 1.334686 0.473594 1.215592 1.202774 1.274841 1.251395 0.809210 0.577889 1.337811 1.052313 0.587670
1.285802 1.051287 1.219067 0.318782 1.013570 0.857861 1.379609 0.837170 0.917409 0.579171 1.114843 1.489254 0.864523
0.710838 1.212575 0.819473 0.782374 0.974253 0.979036 1.005581 0.637514 0.884236 0.960196 1.176651 0.825648 0.730814
1.171041 0.759755 0.803245 0.288546 1.001512 1.170080 1.010212 1.429322 0.757219 1.286089 1.160772 1.428240 0.808066
1.115208 0.764411 0.434077 0.585109 1.155922 1.261236 1.170665 1.352563 0.760844 0.634011 1.080483 1.260057 0.913540
1.067614 1.383704 1.180527 0.795675 1.492200 1.232428 1.349733 1.316891 0.576937 1.390990 1.391369 0.955952 0.710345
1.104517 0.859729 0.515213 0.315351 1.037366 1.183298 1.000188 1.189221 0.927972 1.321697 0.998544 0.750734 0.981796
0.429140 1.458885 0.931034 0.500384 1.376754 1.257325 1.068108 0.833514 0.708881 1.287779 1.142117 1.033907 0.580698
1.385211 1.457638 0.746450 0.442689 1.127872 1.203722 1.197153 1.439222 1.126646 1.317967 1.338102 0.643471 0.781919
1.371592 0.931865 1.154158 0.860199 1.435787 0.991912 1.246487 1.486087 1.078111 1.248907 1.110145 1.132669 0.789065
0.286145 1.368084 0.511156 1.041993 1.275205 1.080772 1.072035 0.539085 0.802165 1.421703 1.429534 1.274483 0.784066
1.353975 1.279578 0.553753 0.782220 1.103221 1.227806 1.115694 1.397725 1.166977 0.815257 1.226482 1.185553 0.899668
1.495360 1.108267 0.815416 0.565291 1.256706 1.044298 1.136415 1.405527 0.916225 0.978262 1.312789 0.873621 0.857232
0.412698 1.173885 0.241379 1.051950 1.023566 1.070375 0.979627 0.993896 0.559130 0.714610 1.270567 0.872300 0.803175
0.602802 1.229809 0.206897 0.582469 1.168621 1.365702 1.495132 0.590601 0.648747 1.213591 1.260589 0.628658 0.649938
0.967556 1.439056 0.653144 0.318371 1.274074 0.909481 1.033493 0.800300 0.922871 1.219943 1.448402 1.221362 0.935649
0.920774 0.851373 1.324544 0.560076 1.086541 1.442100 1.008286 1.391450 0.527202 1.228102 1.227996 0.897555 0.815020
1.223579 1.279010 0.833671 0.650829 0.987727 0.921973 1.178702 1.055146 1.194932 1.253278 1.170789 0.733138 0.644219
0.309068 1.098653 0.298174 0.990193 1.227538 1.016224 1.028761 0.776681 0.590147 1.090273 1.436910 1.371674 0.520275
1.327832 1.020934 0.622718 0.712580 1.045328 1.035555 1.287160 1.211821 1.060814 1.363949 1.495147 1.382394 0.916694
1.142420 0.854837 1.196755 0.677806 1.077279 0.869095 1.151955 1.042763 0.963554 0.606271 1.018015 1.241736 0.950758
0.442034 0.948560 1.123732 0.672675 1.037440 1.293312 1.289071 1.156338 0.603624 0.890553 1.278293 0.989441 0.769046
0.269430 0.993070 1.419878 0.291065 1.182690 1.444796 1.378546 0.931038 0.631757 0.766537 1.341383 1.058577 0.999337
0.940083 1.424261 0.448276 0.258835 0.965779 0.921219 1.408371 0.874532 0.773098 1.387901 1.451586 0.950337 0.564120
1.047251 1.315025 0.430020 0.143343 1.259969 1.082587 1.465701 1.379787 0.773810 1.087359 1.065341 1.481396 0.678710
0.881863 1.491587 1.227181 0.745483 1.079265 1.158746 1.054735 0.870393 1.096873 1.298327 1.067554 0.589951 0.540882
1.491662 1.438313 0.472617 0.744894 1.087425 0.944802 1.438021 0.823723 0.850057 0.894516 1.159801 1.029182 0.636694
0.351360 1.421096 0.760649 0.862912 1.300093 1.188462 1.349054 1.183437 0.857266 0.928026 1.105408 1.132582 0.706294
1.382097 1.187743 0.606491 0.256213 1.307982 1.166028 1.167918 1.391603 0.951448 0.963459 1.028303 1.127272 0.797618
0.756057 1.370640 0.421907 1.032387 1.076818 0.895849 1.303270 1.361553 0.894077 1.234396 1.233393 1.381244 0.689841
1.234294 0.869179 0.949290 0.940462 1.276479 0.913003 1.127469 0.921686 1.155806 0.768052 0.980957 1.167380 0.944433
1.345577 0.938321 0.332657 0.658283 1.276290 1.276753 1.489762 0.644447 0.851906 0.906113 1.175001 1.117661 0.903982
0.908850 1.010152 1.324544 0.652460 1.491639 1.346357 1.485791 0.944876 0.789625 1.500204 1.369045 0.625190 0.804707
0.884596 1.443280 1.419878 0.428396 1.030970 1.325224 1.145285 1.244287 0.921421 0.538609 1.309159 1.281246 0.953559
1.077332 0.764930 1.432049 0.780073 1.246752 1.494790 1.417950 1.093759 0.727185 1.166968 1.436134 1.273937 0.966562
1.286903 0.678904 1.166329 0.617620 1.418181 1.365837 1.147822 1.217697 0.691097 0.812460 1.414237 1.245188 0.854432
0.828662 1.492233 1.050710 0.263068 1.331339 1.252767 1.152206 1.458031 0.877219 0.900344 1.397135 1.025877 0.700161
1.181462 0.627415 0.164300 1.016991 0.999129 0.892438 1.219075 1.020861 0.663376 1.141325 1.399367 1.082139 0.592788
0.366438 1.224567 0.780933 1.014562 1.293729 1.103173 1.182054 0.727570 0.941601 1.313305 1.131362 1.365325 0.680201
1.334169 1.215722 1.482759 0.757217 1.042926 1.433292 1.393085 1.461026 1.311334 1.407250 1.267500 1.270103 0.971060
0.854276 1.342580 0.862069 0.799725 1.296871 0.867786 1.239865 0.633372 0.926470 0.559065 1.211632 1.177631 0.982666
0.800553 1.361410 0.125761 0.130727 1.070294 1.268665 1.205545 1.476201 0.616059 1.470074 1.076018 0.706265 0.789861
1.226131 0.846103 0.326572 0.807036 1.261411 1.311134 1.220779 1.228587 0.754757 0.930823 1.403715 1.159809 0.702957
0.190501 1.189922 0.981744 0.784627 1.440399 1.324567 1.113162 0.793620 0.627762 1.068011 1.072077 1.241191 0.521910
0.482637 1.394709 0.918864 0.870289 1.207697 1.129020 1.184309 0.866315 0.974990 1.040154 1.408957 0.932192 0.685463
0.422113 1.182457 0.249493 0.692189 1.091707 1.226659 1.467962 0.833789 0.751330 1.499563 1.161742 1.323238 0.787776
0.490785 1.482185 0.403651 0.569868 1.164031 0.876263 1.498969 1.072174 0.885123 0.947433 1.216330 1.450100 0.550249
