0.993100
0.572250
1.527800
1.403500
1.119200
1.178400
0.716300
1.569100
1.066950
1.485650
1.501350
0.801850
1.038000
1.214450
1.287050
1.975250
1.143800
1.720050
1.702250
1.419200
1.003750
1.207250
1.584600
1.055350
1.009150
0.883100
1.340800
0.776900
1.695000
1.319000
2.094950
0.794650
0.615900
0.988150
1.229050
0.874100
0.659200
0.966550
1.192250
1.585200
1.687600
1.549250
1.640300
1.414500
1.840900
0.855150
1.198900
1.680650
0.997700
1.599650
1.077250
0.727450
1.232300
0.945150
1.459150
1.561600
1.233250
1.511400
1.955600
0.783700
1.315650
0.886650
1.212700
0.795350
1.460400
0.946350
1.447850
1.196400
0.701000
0.662850
1.148700
0.706850
2.098650
0.630300
1.110300
1.160550
1.816300
1.050550
1.767200
1.293250
1.642500
0.972650
0.827900
1.599750
0.610200
1.780400
1.240000
0.833200
0.570400
1.330850
0.771550
1.260050
0.883250
0.858600
1.291350
1.496350
1.247950
1.458550
1.099150
0.991800
0.909950
1.372900
1.628400
0.839500
1.353550
1.241900
1.235000
1.930400
1.366700
1.473100
1.285900
1.112600
1.134850
0.783850
1.171750
1.244700
0.720550
0.618000
2.107000
2.192800
1.303500
0.866200
0.681700
0.812200
0.814200
1.320100
1.256000
1.142100
1.161550
0.605950
1.886700
1.120050
1.328300
0.941200
1.171250
1.678000
0.856450
1.288900
1.427450
0.781300
1.473550
1.349800
1.484400
1.117000
0.902800
1.386400
1.111350
0.524750
0.391200
1.413350
0.822200
1.049450
1.102750
1.127250
1.439850
2.060500
1.302800
1.029400
1.197550
1.040200
0.674250
1.152150
1.260550
0.876450
0.960050
0.889150
1.225700
1.342100
0.779000
0.963300
1.666950
1.090750
1.011350
0.590800
1.319950
1.245650
1.329500
0.808050
1.451250
1.012650
1.441000
0.688000
1.339400
1.216550
0.890150
1.817000
2.446500
1.468000
0.877650
0.789700
1.389800
0.891950
1.143200
0.822350
0.974850
1.475100
1.018400
1.395800
0.851000
1.028450
1.018350
1.231450
1.202250
0.875850
0.669400
1.283600
0.984300
0.923000
1.747350
0.845500
0.746850
1.046400
1.322100
1.320250
1.919600
1.275800
1.942250
1.392250
1.144300
1.331250
1.060750
1.245750
1.213500
1.024000
0.659750
1.327050
1.518750
0.877600
1.262800
1.483200
0.735150
0.807250
0.938800
0.927350
1.134350
1.065700
1.414450
1.070200
1.378250
0.964950
0.631050
1.805600
1.416700
1.553350
0.865450
0.617800
1.596300
0.984000
1.300500
1.154550
0.741000
1.978650
1.108500
1.384650
1.009150
1.321550
0.562000
1.521350
1.139650
0.850450
1.653100
0.597650
1.394550
0.615600
1.067050
0.886250
1.173700
1.190750
0.861800
1.044650
1.765650
1.248550
0.841850
0.899550
1.750450
0.674400
1.185650
0.986100
2.067900
0.991400
1.130850
1.373200
1.584400
0.438450
0.999450
1.337700
1.438550
0.482500
1.736050
1.963250
1.645000
1.239450
0.938200
0.915550
1.426600
1.579350
1.200550
1.198350
1.046250
1.044150
1.311450
1.589250
0.847950
1.238400
0.728650
1.108550
0.553000
1.551900
0.943550
1.436900
0.903000
0.748550
1.738450
2.100350
1.067300
0.894450
2.302550
1.229200
1.586650
0.927250
0.605050
0.461200
1.234000
1.481150
0.813900
0.601350
0.865850
1.577050
1.670300
1.088400
1.878950
0.626050
1.112600
1.480200
1.095200
0.679000
1.205250
0.936850
1.352650
0.785950
1.198250
1.203150
0.703100
0.913850
1.138900
1.447700
1.576850
2.224200
1.178850
1.554000
0.768450
0.344800
0.613850
0.566500
1.344400
2.161750
1.772150
1.371450
1.243800
1.156450
1.041550
1.647000
1.602550
0.795200
0.926100
2.401300
1.078100
0.618450
1.116450
0.471000
1.637350
1.069200
1.348950
2.254700
0.570600
1.017750
1.157950
0.690400
0.986050
0.922000
1.331700
0.922000
1.009750
1.400800
1.724750
1.361400
0.762500
0.811800
0.698950
1.175550
1.133300
2.463700
1.698650
1.190600
0.928300
1.478200
0.690000
1.341500
1.438750
1.114300
1.308200
0.825500
0.773300
0.804800
1.541450
0.784900
1.477100
0.740250
1.978550
1.167700
0.948950
0.720150
0.955500
0.983450
1.072300
0.820050
0.964900
0.965950
1.775800
1.522800
2.000150
1.078200
0.934250
1.244250
1.292700
1.351700
0.737350
1.648900
0.638250
0.729100
1.499550
1.723200
1.411850
0.714400
1.023150
1.336400
0.830800
1.038800
1.563900
1.217950
1.357300
0.615800
0.853350
0.834650
1.972500
1.124350
1.824450
0.833150
1.154250
0.846750
0.802850
1.791750
1.299850
1.296300
0.554350
0.762150
1.102200
1.022100
1.469300
1.536600
2.233300
0.832300
1.958500
1.506100
0.883350
0.396750
1.822900
1.416150
1.074400
1.020200
1.187100
2.146250
0.971000
1.736250
2.211650
0.704700
1.292900
1.075050
0.793200
0.840350
0.734650
0.998400
1.264100
1.183750
0.801250
0.737950
0.558300
1.394400
1.014100
1.352600
1.156150
0.636800
1.522550
0.643750
1.682500
0.778950
1.136850
1.396650
1.187000
1.142300
1.831650
1.342800
1.639450
1.683400
0.862950
1.147050
0.776800
1.220400
0.911300
1.459250
0.866400
0.952150
1.111250
0.782000
1.086000
0.930000
0.843850
1.031350
0.834850
0.897800
1.117450
1.461000
0.730850
1.840850
1.049900
0.745300
1.113350
0.906550
0.521800
0.943900
0.635850
0.592250
1.908400
1.837600
0.839500
0.805800
0.869500
1.094100
1.186150
1.058300
1.075000
1.287450
1.496950
1.989550
1.998250
1.567950
0.826450
1.785450
1.573050
1.664100
1.160100
2.308150
0.761300
1.777150
0.736000
1.153150
0.613950
1.404900
0.591000
1.655700
1.118550
1.303250
0.796750
1.318700
1.713550
0.955800
1.517600
0.876600
0.571500
0.978750
1.028250
0.819450
0.864950
1.318100
1.224300
1.501350
1.257850
0.798150
1.628750
1.178450
1.232650
0.975250
0.978350
1.566550
1.151150
0.904700
1.253050
2.162900
2.188500
1.174450
1.719050
0.758450
0.997750
1.445250
0.967050
1.082300
1.097300
0.988250
0.906500
1.434800
0.786300
0.750850
1.316700
1.155100
1.052300
1.193750
0.998500
1.969200
1.060250
0.605000
1.768150
0.880850
0.838400
1.467700
1.284400
0.668650
1.625350
0.764500
1.609600
0.785600
0.960950
1.022850
1.711500
0.883450
1.714950
1.074950
0.663000
1.082450
1.372050
1.144450
1.335150
1.245950
1.577150
0.505850
0.897050
1.500600
1.251650
1.350850
1.495400
0.856050
1.412050
0.930950
0.623150
0.931650
1.149950
1.247250
1.043900
0.825300
1.028300
1.295350
0.820550
0.793150
1.221800
1.102050
1.581900
0.953450
1.177600
1.288450
1.478650
1.022200
0.971750
1.076650
0.954450
1.131550
0.724200
1.688900
2.421300
0.620600
1.297550
1.228250
1.050550
0.987800
0.812550
1.631000
0.811450
1.296350
0.762000
1.054900
0.882250
0.954300
0.766250
1.632200
1.145900
1.321750
1.355800
2.363800
1.000250
1.063400
1.233500
0.789600
1.563500
1.176000
2.120150
1.262900
0.904350
0.679700
0.616300
1.285600
0.958100
1.435400
1.251750
1.803300
0.678100
1.139300
0.978050
1.367600
1.679900
0.695400
0.944850
1.738750
0.955350
1.494250
1.502400
1.029250
0.771650
1.711850
0.746550
0.930200
0.794900
1.049600
1.389900
0.684250
0.828250
1.268150
1.402300
0.768200
1.089650
1.659550
0.764800
1.482150
0.942350
0.909900
0.796400
1.038600
1.147300
1.077750
0.878950
0.798550
1.939700
1.889800
1.395200
0.963850
1.639750
1.580400
2.233400
0.952950
1.598650
1.394000
1.005500
1.120300
0.892200
1.541800
1.296700
0.787700
0.996700
1.421950
0.749050
1.107750
0.807600
1.523350
0.827000
1.581200
0.547500
1.023150
0.947950
1.615850
1.591400
0.663900
0.814500
0.782500
1.369200
1.483400
1.082250
0.908950
0.746700
1.177600
1.005850
0.668750
1.862950
0.945800
1.880700
1.340050
0.798900
2.020900
0.905750
1.114500
1.635700
1.951150
1.702200
1.510900
0.828850
1.347200
0.964000
0.637700
1.275700
1.328650
1.491050
1.364700
1.059400
1.184450
1.304250
1.128150
1.278750
0.607000
0.987800
1.439350
1.131050
1.098950
0.754100
1.320850
0.597350
1.248050
0.945750
1.199850
1.855600
0.826950
1.523050
0.999800
1.783750
0.981000
