27.622381
37.393294
54.143764
50.743343
29.004418
36.368786
12.670597
36.298394
43.860913
17.296391
63.228315
36.121743
24.463333
29.858380
18.361415
18.186184
64.442853
63.023781
54.088515
34.551714
58.088654
75.856937
58.177888
44.169334
30.557382
38.396190
50.162561
64.299527
59.942373
66.110003
59.920964
17.192798
40.927633
25.894260
47.796824
38.507804
68.047940
57.349525
34.853264
39.285694
61.924264
25.934643
49.872012
22.890893
52.383118
36.887491
40.231004
65.598835
40.395296
37.074560
34.101294
53.359548
38.949832
17.982387
55.599497
26.285243
43.010623
42.234679
66.957730
26.424098
26.438584
56.469417
22.584081
44.137376
64.075523
56.499181
36.059816
36.909877
62.314945
26.153017
64.462239
23.347367
52.371975
13.862897
27.581479
62.739651
28.131465
64.614885
11.964432
19.426457
51.377481
12.679247
37.224234
23.433681
40.020748
64.345722
45.267311
58.834788
26.642790
49.462133
66.013529
38.528641
14.440995
34.320981
38.467220
61.666006
38.594367
28.629591
42.817538
31.121205
63.962044
41.201073
14.545392
66.350432
57.404416
39.551623
38.228530
31.671990
43.627402
47.167144
26.334077
52.317319
36.117622
46.514396
61.442808
68.314867
28.113681
52.349448
46.495352
59.463208
50.787019
53.425345
37.632213
33.452921
62.501129
19.594863
49.008790
22.830226
44.230860
61.908501
54.195320
39.279071
30.820897
31.706850
31.049244
15.504584
43.296667
22.014909
49.302527
46.613000
42.387971
37.876325
34.076980
55.578788
26.946278
47.859711
48.259760
53.112503
63.836114
52.611775
25.883095
30.346191
70.257314
26.115298
41.120530
31.793495
64.991947
46.666850
18.097707
44.749396
53.459019
28.840590
48.955076
44.318634
45.293397
25.756816
50.794388
38.687648
42.369420
38.640903
45.580800
59.321367
53.031369
62.265608
41.011828
61.831641
40.985314
28.284649
52.897785
53.111920
58.571237
62.591728
68.741726
25.130857
8.187022
42.177228
27.090911
57.498068
33.265029
49.354381
72.424944
41.956711
62.216158
42.272887
35.704532
43.472729
17.128188
38.903430
47.798957
51.251842
43.471056
23.748530
54.598625
21.632533
33.497948
72.914751
57.453575
52.524515
15.627447
61.045214
51.075736
39.319784
46.671226
24.131507
33.380994
50.019502
38.278567
45.536078
17.572782
56.116055
43.302098
49.410162
39.203827
49.758463
17.100037
45.694166
25.766698
40.360463
21.052228
73.155585
45.580380
55.868278
74.494891
29.621883
35.348050
49.026038
21.431646
28.347304
46.418837
37.283928
38.661291
24.451685
24.880321
55.015014
59.638301
53.849136
21.767972
44.540356
33.905520
43.184732
36.347141
61.676265
27.172762
67.034857
37.993101
62.838982
45.587794
48.017116
39.284335
11.953262
51.684754
20.648687
66.427462
47.265456
29.521360
59.068928
31.506256
57.367238
35.326680
39.050820
46.676122
65.774124
59.291276
19.793733
40.192885
40.428326
29.103599
44.720937
45.247496
46.333687
36.745106
51.355615
40.880778
47.598097
44.930216
51.380301
34.057041
34.318095
55.203951
17.220185
33.329753
63.307617
53.788939
43.035105
22.344997
9.030073
61.626428
62.183882
61.978620
28.643221
58.951925
39.590818
60.349562
43.954186
58.477117
52.497017
45.034701
55.881702
37.940986
32.608191
21.786235
34.724798
28.945131
55.884022
44.256419
33.516881
33.301493
45.750765
40.621975
42.617153
65.797882
48.907039
33.920326
33.508457
48.046478
39.902694
41.981309
59.945069
19.575451
32.015037
63.881011
31.695160
40.605991
72.430905
63.787159
17.056795
34.234876
51.760497
13.053495
36.786406
23.133329
19.393911
56.830625
63.512732
34.995591
46.722712
27.521217
32.237019
59.758031
42.002412
54.962060
30.114558
59.597401
27.567798
50.268284
23.482039
55.050557
37.780179
22.384256
28.504057
47.202256
28.835146
35.350298
42.246700
39.008052
52.829559
39.068583
15.285267
33.982817
56.497653
28.507254
46.270525
50.101051
56.005713
44.985337
63.737548
72.813591
50.829891
77.745159
46.069449
22.957544
29.796924
53.815395
58.248063
35.872822
26.649949
54.675457
16.681921
26.821271
26.046400
43.583363
52.232281
65.287836
32.703488
31.341153
18.979192
46.873000
50.709185
31.104573
34.642134
51.109251
18.539922
49.309935
12.338096
46.838205
30.453351
57.644478
68.561627
22.028195
47.442884
37.986530
62.296713
40.578952
59.381443
47.611089
14.256059
48.647575
21.553299
24.937953
38.822063
39.106079
34.808705
37.260542
57.579975
56.449425
19.200215
20.662169
59.243837
46.448283
43.486172
54.793703
57.117191
51.574084
20.789098
51.183848
25.248681
33.730935
54.542509
23.123741
43.184631
13.051815
44.467935
37.254162
39.978356
21.803847
16.433850
33.079738
27.565328
43.528673
51.730076
61.857768
35.922517
44.963300
55.792817
17.296663
57.239764
41.722310
47.633142
48.372991
41.709393
10.298694
33.393508
31.662651
57.872479
51.305034
35.435546
18.979959
40.928806
14.634535
50.936567
63.914040
22.089239
61.039656
65.597236
40.699854
60.783391
22.826968
28.646857
30.133564
48.009327
60.180858
34.361752
38.156368
46.887963
46.007406
51.947554
29.804297
35.362647
40.479173
37.047130
33.541999
31.092155
46.584680
60.621197
51.164680
25.054763
49.152513
47.060413
37.732926
33.503995
50.640343
27.423350
54.026701
58.442115
43.114454
53.455290
61.327003
31.168644
26.551316
55.943978
28.884201
26.010060
52.567216
38.626940
63.400896
46.179967
18.666257
58.517281
49.918703
24.720547
59.629652
43.622649
58.007033
38.295822
64.387334
50.699718
70.941332
58.701251
55.890737
61.493076
51.550347
38.060348
32.612425
37.624736
36.974435
36.523050
43.825878
40.666422
46.153804
22.106294
28.362767
40.292198
23.804794
31.153485
49.496776
30.740111
70.197867
52.379935
47.969096
43.284241
42.624943
66.068884
43.660500
37.311382
50.706264
31.575584
43.717768
18.740312
57.329068
46.675467
35.214681
58.260229
34.442155
27.869669
49.271227
55.946763
12.898242
35.003721
61.697573
19.654924
19.763778
58.533167
31.999006
55.666203
47.544992
45.587709
66.808114
50.416119
13.038567
48.101315
54.449820
40.132562
46.031401
46.327539
46.452412
43.912516
41.966715
21.694827
64.279772
58.075867
49.534122
55.050727
46.548967
33.677250
33.320282
51.689381
36.226614
20.639645
11.117615
25.959617
29.839877
56.900918
43.711513
58.281732
15.128074
44.151078
19.110913
26.748873
52.185739
29.917897
23.279226
40.073131
28.477358
58.498504
39.167973
48.820722
47.803987
31.551359
58.281402
51.435371
34.181292
52.846662
21.711104
18.576040
20.294401
54.171697
60.259377
32.211275
31.279189
50.446680
29.446791
29.478170
27.535014
31.585463
49.215521
49.322884
22.780598
43.914905
53.858838
45.952161
58.052374
28.386270
47.868318
27.655703
31.276365
44.781500
35.737817
42.822998
63.609094
23.974270
60.129652
38.450578
61.432949
52.473029
39.070491
51.811347
64.449201
25.202132
38.423236
11.806174
54.529691
61.861317
43.464554
25.521022
35.812985
37.120966
20.572655
24.503968
43.191824
59.113618
39.051922
58.243986
52.793129
16.840622
60.730740
43.337460
42.937939
53.536114
59.233011
22.884401
39.986541
44.545528
42.640392
52.954631
42.862322
63.878155
35.178722
25.182184
50.208204
29.809574
43.090656
50.485544
41.408617
30.723958
42.396974
34.500900
42.649435
47.692656
59.726496
31.972747
40.237757
43.313914
68.994474
38.477185
62.490268
37.567862
40.742102
45.203081
20.402351
51.779643
63.471265
51.036170
47.603624
14.554941
60.347189
49.678294
26.503948
63.746022
58.087830
38.153011
43.982033
39.808606
46.806616
30.349048
53.494616
37.851350
64.194462
17.349301
51.621679
59.714455
54.065859
41.601509
16.288781
47.759817
39.264770
47.825770
26.653164
52.483510
60.499153
40.343514
32.053799
50.214655
18.968937
34.885280
14.967707
57.000095
16.406459
57.439943
41.713105
42.100840
63.369305
46.420081
43.407850
53.273565
59.852093
37.700235
59.168035
51.059204
40.622859
8.982301
43.552088
53.220688
61.286016
39.691398
44.575672
60.495909
41.218600
26.491455
39.151168
39.024540
48.772607
42.146685
50.563872
24.836715
19.647266
25.949373
38.840027
45.772508
40.912738
19.144778
34.574195
58.004576
11.217214
28.873656
17.873448
57.994726
38.093180
37.387299
45.041360
37.437640
35.886782
49.845810
40.882297
28.313708
53.153101
66.905501
29.605325
14.650446
39.165528
53.042005
50.654991
50.154662
32.647209
27.210870
19.051119
35.885338
19.742747
65.508873
50.457093
34.876685
27.599509
27.474307
55.794136
22.642808
44.616564
51.157489
19.406341
15.680779
39.174320
35.194772
53.558109
15.134395
8.668009
52.251122
25.555066
33.099183
11.771622
46.720263
35.543615
43.769070
69.505847
45.059272
22.126204
44.082649
41.048956
