options_file: rat.options
mesh: MeshFlatBase
fixed_nodes: 203
x 160
y 160 145
z 137 138 139 140 141 142 143 144 145 146 147 148 149 150 151 152 153 154 155 156 157 158 159 160 161 162 174 175 176 177 189 190 203 223 260 287 288 296 310 321 324 344 346 367 393 395 419 463 496 497 509 574 576 583 586 603 630 632 639 652 703 707 719 726 761 764 791 812 819 830 852 859 945 948 1009 1028 1059 1098 1120 1125 1134 1135 1168 1190 1202 1238 1259 1288 1363 1379 1438 1523 1537 1662 1667 1700 1827 1892 1925 2009 2038 2042 2043 2243 2246 2249 2253 2258 2260 2264 2349 2371 2401 2428 2492 2538 2571 2580 2593 2635 2646 2667 2686 2691 2700 2706 2707 2713 2717 2771 2786 2853 2856 2870 2876 2923 2944 2960 2969 2993 2998 3025 3037 3046 3066 3098 3124 3127 3131 3144 3145 3146 3156 3159 3174 3190 3197 3198 3213 3215 3227 3236 3243 3245 3258 3283 3287 3301 3304 3323 3326 3332 3346 3358 3375 3381 3387 3393 3394 3397 3411 3441 3453 3463 3464 3474 3476 3481 3492 3502 3512 3513 3521 3522 3528 3531 3535 3538 3539 3541 
pressure_boundary 3 86
lv xi3=0 2 4 6 8 10 12 14 16 18 20 22 24 26 28 30 32 34 36 38 40 42 44 46 48 50 52 54 56 58 60 62 64 66 68 70 72 74 76 78 80 82 84 86 88 90 92 94 96 98 100 102 104 106 108 
rv xi3=0 5 7 9 11 17 19 21 23 29 31 33 35 41 43 45 47 
rv xi3=1 6 8 10 12 18 20 22 24 30 32 34 36 42 44 46 48 
fields 3
epi1endo0 0.0 0.5 1.0 0.0 0.5 1.0 0.0 0.5 1.0 0.0 0.5 1.0 0.0 0.5 1.0 0.0 0.5 1.0 0.0 0.5 1.0 0.0 0.5 1.0 0.0 0.5 1.0 0.0 0.5 1.0 0.0 1.0 1.0 0.0 1.0 1.0 0.0 1.0 1.0 0.0 1.0 1.0 0.0 1.0 1.0 0.0 0.5 1.0 0.0 0.5 1.0 0.0 0.5 1.0 0.0 0.5 1.0 0.0 1.0 1.0 0.0 1.0 1.0 0.0 1.0 1.0 0.0 1.0 1.0 0.0 1.0 1.0 0.0 0.5 1.0 0.0 0.5 1.0 0.0 0.5 1.0 0.0 0.5 1.0 0.0 1.0 1.0 0.0 1.0 1.0 0.0 1.0 0.0 1.0 1.0 0.0 1.0 1.0 0.0 0.5 1.0 0.0 0.5 1.0 0.0 0.5 1.0 0.0 0.5 1.0 0.0 1.0 1.0 0.0 1.0 1.0 0.0 1.0 0.0 1.0 1.0 0.0 1.0 1.0 0.0 0.5 1.0 0.0 0.5 1.0 0.0 0.5 1.0 0.0 0.5 1.0 0.0 1.0 1.0 0.0 1.0 1.0 0.0 1.0 0.0 1.0 1.0 0.0 1.0 1.0 0.0 0.5 1.0 0.0 0.5 1.0 0.0 0.5 1.0 0.0 0.5 1.0 0.0 0.0 0.0 0.0 1.0 0.0 0.0 0.0 0.0 1.0 0.0 0.0 0.0 1.0 0.0 
base1apex0 0.95 0.98 1.00 0.92 0.95 0.97 0.92 0.95 0.97 0.92 0.95 0.98 0.92 0.95 0.98 0.92 0.95 0.97 0.92 0.95 0.96 0.92 0.96 0.98 0.93 0.96 0.99 0.93 0.96 0.98 0.83 0.86 0.88 0.82 0.86 0.89 0.83 0.88 0.90 0.83 0.88 0.91 0.82 0.85 0.87 0.82 0.84 0.86 0.84 0.87 0.89 0.85 0.89 0.92 0.84 0.88 0.90 0.68 0.72 0.73 0.68 0.71 0.74 0.68 0.73 0.78 0.70 0.74 0.75 0.67 0.70 0.71 0.67 0.68 0.69 0.69 0.72 0.73 0.71 0.75 0.78 0.70 0.75 0.77 0.49 0.52 0.53 0.48 0.50 0.53 0.49 0.52 0.50 0.53 0.53 0.47 0.50 0.52 0.46 0.47 0.49 0.49 0.51 0.52 0.52 0.56 0.58 0.51 0.56 0.58 0.24 0.27 0.27 0.24 0.25 0.28 0.25 0.27 0.26 0.27 0.28 0.24 0.27 0.29 0.23 0.24 0.25 0.24 0.26 0.27 0.27 0.31 0.32 0.27 0.31 0.33 0.00 0.00 0.00 0.00 0.00 0.00 0.00 0.00 0.00 0.00 0.00 0.00 0.00 0.00 0.00 0.00 0.00 0.00 0.00 0.00 0.00 0.00 0.00 0.00 0.00 0.00 0.72 0.51 0.75 0.58 0.61 0.74 0.51 0.27 0.34 0.36 0.27 0.00 0.00 0.00 0.00 
c1x_off 1 1 1 1 1 1 1 1 1 1 1 1 1 1 1 1 1 1 1 1 1 1 1 1 1 1 1 1 1 1 1 1 1 1 1 1 1 1 1 1 1 1 1 1 1 1 1 1 1 1 1 1 1 1 1 1 1 1 1 1 1 1 1 1 1 1 1 1 1 1 1 1 1 1 1 1 1 1 1 1 1 1 1 1 1 1 1 1 1 1 1 1 1 1 1 1 1 1 1 1 1 1 1 1 1 1 1 1 1 1 1 1 1 1 1 1 1 1 1 1 1 1 1 1 1 1 1 1 1 1 1 1 1 1 1 1 8 8 8 8 8 8 8 8 8 8 8 8 8 8 8 8 8 8 8 8 8 8 8 8 8 8 1 1 1 1 1 1 1 1 1 1 1 8 8 8 8 

stims: 1
    ca1 166 1 0.457766 0.461631 0.499504 0.509196 0.546953 0.623075 0.72309 0.828934 0.930195 1.02235 1.10401 1.17531 1.23704 1.29023 1.33591 1.37493 1.408 1.43559 1.458 1.47541 1.48789 1.49548 1.49827 1.49642 1.49025 1.48023 1.46693 1.45103 1.43321 1.41411 1.3943 1.37425 1.35431 1.33476 1.31577 1.29745 1.27988 1.26306 1.247 1.23165 1.21699 1.20295 1.18949 1.17654 1.16406 1.15199 1.1403 1.12893 1.11786 1.10705 1.09648 1.08613 1.07597 1.066 1.05619 1.04654 1.03703 1.02767 1.01843 1.00932 1.00033 0.99146 0.982697 0.974042 0.965493 0.957045 0.948698 0.940449 0.932296 0.924238 0.916273 0.908401 0.900619 0.892926 0.885323 0.877807 0.870378 0.863036 0.855778 0.848605 0.841515 0.834508 0.827584 0.820741 0.813978 0.807295 0.800692 0.794166 0.787719 0.781348 0.775053 0.768834 0.762689 0.756619 0.750621 0.744695 0.738841 0.733058 0.727345 0.721701 0.716125 0.710617 0.705176 0.699801 0.694491 0.689246 0.684064 0.678945 0.673889 0.668893 0.663959 0.659084 0.654268 0.649511 0.644811 0.640168 0.635581 0.631049 0.626572 0.622149 0.617778 0.613461 0.609195 0.60498 0.600815 0.5967 0.592633 0.588615 0.584645 0.580721 0.576844 0.573013 0.569226 0.565484 0.561785 0.55813 0.554517 0.550945 0.547416 0.543927 0.540478 0.537068 0.533698 0.530366 0.527072 0.523815 0.520595 0.517412 0.514264 0.511151 0.508074 0.50503 0.502021 0.499044 0.496101 0.49319 0.49031 0.487462 0.484646 0.481859 0.479103 0.476377 0.47368 0.471012 0.468372 0.46576
