91.100000
72.100000
50.100000
51.900000
60.900000
66.900000
67.200000
39.900000
56.200000
40.500000
26.600000
72.400000
44.100000
77.200000
103.500000
65.700000
27.700000
30.100000
48.600000
69.300000
32.600000
24.400000
41.200000
49.000000
38.800000
46.300000
45.500000
20.700000
46.300000
31.300000
39.600000
57.600000
54.400000
90.800000
40.500000
54.000000
41.500000
48.700000
43.500000
64.900000
51.000000
74.700000
66.400000
56.300000
43.600000
73.200000
62.800000
20.100000
31.900000
65.000000
56.200000
48.400000
77.300000
70.900000
36.200000
52.600000
63.300000
70.100000
32.800000
76.600000
65.400000
33.500000
98.000000
40.800000
34.500000
39.800000
52.700000
48.600000
41.200000
68.400000
35.200000
62.400000
39.200000
78.700000
47.400000
48.300000
79.500000
63.900000
66.900000
74.200000
63.500000
51.800000
85.800000
88.000000
55.800000
20.400000
61.500000
45.000000
96.900000
53.100000
38.800000
58.900000
82.300000
74.300000
40.400000
19.200000
61.700000
85.800000
64.700000
60.100000
45.500000
52.600000
81.600000
23.000000
27.700000
63.600000
87.300000
68.800000
41.600000
34.900000
92.100000
29.900000
75.900000
32.000000
45.600000
35.700000
76.700000
52.000000
64.900000
45.400000
54.400000
51.300000
51.700000
77.000000
31.600000
89.400000
46.500000
82.100000
64.700000
44.600000
54.200000
41.700000
69.600000
57.900000
38.100000
116.000000
65.900000
66.200000
29.300000
46.400000
55.100000
75.300000
63.200000
40.400000
78.800000
53.700000
68.200000
42.500000
13.900000
55.600000
57.100000
55.400000
38.100000
65.000000
32.700000
71.100000
19.700000
62.900000
58.000000
62.600000
57.800000
63.800000
47.400000
53.300000
65.900000
45.900000
67.500000
66.200000
36.000000
49.400000
56.600000
36.600000
64.700000
48.000000
60.100000
33.500000
48.400000
80.100000
54.600000
37.100000
34.100000
16.900000
29.800000
38.900000
82.900000
54.500000
44.300000
37.400000
80.900000
58.600000
46.100000
66.300000
58.400000
43.600000
61.700000
21.800000
63.700000
37.300000
42.500000
44.700000
47.600000
83.900000
31.300000
73.700000
63.800000
40.000000
49.000000
31.700000
110.300000
24.500000
82.800000
83.100000
60.300000
81.500000
75.800000
48.100000
54.700000
64.200000
73.300000
82.300000
52.300000
43.900000
35.500000
28.000000
75.900000
64.800000
92.000000
52.900000
79.300000
41.400000
60.000000
46.300000
30.800000
57.900000
61.500000
37.700000
44.300000
59.100000
37.200000
65.000000
53.600000
89.100000
89.200000
33.000000
39.800000
47.100000
92.700000
61.700000
64.900000
59.800000
62.400000
30.100000
89.300000
38.000000
72.700000
22.500000
61.200000
60.100000
41.000000
90.800000
67.200000
70.700000
47.400000
71.300000
44.400000
59.300000
69.100000
20.900000
77.000000
89.900000
31.500000
32.200000
48.000000
105.100000
49.100000
40.000000
74.700000
48.100000
45.200000
61.100000
45.000000
33.800000
81.800000
68.600000
55.400000
58.900000
86.300000
63.700000
33.300000
96.200000
69.800000
33.400000
40.100000
55.900000
68.200000
101.100000
78.200000
36.500000
32.100000
74.600000
36.000000
75.200000
31.200000
22.200000
31.000000
35.300000
53.600000
37.100000
63.100000
60.100000
96.300000
53.900000
75.600000
42.100000
84.800000
26.900000
75.600000
49.000000
29.300000
46.400000
33.200000
29.500000
50.000000
46.400000
53.000000
41.200000
63.300000
35.900000
84.000000
83.600000
27.000000
60.800000
54.800000
31.100000
40.700000
83.900000
59.900000
35.300000
70.800000
53.300000
49.800000
90.600000
48.600000
34.800000
69.900000
56.400000
80.300000
77.300000
26.200000
59.700000
61.900000
53.600000
36.600000
42.800000
42.100000
61.400000
28.900000
55.200000
62.200000
57.900000
40.000000
69.100000
57.800000
68.600000
58.200000
41.700000
27.100000
70.900000
62.000000
18.900000
44.200000
39.500000
64.900000
70.600000
58.900000
38.000000
43.700000
38.400000
47.100000
65.600000
85.900000
81.800000
41.900000
52.900000
80.800000
69.900000
45.700000
98.400000
84.800000
53.500000
65.300000
49.300000
24.600000
68.700000
100.100000
58.500000
60.200000
49.400000
56.500000
77.400000
54.300000
101.900000
44.900000
86.700000
64.900000
55.100000
49.300000
25.800000
61.700000
38.300000
74.800000
28.500000
67.000000
30.100000
56.700000
74.800000
30.100000
106.000000
88.800000
69.500000
31.100000
54.700000
74.600000
26.800000
32.000000
98.600000
88.500000
32.400000
52.900000
47.400000
50.000000
23.900000
43.800000
70.200000
24.900000
61.300000
73.200000
58.300000
60.900000
68.100000
68.800000
70.100000
59.700000
34.500000
98.100000
69.200000
84.600000
37.000000
52.900000
43.100000
47.000000
36.400000
26.200000
40.000000
56.100000
34.500000
43.700000
38.600000
51.500000
62.000000
112.200000
60.600000
45.000000
25.200000
55.500000
50.700000
85.700000
60.500000
71.300000
46.500000
65.200000
97.700000
40.200000
59.800000
45.200000
41.800000
92.300000
62.200000
43.200000
33.000000
44.300000
80.100000
59.300000
43.300000
49.200000
41.100000
72.500000
39.700000
44.100000
56.400000
81.000000
56.000000
21.800000
23.300000
45.400000
71.900000
36.500000
47.600000
46.400000
85.200000
44.800000
66.000000
46.000000
70.500000
70.200000
29.100000
30.100000
87.500000
91.700000
50.300000
47.600000
85.300000
57.700000
38.300000
32.800000
47.000000
72.800000
31.200000
75.600000
79.600000
34.500000
61.800000
39.300000
79.000000
19.200000
42.700000
39.600000
26.600000
61.000000
32.600000
20.200000
36.500000
37.700000
66.300000
79.400000
43.300000
62.100000
63.200000
42.400000
88.600000
71.100000
70.800000
82.100000
59.300000
55.400000
49.000000
31.600000
36.600000
48.500000
45.200000
58.600000
34.000000
67.600000
77.400000
57.100000
78.600000
62.600000
103.800000
59.500000
61.000000
56.400000
43.000000
52.200000
79.500000
30.400000
72.900000
107.600000
77.600000
38.700000
95.900000
58.800000
27.300000
51.300000
27.300000
44.800000
46.600000
22.800000
40.200000
83.500000
37.000000
27.500000
68.500000
35.700000
53.500000
43.300000
38.900000
35.100000
71.600000
25.900000
43.900000
32.700000
62.400000
43.700000
40.300000
76.400000
46.400000
73.400000
66.100000
90.400000
62.200000
87.900000
41.800000
60.000000
30.700000
81.300000
70.600000
67.100000
42.100000
51.500000
89.500000
56.000000
92.500000
46.600000
38.000000
58.000000
25.500000
30.100000
74.200000
23.900000
64.300000
77.500000
23.200000
46.400000
74.500000
37.500000
31.000000
54.300000
65.700000
88.300000
54.300000
83.200000
84.600000
77.900000
65.100000
49.400000
63.300000
93.400000
29.800000
32.300000
68.800000
39.500000
87.300000
37.800000
48.900000
87.100000
60.600000
70.200000
56.200000
44.700000
91.200000
46.200000
71.700000
47.700000
48.300000
73.600000
48.700000
18.700000
41.900000
73.100000
116.300000
45.600000
41.400000
56.500000
91.100000
57.800000
42.300000
52.700000
64.600000
75.400000
48.300000
84.200000
29.500000
22.000000
76.700000
30.000000
57.900000
56.500000
50.600000
40.200000
101.400000
53.700000
41.000000
60.600000
45.300000
45.600000
24.800000
42.800000
89.400000
27.800000
49.000000
52.100000
30.500000
45.800000
64.700000
81.600000
78.400000
55.500000
68.400000
48.900000
46.200000
65.400000
36.300000
47.700000
76.900000
36.500000
30.200000
58.300000
59.400000
79.800000
47.700000
37.100000
52.100000
40.900000
103.300000
39.400000
31.300000
66.000000
17.200000
35.400000
62.000000
40.600000
31.100000
69.000000
76.500000
49.200000
53.700000
27.300000
61.200000
31.400000
32.600000
30.600000
61.000000
73.700000
36.400000
65.400000
64.600000
71.500000
50.300000
31.300000
42.500000
79.700000
68.900000
68.300000
69.100000
98.400000
37.900000
107.400000
51.200000
39.000000
66.100000
24.300000
41.700000
51.500000
47.500000
58.500000
67.600000
41.000000
33.400000
68.900000
80.800000
48.400000
34.700000
34.100000
47.300000
32.900000
42.700000
40.100000
64.800000
63.900000
80.000000
71.200000
54.000000
56.900000
95.600000
54.600000
84.100000
63.800000
62.500000
66.100000
105.300000
80.700000
50.800000
110.800000
67.200000
79.400000
53.600000
52.300000
77.600000
61.900000
68.600000
56.600000
49.300000
49.600000
53.700000
40.600000
38.300000
70.500000
50.900000
51.300000
49.000000
63.600000
39.100000
69.700000
85.200000
74.600000
64.000000
102.600000
26.200000
52.000000
63.500000
52.100000
35.200000
36.400000
83.400000
49.500000
36.700000
100.700000
109.100000
74.800000
60.000000
56.700000
80.900000
100.600000
48.700000
64.400000
44.500000
95.600000
70.400000
56.700000
57.900000
20.800000
42.100000
93.900000
64.500000
46.400000
