57.300000
41.200000
51.600000
34.600000
40.600000
52.500000
52.500000
45.400000
54.900000
53.800000
56.900000
63.100000
46.000000
40.300000
59.400000
54.700000
34.700000
38.900000
43.700000
37.200000
50.400000
41.900000
47.000000
39.200000
32.400000
53.000000
38.100000
47.900000
44.100000
43.600000
35.000000
47.700000
52.100000
51.800000
39.800000
52.100000
51.500000
48.500000
59.000000
46.600000
38.100000
58.700000
62.800000
64.700000
51.400000
47.300000
39.800000
30.300000
69.700000
42.700000
52.500000
53.300000
55.500000
47.100000
49.800000
58.700000
42.800000
37.800000
33.100000
53.000000
40.800000
49.700000
46.100000
49.400000
44.000000
34.100000
52.400000
58.200000
56.500000
45.800000
34.000000
58.600000
44.800000
50.000000
52.700000
45.700000
38.400000
52.800000
39.800000
37.700000
49.800000
46.800000
51.900000
44.300000
37.700000
49.200000
32.400000
44.200000
37.200000
70.200000
40.200000
31.100000
51.400000
57.600000
41.600000
59.600000
38.600000
51.200000
29.100000
54.200000
47.000000
39.900000
42.500000
43.700000
52.500000
60.100000
58.000000
52.800000
46.800000
50.900000
37.800000
46.900000
35.800000
51.900000
34.000000
50.200000
42.400000
50.300000
40.200000
37.700000
51.100000
40.500000
42.500000
45.000000
39.000000
39.600000
53.700000
51.800000
51.000000
51.000000
52.000000
56.400000
49.300000
44.600000
51.000000
53.100000
47.100000
52.200000
44.400000
39.100000
38.900000
31.500000
46.500000
39.900000
29.000000
60.800000
52.700000
38.400000
43.600000
40.600000
45.900000
67.500000
43.800000
38.500000
35.000000
41.900000
45.100000
60.200000
40.900000
53.800000
43.200000
46.700000
41.300000
42.900000
60.500000
51.600000
50.100000
32.400000
49.900000
31.800000
45.500000
47.500000
49.400000
50.500000
41.800000
64.700000
56.100000
45.400000
51.100000
41.900000
59.600000
59.900000
34.300000
56.800000
64.000000
41.500000
30.700000
44.300000
71.900000
47.900000
40.500000
47.500000
41.800000
55.300000
42.300000
54.300000
59.300000
35.500000
65.200000
53.400000
39.900000
33.700000
40.100000
42.900000
42.900000
57.100000
63.300000
44.700000
37.600000
45.900000
36.800000
40.600000
58.800000
45.000000
37.700000
56.100000
48.500000
48.900000
56.000000
43.800000
47.300000
32.400000
27.200000
52.800000
36.500000
33.600000
52.600000
46.900000
41.900000
51.600000
35.200000
44.600000
40.700000
47.900000
45.900000
48.500000
33.800000
53.200000
39.000000
44.500000
52.800000
49.300000
51.300000
33.900000
37.600000
53.200000
37.300000
55.800000
41.800000
55.600000
29.200000
52.400000
59.800000
42.200000
57.900000
40.500000
60.100000
55.500000
46.400000
41.000000
48.800000
45.000000
56.100000
54.900000
47.900000
40.500000
51.000000
49.800000
45.300000
62.200000
62.900000
44.500000
29.000000
47.100000
55.700000
56.700000
55.500000
51.100000
30.300000
63.600000
63.200000
55.200000
49.700000
52.200000
52.200000
45.500000
53.800000
41.000000
50.000000
40.600000
34.000000
60.100000
27.100000
48.900000
47.100000
50.700000
35.800000
54.600000
34.900000
45.600000
52.300000
58.000000
54.700000
43.800000
45.700000
51.800000
60.300000
55.600000
44.900000
59.200000
42.900000
47.300000
55.000000
43.400000
47.400000
47.600000
40.000000
42.800000
40.700000
37.600000
40.000000
45.500000
30.100000
42.600000
38.700000
30.800000
41.800000
43.900000
40.100000
46.300000
40.400000
43.900000
39.400000
57.200000
50.700000
54.500000
64.600000
47.100000
46.800000
30.400000
54.200000
38.400000
39.900000
50.600000
41.600000
36.700000
32.300000
35.000000
50.800000
35.300000
53.100000
53.900000
46.800000
45.400000
55.500000
57.400000
51.100000
35.100000
48.400000
48.900000
53.000000
31.400000
51.900000
44.400000
56.500000
60.500000
46.400000
51.300000
61.800000
44.000000
34.600000
31.700000
32.500000
41.300000
37.300000
59.600000
48.900000
64.400000
36.500000
44.800000
30.200000
37.400000
59.000000
58.800000
58.000000
48.600000
50.700000
43.000000
47.100000
38.200000
50.400000
53.200000
67.400000
62.100000
48.700000
45.100000
50.500000
66.100000
47.700000
36.800000
48.800000
43.000000
32.100000
51.900000
50.400000
43.200000
41.400000
33.300000
37.800000
46.100000
36.400000
57.100000
34.200000
49.700000
33.600000
51.100000
67.200000
55.500000
62.500000
58.200000
49.000000
31.900000
44.300000
44.400000
32.300000
46.600000
49.100000
43.100000
48.800000
56.000000
48.400000
23.000000
39.700000
33.800000
37.400000
50.200000
41.500000
36.500000
50.800000
55.900000
54.400000
51.300000
49.600000
53.200000
47.800000
38.200000
33.400000
52.100000
47.600000
38.300000
45.900000
38.800000
49.100000
58.200000
37.300000
48.600000
29.300000
55.800000
59.600000
49.300000
50.300000
46.500000
27.400000
49.000000
52.800000
49.200000
38.700000
48.000000
50.900000
50.500000
48.100000
39.700000
36.400000
52.500000
53.400000
57.700000
59.800000
53.700000
60.900000
46.800000
40.200000
52.100000
47.000000
43.000000
52.500000
72.600000
52.200000
48.500000
49.500000
37.400000
43.900000
49.500000
38.800000
54.100000
46.300000
39.700000
32.900000
44.100000
50.400000
55.000000
51.400000
57.400000
53.000000
53.000000
62.600000
64.700000
34.500000
62.000000
53.100000
37.500000
41.300000
61.500000
38.100000
56.900000
52.600000
44.300000
47.500000
42.000000
28.100000
38.400000
52.300000
35.400000
60.400000
34.800000
48.800000
52.200000
34.800000
33.000000
36.600000
35.400000
59.100000
54.500000
45.700000
36.400000
60.100000
52.900000
44.400000
34.000000
38.600000
51.300000
39.900000
46.800000
61.200000
48.100000
45.700000
47.100000
50.300000
47.000000
33.500000
35.900000
35.500000
47.700000
57.100000
54.900000
55.100000
39.800000
62.800000
47.300000
38.700000
51.400000
41.800000
47.800000
37.400000
38.800000
53.000000
49.600000
48.000000
40.600000
38.800000
53.100000
47.300000
44.800000
35.300000
54.200000
51.100000
48.400000
56.800000
34.600000
37.400000
53.900000
56.000000
49.200000
55.400000
46.700000
56.900000
40.800000
47.200000
34.200000
46.500000
30.500000
40.800000
54.500000
51.100000
39.800000
37.400000
32.900000
57.600000
54.700000
43.800000
34.800000
48.700000
47.600000
57.700000
50.100000
49.700000
33.600000
47.300000
60.600000
44.700000
53.800000
52.600000
48.000000
47.700000
29.200000
29.900000
45.000000
39.900000
46.800000
60.900000
38.900000
52.500000
52.200000
45.900000
43.200000
42.500000
50.100000
56.500000
34.700000
55.800000
39.000000
50.000000
42.100000
51.000000
55.700000
43.900000
50.000000
37.100000
54.800000
57.400000
57.100000
58.500000
41.500000
50.900000
45.000000
49.900000
54.000000
46.200000
46.800000
57.600000
34.500000
30.100000
40.500000
43.900000
38.700000
39.700000
56.000000
36.300000
56.500000
50.700000
63.300000
41.000000
31.900000
52.900000
43.200000
46.800000
44.500000
50.600000
51.000000
41.700000
31.600000
41.900000
52.900000
50.400000
53.000000
58.800000
56.400000
52.600000
43.200000
46.100000
32.300000
47.800000
45.500000
33.500000
59.000000
47.800000
52.600000
43.900000
54.700000
45.700000
38.100000
39.200000
62.800000
41.600000
31.400000
40.900000
47.000000
59.700000
51.900000
29.300000
52.700000
31.500000
47.300000
36.000000
38.400000
39.500000
54.100000
43.700000
42.300000
60.900000
39.000000
54.500000
55.900000
46.900000
57.600000
52.800000
41.500000
54.700000
36.400000
42.100000
35.500000
53.200000
46.000000
43.100000
48.500000
50.900000
41.600000
53.600000
40.200000
44.600000
52.800000
45.900000
32.800000
42.600000
50.800000
47.700000
45.900000
55.300000
37.700000
47.500000
50.400000
34.400000
38.700000
43.100000
43.100000
56.500000
45.800000
37.200000
50.500000
53.600000
58.300000
60.400000
50.900000
22.300000
40.200000
35.300000
50.700000
41.300000
42.400000
33.200000
43.300000
40.000000
32.200000
54.800000
54.500000
33.500000
38.600000
49.900000
45.000000
28.800000
48.800000
49.900000
60.800000
47.900000
57.000000
50.400000
55.400000
32.400000
47.600000
43.000000
30.500000
50.600000
40.500000
52.100000
50.400000
48.900000
45.700000
53.800000
52.100000
38.200000
39.000000
44.900000
52.900000
37.700000
58.000000
50.700000
33.900000
34.100000
32.700000
54.300000
48.000000
54.900000
38.000000
53.100000
57.000000
51.200000
53.300000
49.000000
49.400000
46.500000
35.500000
50.700000
48.900000
39.900000
63.900000
28.500000
49.000000
57.000000
44.200000
44.400000
44.300000
