134.300000
109.100000
110.100000
117.000000
105.100000
118.000000
125.100000
100.600000
104.800000
105.400000
99.000000
107.000000
121.700000
113.800000
131.800000
121.700000
111.200000
110.600000
127.500000
107.400000
93.400000
105.800000
107.700000
102.500000
98.500000
114.900000
88.200000
104.600000
109.500000
106.200000
108.800000
86.500000
107.600000
135.400000
114.600000
114.400000
97.800000
96.700000
117.600000
115.600000
109.200000
100.000000
105.900000
102.600000
108.500000
105.200000
108.500000
113.700000
118.300000
112.200000
115.500000
123.600000
119.700000
124.900000
102.100000
117.100000
107.200000
95.100000
112.400000
105.600000
119.100000
104.800000
120.700000
109.600000
108.700000
90.900000
97.600000
100.600000
89.400000
106.900000
105.100000
99.700000
105.000000
103.800000
103.200000
105.600000
107.600000
98.500000
121.400000
113.800000
124.900000
116.600000
110.300000
106.900000
80.300000
119.900000
99.200000
121.400000
133.300000
122.300000
75.900000
92.400000
122.100000
110.000000
112.100000
111.400000
107.200000
117.900000
102.200000
106.300000
104.200000
96.400000
103.700000
101.300000
106.500000
105.400000
111.900000
114.500000
115.600000
89.600000
121.700000
108.300000
107.800000
108.000000
104.700000
107.300000
105.800000
118.100000
108.900000
110.600000
102.900000
119.700000
114.500000
125.100000
100.400000
116.800000
114.600000
112.500000
113.500000
88.400000
108.400000
94.800000
88.400000
104.000000
120.100000
131.000000
90.000000
94.700000
107.900000
101.700000
103.400000
123.100000
109.600000
101.800000
115.800000
94.300000
104.800000
91.700000
111.200000
118.300000
107.000000
114.500000
92.000000
98.100000
106.000000
101.100000
102.800000
108.500000
125.100000
126.400000
100.100000
110.000000
101.000000
98.600000
83.300000
114.700000
102.400000
115.400000
104.900000
104.800000
107.300000
90.200000
101.200000
100.700000
90.300000
99.900000
78.500000
107.700000
104.000000
113.000000
97.900000
110.200000
100.400000
121.900000
125.000000
93.300000
106.400000
102.600000
102.600000
117.100000
106.100000
108.900000
97.300000
100.700000
105.900000
99.200000
107.100000
104.700000
83.500000
97.600000
112.400000
112.800000
104.900000
112.300000
88.600000
107.700000
107.200000
103.700000
129.000000
119.000000
100.300000
131.500000
105.600000
113.800000
111.500000
101.000000
103.500000
108.900000
115.200000
106.100000
86.300000
91.900000
81.200000
101.600000
109.600000
96.900000
135.000000
92.700000
107.200000
104.600000
104.700000
123.700000
103.800000
107.100000
99.300000
112.800000
108.000000
118.500000
114.500000
89.900000
79.800000
132.000000
126.000000
102.800000
110.400000
107.800000
119.600000
103.200000
107.100000
107.500000
106.900000
109.200000
121.800000
102.800000
99.600000
112.100000
111.000000
91.000000
99.800000
114.100000
92.800000
102.100000
101.200000
128.500000
107.600000
107.500000
103.700000
108.500000
109.200000
108.600000
88.000000
115.200000
109.900000
133.200000
112.500000
103.000000
107.900000
95.400000
96.600000
106.300000
115.500000
99.700000
115.100000
107.900000
111.500000
130.900000
110.100000
99.300000
85.400000
117.500000
112.900000
99.600000
81.400000
101.100000
112.600000
122.300000
102.800000
107.900000
109.500000
108.500000
95.400000
107.700000
99.100000
105.400000
105.100000
103.500000
107.300000
94.900000
98.900000
102.300000
119.800000
109.900000
101.400000
104.100000
114.100000
113.000000
111.500000
93.200000
113.400000
119.800000
111.300000
92.800000
86.900000
111.800000
105.100000
74.400000
104.300000
114.600000
109.800000
109.700000
116.300000
85.300000
119.400000
112.400000
108.700000
126.400000
95.500000
106.400000
106.000000
101.100000
85.400000
119.600000
96.200000
115.400000
122.300000
97.200000
108.500000
126.600000
102.400000
100.200000
122.000000
113.300000
102.100000
114.300000
94.800000
106.800000
109.400000
99.100000
114.100000
114.700000
97.000000
102.900000
104.300000
109.800000
107.800000
103.400000
95.100000
124.300000
102.600000
114.900000
114.100000
93.000000
129.200000
105.700000
105.700000
98.300000
102.000000
95.900000
80.800000
122.400000
114.800000
102.200000
95.800000
107.600000
108.200000
90.100000
123.000000
118.700000
112.300000
116.500000
87.300000
100.900000
105.000000
113.700000
134.700000
123.300000
92.500000
109.000000
101.300000
118.100000
104.000000
124.600000
107.100000
109.800000
96.000000
96.800000
75.900000
108.100000
109.000000
98.700000
108.900000
95.300000
130.200000
101.300000
102.300000
125.100000
104.300000
129.500000
113.800000
108.400000
108.100000
112.500000
132.000000
98.100000
90.400000
130.200000
117.200000
107.500000
117.700000
98.000000
99.500000
109.000000
109.500000
104.800000
116.000000
79.700000
123.900000
104.600000
118.300000
125.700000
114.200000
131.300000
115.500000
112.200000
123.000000
105.700000
105.200000
118.700000
94.800000
104.600000
102.400000
96.300000
98.300000
100.900000
116.800000
97.200000
105.000000
105.500000
107.500000
101.700000
127.800000
112.100000
100.500000
111.200000
103.000000
110.300000
106.500000
119.700000
111.500000
100.200000
96.400000
132.700000
110.900000
88.900000
117.100000
106.400000
118.800000
112.000000
106.700000
92.300000
109.100000
116.800000
104.800000
74.600000
115.700000
108.900000
106.200000
91.900000
82.500000
108.500000
104.000000
87.400000
118.600000
112.300000
115.500000
100.400000
94.300000
112.800000
109.200000
131.500000
96.100000
115.100000
106.100000
100.700000
112.800000
98.500000
90.800000
125.700000
127.400000
102.100000
116.200000
111.500000
115.200000
119.200000
103.400000
76.900000
91.100000
102.400000
101.100000
103.900000
101.000000
103.800000
105.200000
128.300000
103.000000
109.400000
121.500000
112.500000
108.900000
113.200000
116.500000
102.400000
112.100000
98.700000
100.400000
98.800000
98.900000
105.700000
96.700000
109.500000
97.000000
101.700000
110.400000
111.400000
108.900000
98.500000
84.300000
108.400000
88.300000
104.600000
93.600000
101.500000
92.200000
109.300000
108.500000
99.700000
104.100000
135.100000
107.500000
102.800000
102.700000
110.200000
104.800000
111.400000
109.300000
99.700000
129.800000
103.800000
94.700000
120.100000
116.300000
90.100000
118.500000
103.500000
105.100000
109.100000
119.800000
95.200000
112.600000
102.500000
106.400000
109.700000
104.200000
96.000000
108.400000
110.000000
115.400000
116.600000
105.500000
101.600000
113.800000
109.500000
96.000000
111.100000
107.400000
90.500000
110.000000
97.400000
119.000000
115.700000
129.300000
122.300000
125.700000
100.800000
101.200000
95.100000
116.900000
111.100000
103.900000
108.100000
106.600000
116.400000
113.700000
106.800000
109.300000
111.300000
110.100000
112.700000
101.200000
111.600000
118.300000
109.000000
112.000000
116.700000
108.600000
99.900000
98.100000
108.300000
130.300000
109.900000
108.200000
106.900000
107.500000
114.200000
100.200000
94.200000
119.100000
98.200000
97.600000
124.600000
120.200000
125.000000
104.400000
112.200000
129.600000
107.300000
114.400000
111.900000
112.400000
110.500000
103.300000
107.100000
101.000000
91.300000
109.200000
91.900000
114.300000
116.700000
105.800000
134.700000
106.300000
108.700000
107.300000
117.600000
102.000000
118.800000
108.700000
112.100000
97.800000
80.900000
105.900000
107.000000
100.600000
115.200000
105.700000
101.700000
90.200000
91.100000
116.500000
135.300000
96.000000
105.800000
97.300000
97.500000
90.700000
104.700000
111.400000
118.600000
101.600000
105.200000
90.000000
92.800000
96.700000
91.100000
104.400000
113.400000
112.700000
102.700000
99.700000
118.000000
111.500000
102.700000
95.100000
110.700000
102.600000
123.900000
95.500000
96.500000
101.600000
99.000000
102.500000
92.600000
97.800000
121.100000
113.000000
109.100000
111.300000
115.300000
110.300000
107.700000
103.100000
106.400000
121.500000
108.000000
112.000000
92.600000
113.500000
106.900000
98.900000
94.800000
103.700000
108.700000
110.100000
103.000000
101.100000
99.800000
105.900000
112.800000
113.100000
109.000000
127.600000
94.800000
114.500000
101.200000
125.600000
108.900000
133.900000
112.400000
119.200000
133.200000
106.700000
113.200000
111.400000
111.200000
78.900000
100.900000
115.400000
107.500000
122.300000
124.900000
101.200000
108.000000
105.600000
102.900000
97.900000
90.200000
114.200000
111.800000
116.400000
109.100000
106.100000
100.000000
106.800000
123.100000
122.100000
117.100000
108.300000
107.700000
100.100000
125.000000
127.600000
106.000000
128.500000
109.600000
115.000000
101.800000
92.500000
102.400000
111.700000
100.000000
108.200000
119.200000
111.200000
112.600000
103.200000
112.800000
115.500000
123.200000
93.600000
103.000000
103.900000
75.700000
112.600000
110.300000
115.900000
85.600000
138.600000
96.900000
123.400000
101.900000
109.600000
104.600000
96.900000
111.200000
87.300000
76.400000
125.900000
136.100000
98.400000
103.500000
102.300000
124.300000
124.900000
114.000000
119.200000
112.700000
109.900000
96.500000
109.000000
99.000000
111.700000
112.200000
129.500000
102.400000
103.600000
