0.242154 0.255023 17.000000 8.000000
0.158207 0.169164 12.000000 7.000000
0.279106 0.957338 13.000000 10.000000
0.323335 1.231438 23.000000 14.000000
0.287655 0.859452 31.000000 21.000000
0.172193 0.329691 24.000000 16.000000
0.217177 1.217281 16.000000 12.000000
0.161929 0.170334 31.000000 11.000000
0.136128 0.145495 11.000000 7.000000
0.128171 0.136414 13.000000 6.000000
0.191556 0.206488 13.000000 7.000000
1.926372 1.926372 1.000000 0.000000
0.121883 0.139229 12.000000 7.000000
0.310965 0.916050 16.000000 14.000000
0.096549 0.100629 14.000000 7.000000
0.172104 0.178744 13.000000 7.000000
1.600211 1.600211 1.000000 0.000000
0.151226 0.585230 11.000000 12.000000
0.108324 0.120582 12.000000 7.000000
0.238827 1.146433 12.000000 10.000000
0.158993 0.160763 15.000000 8.000000
0.109938 0.123011 11.000000 7.000000
0.152395 0.156511 13.000000 6.000000
0.287232 0.300992 14.000000 6.000000
0.765303 1.141661 42.000000 17.000000
0.129933 0.137390 11.000000 7.000000
0.114651 0.144361 15.000000 21.000000
11.630793 11.631154 1.000000 1.000000
0.148209 0.163281 14.000000 8.000000
0.140288 0.204025 18.000000 10.000000
0.081827 0.091678 12.000000 7.000000
0.567606 1.131137 23.000000 11.000000
0.985314 1.124944 44.000000 13.000000
0.117502 0.126676 11.000000 7.000000
0.112699 0.129208 11.000000 7.000000
0.148118 0.184349 14.000000 10.000000
0.690652 0.799762 57.000000 24.000000
0.097976 0.118449 12.000000 7.000000
0.098709 0.106652 12.000000 7.000000
4.692016 4.692102 1.000000 1.000000
0.225218 0.265545 16.000000 8.000000
0.458906 0.499188 26.000000 10.000000
0.309121 1.750138 31.000000 14.000000
0.190966 0.220068 19.000000 10.000000
0.683888 1.914740 57.000000 16.000000
0.187620 0.190492 13.000000 7.000000
0.092114 0.093809 12.000000 6.000000
6.592066 7.292638 71.000000 19.000000
0.123096 0.191991 13.000000 11.000000
0.171490 0.227627 30.000000 19.000000
0.201417 0.309819 13.000000 11.000000
0.295400 0.303351 14.000000 7.000000
0.199928 0.379977 16.000000 12.000000
2.560002 2.560002 1.000000 0.000000
2.288021 2.288021 1.000000 0.000000
0.100893 0.115206 15.000000 9.000000
0.426788 0.645773 19.000000 11.000000
7.085468 7.085468 1.000000 0.000000
0.128822 0.159050 12.000000 7.000000
0.219273 0.601216 14.000000 10.000000
2.025962 2.025962 1.000000 0.000000
0.117105 0.125733 13.000000 7.000000
0.254098 0.266300 15.000000 7.000000
0.225529 0.506861 26.000000 21.000000
0.165875 0.184525 12.000000 6.000000
0.339779 0.588752 19.000000 15.000000
0.345300 0.358466 20.000000 10.000000
5.344940 5.344940 1.000000 0.000000
0.149607 0.172305 12.000000 8.000000
0.079389 0.084431 12.000000 6.000000
1.312876 1.312876 1.000000 0.000000
0.095331 0.096548 17.000000 8.000000
0.124282 0.146541 14.000000 7.000000
1.587871 1.587871 1.000000 0.000000
0.699850 0.928328 25.000000 11.000000
0.155924 0.158729 12.000000 7.000000
0.099449 0.117302 13.000000 7.000000
0.077942 0.079691 15.000000 8.000000
0.086264 0.087900 76.000000 27.000000
0.174897 0.196903 13.000000 11.000000
0.166923 0.177181 14.000000 8.000000
0.153825 0.162229 12.000000 7.000000
0.900762 0.900762 1.000000 0.000000
0.072871 0.073959 13.000000 7.000000
0.185075 0.216550 15.000000 8.000000
0.197060 0.421966 14.000000 9.000000
0.103631 0.103981 20.000000 9.000000
0.121868 0.310605 11.000000 9.000000
0.410732 0.846939 17.000000 10.000000
0.070895 0.084993 15.000000 9.000000
0.669763 0.802154 35.000000 13.000000
0.269846 0.803407 14.000000 10.000000
0.119772 0.349374 10.000000 11.000000
0.400028 0.400758 26.000000 10.000000
0.296441 1.082391 15.000000 10.000000
0.109915 0.129862 50.000000 11.000000
0.160568 0.182993 12.000000 7.000000
0.113443 0.127585 15.000000 8.000000
0.420431 1.614493 40.000000 20.000000
0.210980 0.215473 14.000000 7.000000
0.130125 0.132577 15.000000 7.000000
0.184552 0.619687 11.000000 12.000000
0.228297 0.236632 13.000000 7.000000
0.085742 0.099157 11.000000 7.000000
0.257401 0.542389 15.000000 22.000000
0.132585 0.142261 13.000000 7.000000
0.124692 0.289700 12.000000 12.000000
0.470505 1.323425 43.000000 18.000000
0.366493 0.815432 19.000000 15.000000
0.324329 1.183517 41.000000 26.000000
0.072872 0.073487 13.000000 7.000000
0.237217 0.718533 12.000000 10.000000
0.226131 0.236935 12.000000 6.000000
13.697217 15.759692 67.000000 42.000000
0.076124 0.079868 12.000000 6.000000
0.115314 0.119696 11.000000 6.000000
0.259765 0.645575 15.000000 11.000000
0.148121 0.211399 15.000000 10.000000
1.018922 1.018922 1.000000 0.000000
0.155437 0.218527 13.000000 13.000000
0.337161 0.717605 64.000000 12.000000
0.151512 0.171172 15.000000 8.000000
1.073689 1.073689 1.000000 0.000000
0.613538 0.613538 1.000000 0.000000
0.156692 0.626672 10.000000 11.000000
4.667868 4.753674 55.000000 89.000000
0.107409 0.108834 13.000000 6.000000
0.260954 0.547558 24.000000 18.000000
0.190052 0.577799 11.000000 9.000000
0.334142 0.611517 15.000000 12.000000
1.286903 1.286903 1.000000 0.000000
0.168668 0.172741 13.000000 7.000000
0.092339 0.110068 13.000000 8.000000
0.227155 0.525927 28.000000 13.000000
0.187994 0.316567 24.000000 17.000000
0.166089 0.439912 15.000000 17.000000
3.432309 3.618401 73.000000 31.000000
0.109287 0.192115 12.000000 10.000000
0.352766 0.627008 73.000000 19.000000
2.394983 2.394983 1.000000 0.000000
0.184752 0.265119 15.000000 17.000000
0.076298 0.083027 11.000000 6.000000
0.121219 0.248491 15.000000 13.000000
0.075538 0.076697 11.000000 6.000000
8.939296 11.770610 52.000000 61.000000
0.120096 0.131663 11.000000 7.000000
11.043186 13.502558 56.000000 53.000000
0.218986 0.454909 20.000000 16.000000
0.157615 0.407596 17.000000 11.000000
0.301510 0.308036 14.000000 6.000000
0.086535 0.090565 15.000000 8.000000
0.131789 0.143292 11.000000 7.000000
0.285531 0.514865 15.000000 9.000000
0.155863 0.159507 15.000000 8.000000
0.079609 0.095757 11.000000 8.000000
0.084482 0.092667 14.000000 8.000000
0.354860 0.727925 27.000000 16.000000
0.229783 0.398774 29.000000 18.000000
0.122281 0.144931 13.000000 7.000000
0.082219 0.088084 13.000000 9.000000
0.138883 0.150719 23.000000 10.000000
0.137778 0.163229 11.000000 7.000000
0.078626 0.094174 11.000000 7.000000
3.974341 3.988600 44.000000 106.000000
0.157576 0.195284 62.000000 22.000000
0.230786 0.247615 15.000000 8.000000
0.103923 0.112121 11.000000 6.000000
2.100945 2.100945 1.000000 0.000000
0.457521 1.125420 34.000000 15.000000
0.230134 0.957187 18.000000 12.000000
0.246459 0.859894 25.000000 22.000000
0.112126 0.125135 12.000000 7.000000
0.095492 0.106837 12.000000 6.000000
0.258877 1.101411 18.000000 11.000000
0.144695 0.156553 19.000000 10.000000
0.125637 0.141498 13.000000 7.000000
0.090185 0.102452 16.000000 8.000000
0.275332 1.035454 15.000000 18.000000
3.871175 3.885116 55.000000 93.000000
0.206616 0.612386 24.000000 15.000000
0.126365 0.165639 15.000000 9.000000
0.254012 0.282282 16.000000 7.000000
0.116450 0.293396 13.000000 15.000000
0.174192 0.219038 16.000000 10.000000
0.195449 0.195449 1.000000 0.000000
0.887407 0.887407 1.000000 0.000000
0.311308 1.499329 36.000000 18.000000
0.132054 0.136162 13.000000 7.000000
1.935223 1.935223 1.000000 0.000000
0.090923 0.093784 12.000000 7.000000
0.272358 0.277650 14.000000 7.000000
0.101361 0.110884 12.000000 6.000000
0.292627 0.568768 27.000000 21.000000
0.145686 0.161893 12.000000 6.000000
0.108358 0.124561 13.000000 8.000000
0.123697 0.139267 12.000000 7.000000
0.119107 0.126159 13.000000 7.000000
1.599450 1.599450 1.000000 0.000000
13.263190 16.384196 50.000000 73.000000
0.238380 0.341015 24.000000 15.000000
0.257558 1.388502 19.000000 13.000000
0.113805 0.117793 12.000000 7.000000
0.098332 0.126488 14.000000 10.000000
0.230970 0.309163 21.000000 13.000000
0.097863 0.099782 14.000000 7.000000
0.497871 0.834705 31.000000 10.000000
0.229216 0.976264 12.000000 11.000000
0.181815 0.185068 13.000000 7.000000
0.113904 0.116112 13.000000 6.000000
0.474126 0.621150 86.000000 35.000000
0.075299 0.084973 14.000000 9.000000
0.134222 0.147137 11.000000 6.000000
13.048660 16.008679 52.000000 68.000000
0.088980 0.094421 13.000000 8.000000
0.079590 0.082975 13.000000 7.000000
0.098566 0.100005 14.000000 8.000000
0.338087 1.261837 32.000000 46.000000
0.219202 0.269416 59.000000 18.000000
0.138521 0.157828 13.000000 6.000000
0.180394 0.340182 17.000000 18.000000
0.144347 0.152003 13.000000 7.000000
0.154338 0.332395 12.000000 12.000000
0.134718 0.159807 15.000000 11.000000
0.237716 0.254139 13.000000 7.000000
0.081327 0.089481 11.000000 7.000000
0.178556 0.595528 11.000000 11.000000
0.080567 0.086068 12.000000 6.000000
0.464243 1.182076 21.000000 12.000000
0.099803 0.102809 13.000000 7.000000
3.758821 3.945887 80.000000 33.000000
3.125646 3.125646 1.000000 0.000000
0.103250 0.107212 14.000000 7.000000
0.197806 0.321102 75.000000 16.000000
1.033064 1.033064 1.000000 0.000000
0.113846 0.255719 11.000000 11.000000
0.159521 0.221088 45.000000 8.000000
0.083130 0.087964 12.000000 7.000000
0.074978 0.085584 14.000000 8.000000
0.315459 1.644830 33.000000 26.000000
0.117024 0.131750 11.000000 6.000000
0.124770 0.217875 21.000000 14.000000
0.092682 0.101410 14.000000 9.000000
0.093412 0.116698 20.000000 10.000000
0.093185 0.095535 13.000000 7.000000
0.076912 0.080595 13.000000 6.000000
1.371638 1.577319 63.000000 31.000000
0.070817 0.081999 12.000000 7.000000
0.139081 0.188460 15.000000 11.000000
0.120361 0.134796 13.000000 9.000000
0.081255 0.084511 13.000000 7.000000
0.412337 1.307433 32.000000 12.000000
0.271429 0.558044 62.000000 12.000000
0.085125 0.087566 13.000000 8.000000
0.107374 0.211720 12.000000 10.000000
0.222267 1.005409 11.000000 9.000000
0.648204 0.897064 41.000000 16.000000
0.096533 0.102535 12.000000 7.000000
0.330050 1.924362 39.000000 20.000000
0.268798 0.592202 12.000000 12.000000
0.197550 0.534229 16.000000 10.000000
0.338449 0.666075 14.000000 10.000000
0.108787 0.216155 15.000000 9.000000
0.212296 0.397376 25.000000 11.000000
1.807445 1.807445 1.000000 0.000000
0.090121 0.107153 12.000000 7.000000
0.247622 0.270644 14.000000 7.000000
0.232927 0.272202 14.000000 8.000000
0.097753 0.107020 13.000000 7.000000
0.269751 0.786036 16.000000 12.000000
0.107981 0.173793 19.000000 19.000000
0.399865 1.410314 35.000000 13.000000
0.203597 0.604203 15.000000 14.000000
0.276951 0.658336 12.000000 11.000000
0.129391 0.199976 59.000000 20.000000
0.269418 0.276269 15.000000 7.000000
0.108744 0.115950 14.000000 8.000000
0.302730 0.314101 15.000000 8.000000
3.227910 3.227910 1.000000 0.000000
0.074244 0.082220 11.000000 8.000000
0.239513 0.270656 14.000000 7.000000
0.349860 0.956400 21.000000 22.000000
0.115823 0.123168 12.000000 7.000000
0.518249 0.518249 1.000000 0.000000
0.138945 0.196549 24.000000 13.000000
0.325071 0.326158 17.000000 7.000000
0.168679 0.432247 12.000000 10.000000
0.139102 0.156739 12.000000 7.000000
6.607362 6.607431 1.000000 1.000000
0.217673 0.219673 13.000000 7.000000
0.256541 1.504599 20.000000 13.000000
0.852194 0.852194 1.000000 0.000000
0.086108 0.091967 12.000000 6.000000
0.155094 0.176927 13.000000 8.000000
0.064504 0.072001 13.000000 7.000000
0.091985 0.093440 26.000000 11.000000
0.158192 0.403950 17.000000 33.000000
0.155561 0.306526 17.000000 12.000000
0.348312 0.872942 18.000000 13.000000
0.126926 0.180502 16.000000 9.000000
0.157065 0.278107 16.000000 17.000000
0.140076 0.211334 15.000000 10.000000
0.143951 0.147443 13.000000 7.000000
1.240236 1.240236 1.000000 0.000000
0.164212 0.180322 12.000000 7.000000
0.118993 0.154638 21.000000 21.000000
0.173509 0.186598 13.000000 6.000000
0.142319 0.143289 15.000000 8.000000
0.246006 0.263462 33.000000 10.000000
0.154633 0.323385 14.000000 12.000000
0.229146 1.091275 15.000000 11.000000
0.099773 0.101618 12.000000 6.000000
0.278981 0.311353 17.000000 8.000000
0.296150 0.342046 23.000000 9.000000
0.148642 0.164473 18.000000 10.000000
0.233818 0.614503 11.000000 11.000000
0.117879 0.122242 15.000000 8.000000
0.759258 1.286654 36.000000 97.000000
0.251035 1.407572 20.000000 13.000000
0.335292 0.335296 20.000000 170.000000
0.103397 0.183971 11.000000 10.000000
1.238906 1.238906 1.000000 0.000000
2.805345 2.805375 1.000000 1.000000
0.098271 0.107053 11.000000 7.000000
0.100575 0.108532 12.000000 7.000000
0.183182 0.650315 20.000000 18.000000
0.186333 0.327265 19.000000 10.000000
0.266911 0.918841 13.000000 13.000000
0.145735 0.151670 17.000000 9.000000
0.073982 0.079433 17.000000 9.000000
0.199236 0.296566 18.000000 9.000000
0.097807 0.121129 12.000000 8.000000
0.101247 0.102888 18.000000 8.000000
0.501118 1.133912 22.000000 13.000000
0.164116 0.189550 27.000000 11.000000
0.205979 0.208991 15.000000 8.000000
0.138303 0.391648 11.000000 9.000000
0.126048 0.136021 12.000000 6.000000
0.262455 0.271381 13.000000 6.000000
0.182285 0.234479 16.000000 10.000000
0.260007 0.800798 21.000000 11.000000
0.070341 0.070890 13.000000 7.000000
0.113598 0.127435 15.000000 9.000000
0.122620 0.126480 14.000000 10.000000
0.097000 0.102615 16.000000 8.000000
0.335246 0.388111 71.000000 19.000000
0.190737 0.260951 15.000000 13.000000
0.287954 1.031299 16.000000 9.000000
0.244932 0.386576 22.000000 11.000000
13.028326 15.715707 56.000000 56.000000
0.196731 0.213558 13.000000 7.000000
0.265598 1.298717 15.000000 12.000000
0.179067 0.204985 12.000000 7.000000
0.081335 0.089239 11.000000 6.000000
0.122535 0.141379 14.000000 8.000000
0.151916 0.161075 13.000000 7.000000
0.200895 0.521572 13.000000 13.000000
0.107509 0.126333 12.000000 7.000000
0.361565 1.364511 34.000000 13.000000
0.099130 0.103062 12.000000 7.000000
0.106146 0.112099 13.000000 7.000000
0.103520 0.114856 12.000000 7.000000
0.236746 0.238281 14.000000 7.000000
0.285079 0.288923 16.000000 9.000000
0.189257 0.395621 12.000000 15.000000
4.181670 4.206659 70.000000 64.000000
1.572229 1.572229 1.000000 0.000000
0.246732 0.622050 19.000000 12.000000
0.120497 0.129286 11.000000 7.000000
0.220786 0.558836 13.000000 9.000000
0.664956 0.783175 39.000000 11.000000
0.119204 0.124809 13.000000 8.000000
0.249829 1.093143 14.000000 15.000000
0.090745 0.093481 14.000000 9.000000
0.300745 1.167418 26.000000 17.000000
0.252012 0.275048 14.000000 7.000000
0.163328 0.494245 15.000000 13.000000
0.078281 0.080390 13.000000 7.000000
0.262643 0.824830 15.000000 11.000000
0.160784 0.387354 13.000000 11.000000
0.095059 0.115693 21.000000 10.000000
0.171278 0.260874 67.000000 12.000000
0.112022 0.121299 11.000000 7.000000
1.002423 1.002423 1.000000 0.000000
0.129204 0.267839 11.000000 14.000000
3.312987 3.313077 1.000000 1.000000
0.255653 0.754278 17.000000 15.000000
0.125388 0.131958 12.000000 7.000000
0.228787 0.230290 13.000000 7.000000
0.176821 0.189825 15.000000 8.000000
0.103719 0.119889 15.000000 10.000000
0.103879 0.108351 12.000000 7.000000
0.188218 0.704144 14.000000 11.000000
0.271300 0.476615 14.000000 9.000000
8.220812 8.221289 1.000000 1.000000
0.165161 0.179152 12.000000 8.000000
0.345891 0.804910 27.000000 9.000000
0.115244 0.115737 16.000000 8.000000
0.134906 0.164315 54.000000 9.000000
6.618446 11.304545 49.000000 80.000000
0.144584 0.146366 13.000000 7.000000
0.135257 0.139553 13.000000 7.000000
1.031520 1.172043 45.000000 13.000000
0.191343 0.221590 20.000000 9.000000
1.141332 1.141332 1.000000 0.000000
2.925523 2.925523 1.000000 0.000000
0.084346 0.103782 72.000000 13.000000
0.094658 0.141176 36.000000 16.000000
0.150250 0.164721 12.000000 6.000000
1.201170 1.201170 1.000000 0.000000
0.081767 0.084208 13.000000 6.000000
0.071482 0.077614 13.000000 8.000000
0.458301 0.816078 41.000000 14.000000
17.310246 17.310768 1.000000 1.000000
0.120771 0.121995 15.000000 9.000000
0.084264 0.085177 13.000000 7.000000
0.230466 0.298680 18.000000 10.000000
0.313265 1.503452 27.000000 11.000000
0.284036 1.196980 17.000000 10.000000
0.073492 0.076222 12.000000 6.000000
1.082294 1.082294 1.000000 0.000000
0.080503 0.095741 11.000000 8.000000
20.443903 20.444219 1.000000 1.000000
0.157796 0.413543 19.000000 12.000000
0.231405 0.578799 17.000000 15.000000
0.237769 0.359686 21.000000 12.000000
0.169196 0.567121 14.000000 12.000000
14.516947 15.409110 75.000000 33.000000
0.132075 0.171849 58.000000 11.000000
0.145105 0.415119 11.000000 9.000000
0.226402 1.241765 16.000000 16.000000
0.128463 0.151946 27.000000 26.000000
0.081635 0.083062 13.000000 8.000000
0.201619 0.210050 15.000000 7.000000
0.284621 0.555371 21.000000 16.000000
0.250390 0.291587 17.000000 8.000000
0.096216 0.200401 14.000000 10.000000
0.298010 0.299845 14.000000 7.000000
0.195338 0.228718 13.000000 7.000000
0.149387 0.391435 16.000000 9.000000
0.084366 0.092941 11.000000 6.000000
0.126614 0.130961 16.000000 9.000000
0.084914 0.085154 15.000000 8.000000
0.211782 0.222756 13.000000 7.000000
0.085221 0.086038 15.000000 7.000000
2.476351 2.476351 1.000000 0.000000
0.146793 0.148086 13.000000 7.000000
0.474788 1.646507 40.000000 15.000000
0.097367 0.101784 12.000000 6.000000
0.224144 0.361127 17.000000 10.000000
0.188890 0.238835 18.000000 10.000000
0.146194 0.163273 12.000000 7.000000
0.124358 0.142285 12.000000 7.000000
0.179903 0.582270 16.000000 10.000000
0.142170 0.146977 14.000000 8.000000
1.060042 1.060042 1.000000 0.000000
0.155365 0.449648 12.000000 10.000000
0.120289 0.126712 12.000000 7.000000
0.423970 0.423978 12.000000 170.000000
0.182815 0.671284 10.000000 15.000000
0.227927 0.263723 16.000000 8.000000
5.389195 7.433627 60.000000 54.000000
0.322304 1.692520 33.000000 16.000000
0.209076 0.221448 14.000000 8.000000
0.247967 0.292124 22.000000 17.000000
0.077092 0.085365 11.000000 7.000000
0.571092 0.979545 27.000000 11.000000
0.154694 0.167714 14.000000 7.000000
0.780867 0.780867 1.000000 0.000000
0.269988 0.280631 16.000000 8.000000
0.082800 0.089233 51.000000 15.000000
0.143380 0.150320 12.000000 6.000000
0.090843 0.109849 16.000000 9.000000
0.089956 0.096138 20.000000 10.000000
5.071293 5.292127 74.000000 19.000000
0.316640 1.508202 29.000000 18.000000
0.089658 0.096273 12.000000 7.000000
0.276470 1.810250 22.000000 17.000000
0.331560 1.134494 17.000000 11.000000
0.078625 0.088806 11.000000 7.000000
0.083409 0.085389 12.000000 6.000000
0.106207 0.117997 11.000000 6.000000
0.116907 0.122951 12.000000 7.000000
0.170724 0.172711 16.000000 8.000000
0.115025 0.126254 12.000000 7.000000
0.100705 0.115388 12.000000 6.000000
0.297964 0.899128 23.000000 13.000000
0.178541 0.199471 11.000000 7.000000
0.133194 0.153057 17.000000 15.000000
0.117355 0.120502 12.000000 7.000000
4.131918 4.162353 66.000000 67.000000
0.181578 0.651967 23.000000 17.000000
0.124656 0.158257 25.000000 11.000000
0.136625 0.189403 21.000000 11.000000
0.087225 0.135442 14.000000 19.000000
1.473178 1.473178 1.000000 0.000000
0.089242 0.090054 13.000000 7.000000
0.147415 0.255707 15.000000 10.000000
0.087793 0.098694 11.000000 6.000000
0.118159 0.136939 13.000000 7.000000
0.094502 0.096971 13.000000 7.000000
0.306746 0.456993 19.000000 10.000000
0.137246 0.161632 75.000000 13.000000
0.235653 0.269511 50.000000 25.000000
0.249424 0.290739 32.000000 16.000000
0.784462 0.784462 1.000000 0.000000
0.139290 0.158660 11.000000 6.000000
0.157581 0.203081 55.000000 26.000000
0.117319 0.119763 14.000000 8.000000
0.282097 0.473887 26.000000 17.000000
0.137564 0.355407 11.000000 14.000000
0.122471 0.126044 12.000000 6.000000
0.649661 0.928191 45.000000 16.000000
0.402685 0.661737 30.000000 10.000000
0.103611 0.133916 15.000000 11.000000
0.150757 0.157369 78.000000 23.000000
0.127603 0.139941 11.000000 6.000000
0.123485 0.136617 14.000000 9.000000
0.086986 0.089258 13.000000 7.000000
0.111208 0.117840 13.000000 7.000000
0.174115 0.675540 17.000000 10.000000
0.320108 1.474588 30.000000 11.000000
0.080629 0.081657 15.000000 7.000000
0.101515 0.108914 79.000000 16.000000
0.165373 0.539084 13.000000 12.000000
0.162679 0.227457 19.000000 10.000000
0.154476 0.179178 14.000000 7.000000
0.481140 1.160000 31.000000 11.000000
0.168451 0.217051 16.000000 9.000000
0.113610 0.153852 73.000000 13.000000
0.079900 0.098244 12.000000 8.000000
0.197457 0.465563 22.000000 16.000000
0.095935 0.112646 13.000000 8.000000
0.342063 0.342068 13.000000 170.000000
0.167923 0.464726 17.000000 24.000000
0.177183 0.442896 14.000000 11.000000
0.428876 0.490237 27.000000 14.000000
0.123435 0.253215 10.000000 11.000000
0.168556 0.285267 65.000000 13.000000
0.160071 0.564030 12.000000 11.000000
0.075136 0.080640 11.000000 7.000000
0.142553 0.172458 15.000000 8.000000
0.127055 0.141092 12.000000 6.000000
0.865650 0.865650 1.000000 0.000000
0.108232 0.109216 14.000000 7.000000
0.078305 0.081187 15.000000 9.000000
0.201897 0.550074 12.000000 12.000000
0.195590 0.214403 13.000000 6.000000
0.295505 1.477354 35.000000 26.000000
0.224279 0.384984 26.000000 11.000000
0.188079 0.500886 16.000000 12.000000
0.123671 0.319094 14.000000 12.000000
0.212816 1.113634 12.000000 14.000000
0.189211 0.689132 12.000000 13.000000
0.389390 0.394729 16.000000 7.000000
0.411642 0.681807 32.000000 13.000000
0.228968 0.324113 19.000000 11.000000
2.539743 2.539743 1.000000 0.000000
0.209274 0.209682 13.000000 7.000000
0.280593 0.723036 14.000000 14.000000
0.241778 0.276550 20.000000 10.000000
0.121799 0.130315 11.000000 6.000000
0.071064 0.074545 13.000000 7.000000
0.083907 0.088276 12.000000 7.000000
0.076178 0.085583 11.000000 7.000000
0.134227 0.157556 14.000000 8.000000
0.109734 0.113152 14.000000 8.000000
0.348281 0.355363 15.000000 6.000000
2.888195 2.888195 1.000000 0.000000
0.216990 0.753048 10.000000 9.000000
0.164050 0.182303 12.000000 7.000000
0.081451 0.081803 26.000000 12.000000
0.156985 0.163059 12.000000 7.000000
0.067280 0.068127 15.000000 8.000000
0.255486 0.260044 14.000000 7.000000
0.139301 0.197572 16.000000 11.000000
0.070397 0.076812 12.000000 6.000000
0.343502 1.201561 22.000000 12.000000
0.112923 0.117260 18.000000 9.000000
0.125794 0.133537 11.000000 7.000000
0.108512 0.115713 27.000000 12.000000
0.129476 0.141117 14.000000 9.000000
0.113893 0.247559 15.000000 13.000000
0.121097 0.134559 12.000000 7.000000
0.130806 0.134123 19.000000 9.000000
0.132563 0.138088 13.000000 7.000000
0.138594 0.175680 15.000000 11.000000
1.063751 1.063751 1.000000 0.000000
0.129064 0.306226 15.000000 14.000000
1.186464 1.186464 1.000000 0.000000
1.209316 1.209316 1.000000 0.000000
0.157629 0.159151 12.000000 6.000000
0.322843 0.861431 21.000000 14.000000
0.301570 0.308590 14.000000 7.000000
0.080342 0.085184 12.000000 7.000000
0.138008 0.310199 14.000000 11.000000
0.156658 0.162505 13.000000 9.000000
0.084479 0.087654 11.000000 7.000000
0.088959 0.095172 12.000000 7.000000
0.223130 0.253446 74.000000 11.000000
0.274687 0.627122 19.000000 11.000000
0.909084 0.909084 1.000000 0.000000
0.120657 0.157418 15.000000 10.000000
0.280218 1.621035 24.000000 11.000000
0.088983 0.091316 14.000000 8.000000
0.242595 0.256481 13.000000 7.000000
0.306814 1.203591 27.000000 9.000000
0.093509 0.102326 12.000000 6.000000
0.152951 0.440902 11.000000 11.000000
0.180922 0.243950 17.000000 10.000000
0.121408 0.135099 11.000000 7.000000
1.361245 1.361245 1.000000 0.000000
0.090863 0.093251 15.000000 8.000000
0.274626 0.276258 13.000000 6.000000
0.475647 0.980396 41.000000 13.000000
3.906645 3.911137 85.000000 19.000000
0.096065 0.184859 12.000000 23.000000
0.081916 0.093796 12.000000 7.000000
0.362548 0.632363 69.000000 14.000000
0.144385 0.151325 16.000000 8.000000
0.076635 0.078522 16.000000 8.000000
0.347300 0.806050 26.000000 18.000000
3.881171 3.888984 35.000000 119.000000
1.869313 1.869313 1.000000 0.000000
1.960538 1.960538 1.000000 0.000000
0.074616 0.082256 11.000000 7.000000
0.147079 0.219669 52.000000 19.000000
0.237908 0.309569 25.000000 16.000000
0.230513 0.234347 13.000000 6.000000
0.640065 0.640065 1.000000 0.000000
0.156593 0.170342 15.000000 15.000000
0.154553 0.244287 13.000000 10.000000
0.156290 0.254117 15.000000 15.000000
0.130544 0.144680 13.000000 7.000000
0.689193 0.841654 32.000000 12.000000
0.276250 0.938998 23.000000 12.000000
0.193098 0.360642 19.000000 16.000000
0.108975 0.125582 13.000000 8.000000
0.124971 0.133884 12.000000 7.000000
0.219277 0.240201 17.000000 8.000000
0.073719 0.075269 12.000000 7.000000
0.136437 0.342308 23.000000 13.000000
0.132455 0.139995 12.000000 7.000000
0.133161 0.150532 13.000000 7.000000
0.133123 0.138774 12.000000 7.000000
0.099414 0.105393 12.000000 7.000000
0.086794 0.162989 11.000000 10.000000
0.310978 0.336212 18.000000 7.000000
0.230981 0.330554 18.000000 11.000000
0.143065 0.153406 12.000000 7.000000
0.223716 0.278414 16.000000 10.000000
2.261058 2.261058 1.000000 0.000000
0.120565 0.208424 12.000000 11.000000
0.224869 0.713097 13.000000 12.000000
0.168687 0.187212 13.000000 7.000000
0.452087 0.755230 24.000000 11.000000
0.214613 0.410404 16.000000 14.000000
0.189148 0.697424 11.000000 9.000000
0.304203 0.619720 57.000000 11.000000
0.094558 0.108850 12.000000 7.000000
0.086297 0.097529 11.000000 7.000000
0.275406 0.624399 22.000000 11.000000
0.090742 0.105231 13.000000 7.000000
0.326412 0.378820 21.000000 10.000000
0.123820 0.128639 12.000000 6.000000
0.179135 0.225189 17.000000 9.000000
0.070530 0.074021 12.000000 6.000000
0.295917 0.471199 20.000000 9.000000
0.090997 0.097577 12.000000 6.000000
0.321684 0.393712 24.000000 11.000000
0.510793 0.718119 16.000000 12.000000
0.152100 0.233487 17.000000 10.000000
0.091455 0.102424 21.000000 12.000000
1.329861 1.332567 54.000000 8.000000
0.177169 0.192224 15.000000 8.000000
0.095794 0.187447 13.000000 15.000000
0.299214 0.700141 21.000000 9.000000
14.570392 14.570757 1.000000 1.000000
8.235732 10.428729 61.000000 34.000000
0.087436 0.095440 13.000000 7.000000
3.362849 3.362849 1.000000 0.000000
0.132651 0.137058 14.000000 8.000000
0.325787 0.816279 13.000000 10.000000
0.209101 0.228584 13.000000 8.000000
0.106190 0.108382 14.000000 7.000000
0.321050 1.309258 30.000000 20.000000
0.435682 1.063153 26.000000 13.000000
0.283344 0.297404 15.000000 7.000000
0.147267 0.375448 17.000000 18.000000
1.961388 1.961388 1.000000 0.000000
0.111603 0.214771 15.000000 9.000000
0.133620 0.181622 21.000000 10.000000
0.160738 0.162895 74.000000 10.000000
0.125674 0.297791 16.000000 18.000000
0.201466 0.607161 13.000000 16.000000
0.162078 0.207273 16.000000 10.000000
0.088848 0.093575 11.000000 7.000000
0.069079 0.071224 24.000000 13.000000
0.255943 0.274767 35.000000 12.000000
0.088190 0.091358 12.000000 7.000000
0.182764 0.183608 13.000000 6.000000
0.110314 0.113339 12.000000 7.000000
0.250816 0.890673 18.000000 12.000000
0.115963 0.138503 12.000000 7.000000
0.153393 0.156955 13.000000 7.000000
1.787285 1.787285 1.000000 0.000000
0.299640 1.321534 23.000000 13.000000
0.236178 0.256759 13.000000 6.000000
0.138873 0.340080 12.000000 9.000000
0.091166 0.102957 12.000000 7.000000
0.124322 0.362557 13.000000 8.000000
0.288460 0.443893 23.000000 13.000000
0.301817 0.353733 47.000000 29.000000
0.123436 0.139014 11.000000 7.000000
0.204496 0.223386 13.000000 7.000000
0.121533 0.128164 11.000000 7.000000
0.412356 0.550533 27.000000 12.000000
0.249281 0.268491 14.000000 6.000000
0.238250 0.245816 16.000000 8.000000
0.146433 0.173436 13.000000 7.000000
0.186709 0.386620 16.000000 10.000000
0.079785 0.082815 12.000000 7.000000
1.609837 1.609837 1.000000 0.000000
0.197454 0.654930 11.000000 12.000000
0.067164 0.070667 11.000000 7.000000
2.793035 2.793035 1.000000 0.000000
0.180967 0.187657 12.000000 7.000000
0.109566 0.110139 13.000000 6.000000
0.265965 0.279299 61.000000 10.000000
0.196055 0.556767 15.000000 11.000000
0.111450 0.113255 12.000000 7.000000
0.107298 0.205122 12.000000 10.000000
0.213775 0.465671 17.000000 9.000000
0.200408 0.412649 18.000000 10.000000
0.069379 0.075979 11.000000 6.000000
0.134834 0.406970 13.000000 14.000000
0.097583 0.110439 11.000000 6.000000
0.081105 0.094063 16.000000 18.000000
0.641110 0.641110 1.000000 0.000000
0.075616 0.079171 13.000000 7.000000
1.694078 1.694078 1.000000 0.000000
2.266266 2.479905 61.000000 16.000000
0.090510 0.092411 12.000000 7.000000
2.057642 2.057642 1.000000 0.000000
0.073501 0.080654 12.000000 7.000000
1.032038 1.251591 47.000000 27.000000
8.198385 10.570973 59.000000 50.000000
0.130073 0.144966 28.000000 16.000000
0.223624 0.573372 16.000000 8.000000
0.186669 0.859265 15.000000 12.000000
0.178403 0.854472 11.000000 11.000000
0.132930 0.152648 12.000000 7.000000
0.100447 0.102129 12.000000 7.000000
0.247654 1.331277 17.000000 17.000000
0.186386 0.635130 16.000000 14.000000
0.146406 0.198200 17.000000 12.000000
10.969377 11.258325 72.000000 55.000000
0.174326 0.499878 11.000000 11.000000
0.082240 0.084329 38.000000 13.000000
0.086254 0.097360 12.000000 7.000000
0.115478 0.239557 11.000000 11.000000
0.287217 0.436333 38.000000 21.000000
0.195323 0.195323 1.000000 0.000000
0.083151 0.089138 11.000000 7.000000
0.191299 0.575166 14.000000 11.000000
0.215538 1.010498 19.000000 15.000000
0.135881 0.154927 12.000000 7.000000
0.078525 0.082742 15.000000 8.000000
0.081484 0.083710 13.000000 8.000000
0.099713 0.109259 11.000000 6.000000
0.132175 0.344614 10.000000 14.000000
0.103089 0.129880 14.000000 9.000000
0.213570 0.271034 22.000000 14.000000
0.202011 0.221784 18.000000 10.000000
0.282597 0.839311 20.000000 20.000000
0.353268 0.709472 17.000000 10.000000
0.079674 0.083541 11.000000 7.000000
0.167142 0.176866 13.000000 7.000000
0.114209 0.124004 15.000000 7.000000
0.114493 0.134885 12.000000 7.000000
0.279501 0.978101 16.000000 10.000000
3.609346 3.609354 1.000000 1.000000
0.572796 0.747244 24.000000 14.000000
0.663102 0.786355 51.000000 16.000000
0.132803 0.187663 21.000000 14.000000
0.139511 0.162584 14.000000 7.000000
0.188445 0.295837 15.000000 10.000000
0.130220 0.134059 12.000000 7.000000
0.109604 0.125814 12.000000 7.000000
0.088064 0.092329 12.000000 6.000000
0.086831 0.089401 13.000000 7.000000
0.090033 0.099588 17.000000 12.000000
0.370566 0.790382 30.000000 20.000000
0.077366 0.090164 11.000000 7.000000
0.086623 0.089395 16.000000 8.000000
0.087367 0.093456 12.000000 7.000000
0.159291 0.168991 12.000000 7.000000
0.434951 1.558101 46.000000 19.000000
0.122005 0.132492 13.000000 7.000000
0.122977 0.136442 12.000000 7.000000
0.168815 0.602012 10.000000 12.000000
0.227604 0.757740 14.000000 10.000000
0.075940 0.087275 16.000000 8.000000
0.093752 0.099326 11.000000 7.000000
0.135029 0.193227 31.000000 17.000000
0.343213 0.939642 14.000000 9.000000
0.138193 0.140287 15.000000 8.000000
0.090032 0.098551 15.000000 9.000000
0.150559 0.163190 13.000000 7.000000
0.125457 0.133859 13.000000 7.000000
0.112007 0.115632 12.000000 7.000000
0.104322 0.109558 12.000000 7.000000
0.140086 0.170462 25.000000 15.000000
0.122241 0.127101 13.000000 7.000000
0.225278 0.238659 14.000000 7.000000
0.117755 0.125454 11.000000 6.000000
0.087953 0.089277 14.000000 7.000000
0.734469 0.734469 1.000000 0.000000
0.104305 0.113599 17.000000 8.000000
6.246082 6.246608 2.000000 1.000000
0.085292 0.089529 12.000000 7.000000
0.213976 0.221690 13.000000 7.000000
0.283292 0.307397 14.000000 7.000000
0.172447 0.173047 15.000000 8.000000
0.274520 1.171933 20.000000 10.000000
0.162089 0.167285 13.000000 7.000000
0.286405 0.343426 25.000000 14.000000
13.513613 15.028096 71.000000 38.000000
0.107180 0.111259 13.000000 7.000000
0.181689 0.462371 11.000000 10.000000
0.137916 0.145450 14.000000 7.000000
0.184302 0.447769 19.000000 11.000000
0.094274 0.102186 12.000000 6.000000
0.167147 0.185778 66.000000 11.000000
0.543355 0.688810 31.000000 16.000000
0.112660 0.128720 13.000000 8.000000
0.121043 0.275031 13.000000 13.000000
0.147679 0.383456 13.000000 15.000000
0.156456 0.178875 12.000000 6.000000
0.106157 0.109375 12.000000 7.000000
0.539699 0.539699 1.000000 0.000000
0.197240 0.752382 15.000000 20.000000
0.249585 0.264162 13.000000 6.000000
0.412628 1.502119 31.000000 30.000000
0.155133 0.182086 12.000000 7.000000
0.166217 0.179746 18.000000 8.000000
0.117137 0.141804 16.000000 11.000000
0.152846 0.160366 13.000000 6.000000
0.123753 0.240890 22.000000 17.000000
0.153382 0.539182 10.000000 9.000000
0.096216 0.097378 16.000000 8.000000
0.155959 0.168771 12.000000 7.000000
0.155224 0.171312 13.000000 7.000000
0.151255 0.252555 14.000000 13.000000
0.177675 0.195562 12.000000 7.000000
0.248098 0.496123 16.000000 11.000000
0.225564 0.232670 13.000000 7.000000
0.146814 0.160971 13.000000 6.000000
0.196288 0.570262 15.000000 22.000000
0.121041 0.343064 12.000000 14.000000
0.097218 0.103494 12.000000 7.000000
0.191060 0.346468 18.000000 10.000000
0.144607 0.147555 13.000000 7.000000
0.190681 0.203020 14.000000 8.000000
0.123330 0.126098 14.000000 8.000000
0.218789 0.223382 15.000000 7.000000
0.995040 0.995040 1.000000 0.000000
0.111578 0.117520 12.000000 6.000000
0.451464 0.778344 16.000000 12.000000
0.108892 0.125580 11.000000 7.000000
0.378603 0.743141 16.000000 14.000000
0.147719 0.156514 13.000000 7.000000
0.206925 0.228453 12.000000 6.000000
0.339829 1.624372 28.000000 14.000000
0.254593 0.843693 20.000000 26.000000
1.338412 1.338412 1.000000 0.000000
0.223971 0.949884 15.000000 10.000000
0.119654 0.144436 47.000000 8.000000
0.069267 0.070664 17.000000 9.000000
0.128169 0.144721 12.000000 7.000000
0.110888 0.119972 12.000000 7.000000
0.120684 0.128611 12.000000 7.000000
0.548494 0.571648 47.000000 9.000000
0.236435 0.363247 63.000000 12.000000
2.443141 2.443141 1.000000 0.000000
0.282631 1.270257 29.000000 12.000000
0.237136 0.973724 14.000000 12.000000
0.109399 0.114560 13.000000 8.000000
0.124286 0.220476 15.000000 9.000000
0.180902 0.210263 22.000000 12.000000
2.332729 2.332729 1.000000 0.000000
42.415822 43.682649 70.000000 40.000000
1.864219 1.864219 1.000000 0.000000
0.555146 1.016912 23.000000 13.000000
0.196266 0.247608 20.000000 13.000000
2.559914 2.559914 1.000000 0.000000
0.197471 0.206367 12.000000 6.000000
0.191378 0.384414 12.000000 12.000000
0.134710 0.165140 13.000000 8.000000
0.085689 0.093080 12.000000 6.000000
0.190132 0.268048 60.000000 11.000000
0.234228 0.315891 66.000000 12.000000
0.166212 0.250261 17.000000 12.000000
0.188803 0.641345 13.000000 13.000000
0.126396 0.139446 12.000000 6.000000
0.180223 0.183202 15.000000 7.000000
0.155286 0.174572 13.000000 7.000000
2.045420 2.045420 1.000000 0.000000
0.829602 0.831411 29.000000 8.000000
0.316182 0.322740 17.000000 7.000000
0.111058 0.118416 14.000000 9.000000
0.587990 0.782267 29.000000 12.000000
0.090268 0.106207 11.000000 7.000000
0.114998 0.308193 14.000000 10.000000
0.175364 0.214900 16.000000 9.000000
0.072044 0.079292 14.000000 8.000000
0.082214 0.089947 11.000000 7.000000
0.209718 0.439154 15.000000 11.000000
0.247862 1.343969 24.000000 14.000000
1.123388 1.123388 1.000000 0.000000
0.134871 0.151021 13.000000 7.000000
0.215132 0.352461 12.000000 11.000000
0.088387 0.140174 11.000000 11.000000
0.177175 0.185713 13.000000 7.000000
0.188145 0.380197 19.000000 24.000000
0.317371 0.493954 30.000000 15.000000
0.245263 0.544651 22.000000 13.000000
0.285917 0.901239 13.000000 10.000000
0.216220 0.260299 15.000000 8.000000
0.147226 0.165166 15.000000 8.000000
0.240785 0.423866 19.000000 15.000000
0.119174 0.128994 13.000000 7.000000
0.118800 0.121571 15.000000 7.000000
0.127610 0.130389 13.000000 7.000000
0.124744 0.252851 15.000000 10.000000
0.084250 0.103897 15.000000 8.000000
0.091863 0.101450 15.000000 9.000000
0.091783 0.097248 15.000000 9.000000
0.133737 0.328106 14.000000 11.000000
0.183451 0.220900 14.000000 12.000000
0.168722 0.199448 14.000000 7.000000
5.280717 6.921065 70.000000 47.000000
0.222657 0.237215 12.000000 7.000000
0.157546 0.160824 14.000000 7.000000
0.181390 0.280865 17.000000 20.000000
2.645415 2.645415 1.000000 0.000000
0.109165 0.111701 13.000000 6.000000
0.309551 1.001526 17.000000 13.000000
0.191031 0.215935 12.000000 7.000000
0.121147 0.121903 14.000000 7.000000
0.071395 0.073213 12.000000 7.000000
1.607654 1.607654 1.000000 0.000000
0.111738 0.115421 14.000000 8.000000
0.126051 0.136169 15.000000 8.000000
0.279043 0.839653 32.000000 21.000000
0.234619 0.600384 23.000000 24.000000
0.194978 0.207109 13.000000 7.000000
0.232655 1.105983 14.000000 13.000000
0.117789 0.136552 11.000000 7.000000
0.175298 0.195505 14.000000 8.000000
0.154337 0.160219 13.000000 7.000000
0.115854 0.122430 15.000000 10.000000
0.127493 0.150571 12.000000 7.000000
0.110928 0.125403 11.000000 7.000000
0.089758 0.099928 12.000000 7.000000
1.940754 1.940754 1.000000 0.000000
0.200151 0.334971 15.000000 11.000000
0.152136 0.237227 16.000000 14.000000
0.141526 0.170384 22.000000 13.000000
0.116460 0.195029 17.000000 14.000000
0.077894 0.084933 13.000000 7.000000
0.190615 0.454438 14.000000 13.000000
0.451493 0.591567 35.000000 14.000000
0.303177 0.421242 20.000000 9.000000
0.093555 0.109047 16.000000 9.000000
0.093299 0.112351 12.000000 8.000000
0.117323 0.129926 11.000000 7.000000
0.306796 0.311201 14.000000 7.000000
0.160648 0.171475 12.000000 7.000000
0.297476 0.473561 29.000000 11.000000
0.085416 0.090203 12.000000 7.000000
0.140149 0.201005 21.000000 15.000000
0.179724 0.183158 13.000000 7.000000
0.139551 0.158305 12.000000 7.000000
0.168692 0.680724 16.000000 11.000000
0.111726 0.135958 17.000000 9.000000
0.217855 0.295200 21.000000 12.000000
0.203066 0.226969 13.000000 6.000000
0.167327 0.250415 15.000000 10.000000
0.150017 0.165213 12.000000 6.000000
0.458563 1.118133 21.000000 13.000000
0.239361 1.134160 12.000000 12.000000
0.173618 0.181547 13.000000 7.000000
0.152687 0.281667 19.000000 16.000000
0.077555 0.080331 13.000000 7.000000
0.126819 0.223981 17.000000 10.000000
0.210868 0.322517 21.000000 11.000000
0.165953 0.527847 13.000000 20.000000
0.262914 0.423723 18.000000 10.000000
0.101088 0.131379 15.000000 14.000000
0.135823 0.140387 18.000000 9.000000
0.217332 0.222180 15.000000 8.000000
0.194411 0.220099 12.000000 7.000000
0.396534 0.400054 23.000000 9.000000
0.327859 0.591152 26.000000 15.000000
0.147418 0.161493 12.000000 7.000000
0.119922 0.126571 11.000000 7.000000
0.135147 0.150893 11.000000 6.000000
0.123640 0.153695 20.000000 10.000000
0.085594 0.090602 12.000000 6.000000
2.390175 2.390175 1.000000 0.000000
0.397038 0.397043 1.000000 170.000000
0.085264 0.103894 23.000000 11.000000
0.106838 0.127662 12.000000 7.000000
0.125849 0.131973 13.000000 7.000000
0.077449 0.094048 12.000000 7.000000
0.092354 0.111155 14.000000 8.000000
0.091207 0.092985 13.000000 6.000000
0.083053 0.095070 11.000000 6.000000
0.266887 1.357390 20.000000 10.000000
0.108598 0.190714 11.000000 10.000000
0.095323 0.104574 17.000000 9.000000
0.099005 0.111903 12.000000 7.000000
0.304035 0.893298 16.000000 11.000000
0.126642 0.331332 13.000000 11.000000
0.382606 1.369833 34.000000 36.000000
0.217190 0.233356 13.000000 6.000000
0.259441 0.468337 40.000000 15.000000
0.102190 0.109975 11.000000 7.000000
0.214599 0.241239 17.000000 8.000000
0.150833 0.427026 16.000000 17.000000
0.138027 0.152606 12.000000 8.000000
0.117032 0.122282 12.000000 7.000000
0.111205 0.135497 14.000000 9.000000
0.165887 0.199070 20.000000 12.000000
0.102201 0.110405 13.000000 7.000000
0.095190 0.096432 13.000000 8.000000
0.140402 0.201857 24.000000 23.000000
0.131824 0.132963 14.000000 7.000000
0.201496 0.219207 13.000000 6.000000
0.175801 0.215127 14.000000 9.000000
0.097587 0.115768 11.000000 7.000000
0.145208 0.230991 14.000000 12.000000
0.237531 0.262488 13.000000 7.000000
0.103345 0.106872 12.000000 7.000000
0.112017 0.119585 14.000000 7.000000
0.150929 0.166030 12.000000 7.000000
0.226948 0.971959 14.000000 10.000000
0.834815 1.327795 43.000000 15.000000
0.101606 0.209627 13.000000 12.000000
0.075264 0.082173 11.000000 7.000000
1.754641 1.754641 1.000000 0.000000
0.136348 0.138752 13.000000 7.000000
0.080102 0.080827 12.000000 7.000000
0.112614 0.120848 12.000000 6.000000
0.193159 0.302274 16.000000 22.000000
0.184408 0.186319 13.000000 7.000000
0.104186 0.104637 14.000000 7.000000
0.161597 0.561064 9.000000 10.000000
0.129914 0.358056 12.000000 10.000000
0.071061 0.073424 12.000000 6.000000
0.194538 0.904835 13.000000 12.000000
0.874477 0.874477 1.000000 0.000000
0.066359 0.071504 12.000000 7.000000
0.120132 0.122085 14.000000 7.000000
0.122246 0.127399 13.000000 7.000000
1.675679 1.675679 1.000000 0.000000
0.270957 1.749324 22.000000 19.000000
0.189106 0.264244 28.000000 24.000000
0.138147 0.384850 12.000000 10.000000
0.182828 0.595751 11.000000 12.000000
0.165936 0.170522 13.000000 6.000000
0.102253 0.138875 24.000000 14.000000
0.092370 0.098007 12.000000 6.000000
0.079852 0.085962 12.000000 7.000000
0.103218 0.108912 12.000000 6.000000
0.198536 0.211768 13.000000 8.000000
0.347766 1.148925 33.000000 50.000000
0.095315 0.102063 11.000000 7.000000
0.111666 0.119407 15.000000 10.000000
0.202896 0.245377 15.000000 10.000000
0.157052 0.521407 13.000000 18.000000
0.125481 0.137281 12.000000 7.000000
0.082065 0.084144 12.000000 6.000000
2.805712 2.805712 1.000000 0.000000
0.145631 0.173780 13.000000 7.000000
0.130528 0.146607 12.000000 6.000000
0.122147 0.134222 11.000000 7.000000
0.105316 0.111731 12.000000 6.000000
0.208306 0.457300 13.000000 9.000000
0.154575 0.171576 12.000000 6.000000
0.170486 0.276262 25.000000 19.000000
0.096985 0.097632 17.000000 8.000000
0.143904 0.156348 11.000000 6.000000
0.117863 0.142408 49.000000 9.000000
0.138521 0.147113 16.000000 8.000000
0.073779 0.081114 11.000000 7.000000
0.136782 0.146329 16.000000 10.000000
0.138357 0.163598 12.000000 7.000000
0.139829 0.151693 11.000000 7.000000
0.163946 0.167323 13.000000 7.000000
0.302041 0.605973 12.000000 10.000000
0.185126 0.202649 11.000000 7.000000
0.194343 0.205264 12.000000 7.000000
0.098235 0.141705 18.000000 10.000000
0.172249 0.630884 11.000000 12.000000
0.074209 0.077360 12.000000 6.000000
0.115196 0.211567 13.000000 12.000000
0.132232 0.140624 12.000000 6.000000
0.107220 0.113240 12.000000 7.000000
0.176509 0.199858 17.000000 10.000000
0.247917 0.577385 28.000000 18.000000
0.480212 1.216563 41.000000 12.000000
0.115784 0.119219 12.000000 7.000000
0.686520 1.024523 39.000000 11.000000
0.276216 1.653067 22.000000 18.000000
0.101487 0.117220 13.000000 9.000000
0.570236 0.997129 23.000000 12.000000
0.093340 0.093652 17.000000 8.000000
0.093337 0.128529 21.000000 11.000000
0.188707 0.203412 12.000000 6.000000
0.089405 0.093200 12.000000 7.000000
0.139804 0.226716 57.000000 18.000000
0.259705 0.269424 14.000000 7.000000
0.239309 0.471130 17.000000 10.000000
0.147047 0.442153 13.000000 12.000000
0.149811 0.312636 13.000000 10.000000
0.123962 0.134518 12.000000 6.000000
0.310561 0.402273 24.000000 19.000000
0.581455 0.866165 61.000000 21.000000
0.208523 0.732795 11.000000 9.000000
0.183409 0.514757 13.000000 12.000000
0.123531 0.126875 12.000000 7.000000
1.573813 1.573813 1.000000 0.000000
0.136609 0.145887 14.000000 8.000000
0.103293 0.104429 13.000000 6.000000
1.740971 1.740971 1.000000 0.000000
0.113392 0.126216 11.000000 7.000000
0.284942 1.262188 30.000000 15.000000
0.115836 0.119674 13.000000 7.000000
0.176609 0.355551 20.000000 11.000000
0.202053 0.210120 15.000000 7.000000
0.100792 0.122951 13.000000 7.000000
0.191493 0.835768 13.000000 17.000000
0.128145 0.135217 16.000000 8.000000
7.362180 9.170410 54.000000 61.000000
1.336707 1.336707 1.000000 0.000000
0.178567 0.205924 14.000000 20.000000
0.388338 1.653619 31.000000 15.000000
0.103681 0.230944 12.000000 9.000000
0.349125 0.422246 29.000000 12.000000
0.134878 0.138351 12.000000 6.000000
0.161260 0.169622 15.000000 7.000000
0.235168 0.665690 11.000000 9.000000
0.203323 0.398802 15.000000 22.000000
0.090695 0.182854 11.000000 12.000000
0.155862 0.161232 26.000000 11.000000
0.074553 0.078582 12.000000 7.000000
0.218901 0.233973 13.000000 7.000000
0.154213 0.174068 12.000000 6.000000
0.438566 0.991354 22.000000 13.000000
0.093084 0.097547 12.000000 7.000000
0.225046 0.746325 11.000000 10.000000
0.149299 0.501004 16.000000 10.000000
0.169641 0.173019 13.000000 7.000000
0.142206 0.463441 14.000000 10.000000
0.385702 0.569388 20.000000 9.000000
0.098576 0.107975 13.000000 7.000000
0.064707 0.068390 13.000000 7.000000
0.112702 0.129085 12.000000 7.000000
0.181438 0.184258 14.000000 7.000000
0.206751 0.227780 13.000000 7.000000
0.598373 0.915382 26.000000 11.000000
0.155738 0.380134 16.000000 11.000000
0.148140 0.199806 17.000000 10.000000
0.131960 0.144086 12.000000 6.000000
0.249705 0.257539 15.000000 7.000000
1.585879 1.892490 78.000000 13.000000
0.279710 0.340330 27.000000 9.000000
0.098343 0.191304 13.000000 11.000000
0.138084 0.147379 14.000000 8.000000
0.103345 0.114377 12.000000 6.000000
0.135024 0.140701 14.000000 7.000000
0.085134 0.096178 14.000000 8.000000
0.133418 0.190398 15.000000 15.000000
0.451158 0.600611 76.000000 11.000000
0.227065 0.536213 19.000000 27.000000
0.146265 0.167605 12.000000 7.000000
0.138248 0.367167 13.000000 12.000000
0.080285 0.092045 11.000000 7.000000
0.111852 0.252053 11.000000 10.000000
0.080998 0.091605 11.000000 7.000000
0.185340 0.186108 15.000000 7.000000
0.492359 0.493522 19.000000 7.000000
0.319485 0.328262 15.000000 7.000000
0.186633 0.202178 12.000000 7.000000
0.186359 0.217679 15.000000 11.000000
0.232802 1.202877 11.000000 11.000000
0.260597 1.143621 17.000000 12.000000
0.182671 0.193849 14.000000 9.000000
0.192556 0.531157 11.000000 10.000000
0.169281 0.179121 12.000000 7.000000
0.068175 0.072947 12.000000 7.000000
1.613280 1.613280 1.000000 0.000000
0.236931 0.241244 14.000000 6.000000
0.230662 0.236288 14.000000 7.000000
0.137642 0.236265 18.000000 12.000000
0.187211 0.200209 13.000000 7.000000
0.093311 0.130583 15.000000 10.000000
0.114757 0.132598 15.000000 8.000000
0.090137 0.098416 15.000000 11.000000
0.245210 0.416275 58.000000 11.000000
0.078070 0.083702 11.000000 6.000000
0.193908 0.790133 13.000000 18.000000
1.787658 1.787658 1.000000 0.000000
0.208094 0.744857 12.000000 10.000000
0.089537 0.094513 14.000000 7.000000
0.085424 0.094644 15.000000 8.000000
0.208021 0.747328 20.000000 15.000000
0.314660 0.475466 23.000000 13.000000
0.141280 0.160065 13.000000 7.000000
0.092170 0.100298 10.000000 7.000000
0.088009 0.096066 13.000000 7.000000
0.212332 0.825025 12.000000 11.000000
0.191118 0.232704 23.000000 10.000000
1.165556 1.165556 1.000000 0.000000
0.099545 0.104334 12.000000 7.000000
0.169192 0.200566 15.000000 8.000000
0.110520 0.112929 14.000000 7.000000
0.445220 0.604959 75.000000 24.000000
0.367288 0.368380 17.000000 7.000000
0.260372 1.189280 15.000000 11.000000
0.134140 0.199662 14.000000 11.000000
0.068225 0.073289 12.000000 6.000000
0.198695 0.309946 23.000000 12.000000
0.239876 0.418586 12.000000 10.000000
0.098630 0.105793 12.000000 7.000000
0.074027 0.074478 24.000000 10.000000
0.196081 0.294741 21.000000 16.000000
0.178776 0.203366 17.000000 9.000000
0.349704 0.527469 17.000000 15.000000
0.163958 0.423793 14.000000 13.000000
0.108567 0.126190 14.000000 9.000000
0.137384 0.183392 19.000000 12.000000
0.228965 0.428751 13.000000 12.000000
0.100561 0.103671 13.000000 7.000000
0.081742 0.094605 12.000000 7.000000
0.122038 0.123197 15.000000 7.000000
0.073311 0.075283 12.000000 6.000000
0.189767 0.198710 13.000000 7.000000
0.104258 0.119976 14.000000 8.000000
0.272710 0.284098 13.000000 7.000000
0.290532 1.253329 19.000000 9.000000
0.111362 0.120351 13.000000 7.000000
0.421375 0.640218 77.000000 13.000000
1.614477 1.614477 1.000000 0.000000
0.136414 0.145864 17.000000 8.000000
0.120655 0.308333 11.000000 10.000000
0.230719 0.329536 22.000000 18.000000
0.070557 0.079600 16.000000 8.000000
0.164445 0.198919 18.000000 24.000000
0.122475 0.291310 13.000000 13.000000
0.240684 1.047038 14.000000 10.000000
0.157046 0.235921 39.000000 37.000000
0.200053 0.209000 13.000000 7.000000
0.210125 0.250178 27.000000 13.000000
0.115580 0.135344 13.000000 8.000000
0.109840 0.124237 17.000000 9.000000
0.092961 0.101182 16.000000 9.000000
0.171159 0.192182 16.000000 8.000000
0.270989 1.557638 16.000000 13.000000
0.135645 0.136416 13.000000 7.000000
0.113523 0.122561 12.000000 6.000000
0.085853 0.097829 12.000000 7.000000
0.141697 0.301090 19.000000 11.000000
0.060937 0.075988 13.000000 8.000000
1.848240 1.848240 1.000000 0.000000
0.080883 0.100552 12.000000 8.000000
1.330790 1.330790 1.000000 0.000000
0.158713 0.492090 11.000000 11.000000
0.111500 0.128539 12.000000 7.000000
0.167758 0.172809 12.000000 7.000000
0.171957 0.250122 16.000000 13.000000
0.794629 0.794629 1.000000 0.000000
0.092747 0.104775 11.000000 7.000000
0.106235 0.113304 11.000000 7.000000
2.471383 2.471383 1.000000 0.000000
0.151823 0.279613 13.000000 12.000000
0.189648 0.242973 22.000000 10.000000
0.492610 0.492610 1.000000 0.000000
0.101709 0.107467 13.000000 6.000000
0.102236 0.108750 13.000000 8.000000
0.338659 0.338659 1.000000 0.000000
0.140491 0.251076 14.000000 10.000000
0.088028 0.093581 12.000000 7.000000
0.141410 0.499971 11.000000 11.000000
2.081023 2.081023 1.000000 0.000000
0.183591 0.188276 15.000000 8.000000
0.110418 0.123842 11.000000 7.000000
0.144555 0.152738 18.000000 8.000000
0.243283 0.245835 13.000000 6.000000
0.092940 0.112917 12.000000 9.000000
0.141272 0.236315 14.000000 12.000000
0.201778 0.619485 12.000000 9.000000
0.110750 0.118567 11.000000 7.000000
0.231311 0.237215 15.000000 10.000000
0.140489 0.161990 13.000000 8.000000
0.091881 0.112601 14.000000 8.000000
0.203791 0.233254 19.000000 12.000000
0.226902 0.744338 17.000000 10.000000
0.083736 0.139429 13.000000 9.000000
0.223094 0.240720 14.000000 7.000000
0.152024 0.164631 12.000000 7.000000
0.142493 0.150549 13.000000 7.000000
0.082690 0.097979 12.000000 6.000000
0.502377 0.505191 17.000000 7.000000
0.082324 0.083214 14.000000 7.000000
0.178213 0.200264 25.000000 13.000000
0.289618 0.296966 14.000000 7.000000
0.197807 0.394976 14.000000 12.000000
0.095082 0.105904 13.000000 8.000000
0.571597 0.571597 1.000000 0.000000
0.135064 0.332055 11.000000 10.000000
0.181724 0.190498 16.000000 7.000000
0.221338 0.233826 13.000000 7.000000
0.182950 0.536983 14.000000 11.000000
0.237686 0.392839 21.000000 22.000000
0.139703 0.154737 14.000000 7.000000
0.259257 0.745750 15.000000 11.000000
1.929797 1.929797 1.000000 0.000000
0.655576 1.075764 23.000000 16.000000
0.114443 0.119941 11.000000 6.000000
0.167154 0.421086 29.000000 17.000000
0.553072 0.752680 32.000000 14.000000
0.155759 0.260530 49.000000 10.000000
0.207114 0.786953 14.000000 10.000000
0.121445 0.229352 12.000000 12.000000
0.151024 0.502588 10.000000 10.000000
0.137337 0.150836 40.000000 19.000000
0.132835 0.143438 15.000000 8.000000
0.070852 0.071821 15.000000 10.000000
0.079711 0.086121 12.000000 7.000000
0.175049 0.179771 13.000000 7.000000
0.211362 0.312336 17.000000 12.000000
0.259429 1.260522 17.000000 12.000000
0.357865 0.488428 71.000000 12.000000
0.092379 0.093351 13.000000 7.000000
0.270398 0.615254 49.000000 11.000000
0.088460 0.091473 21.000000 10.000000
0.267026 0.668439 17.000000 10.000000
0.204317 1.038910 13.000000 12.000000
0.210454 0.552086 14.000000 11.000000
0.186879 0.279627 24.000000 13.000000
0.127243 0.127602 16.000000 7.000000
0.203395 0.900915 20.000000 19.000000
0.290904 1.110059 36.000000 23.000000
0.219620 0.642750 12.000000 10.000000
0.141996 0.421433 11.000000 18.000000
0.131032 0.143476 18.000000 9.000000
0.139084 0.140570 14.000000 7.000000
0.314859 0.330548 16.000000 7.000000
0.329969 0.331382 19.000000 9.000000
0.087450 0.091138 12.000000 6.000000
0.093201 0.105839 16.000000 9.000000
0.086456 0.099256 13.000000 7.000000
0.173242 0.247153 18.000000 10.000000
0.213524 0.235743 28.000000 10.000000
0.152625 0.160250 12.000000 6.000000
0.213442 0.227624 13.000000 7.000000
0.145700 0.152584 14.000000 8.000000
2.707920 2.707920 1.000000 0.000000
0.192959 0.211979 14.000000 7.000000
0.201745 0.231659 13.000000 7.000000
0.130470 0.130837 14.000000 7.000000
0.099061 0.116605 28.000000 16.000000
0.087621 0.090539 12.000000 6.000000
0.111081 0.125666 14.000000 7.000000
0.141564 0.148868 13.000000 7.000000
0.206663 0.267913 17.000000 14.000000
0.526428 1.260085 44.000000 14.000000
0.185190 0.210781 13.000000 8.000000
2.093208 2.093208 1.000000 0.000000
0.136177 0.145064 13.000000 8.000000
0.149703 0.162254 12.000000 6.000000
0.389971 0.595974 41.000000 12.000000
0.241743 0.363732 16.000000 15.000000
0.197920 0.765896 14.000000 10.000000
0.219228 0.495893 14.000000 12.000000
0.089937 0.127060 14.000000 13.000000
0.099628 0.111705 32.000000 13.000000
0.213297 0.274918 22.000000 13.000000
0.126782 0.127295 21.000000 9.000000
0.228683 0.783303 26.000000 21.000000
0.101535 0.101939 13.000000 7.000000
0.120739 0.149294 14.000000 8.000000
0.120181 0.130223 76.000000 14.000000
0.158978 0.172888 13.000000 7.000000
0.271835 0.288530 32.000000 12.000000
1.107040 1.107040 1.000000 0.000000
0.152877 0.168537 66.000000 10.000000
1.384275 1.384275 1.000000 0.000000
0.231543 0.969206 19.000000 14.000000
0.120150 0.128385 12.000000 6.000000
0.167189 0.186446 14.000000 7.000000
0.220310 0.245000 26.000000 11.000000
0.210803 0.223710 13.000000 6.000000
0.133895 0.137411 12.000000 7.000000
0.480419 0.788906 30.000000 18.000000
0.115323 0.128984 12.000000 7.000000
0.184957 0.260389 18.000000 11.000000
0.202214 0.998463 10.000000 12.000000
0.117048 0.261955 10.000000 11.000000
0.101560 0.204810 11.000000 14.000000
0.143126 0.149725 12.000000 7.000000
0.071807 0.079820 11.000000 6.000000
1.908828 1.908828 1.000000 0.000000
0.103548 0.108384 12.000000 7.000000
0.193941 0.199583 16.000000 8.000000
0.175860 0.610861 10.000000 11.000000
0.258264 0.323161 23.000000 18.000000
0.536777 0.704113 21.000000 11.000000
0.375898 0.377471 15.000000 7.000000
0.088336 0.112396 17.000000 14.000000
0.264492 0.408664 67.000000 12.000000
0.105077 0.110736 12.000000 6.000000
0.116963 0.122945 12.000000 7.000000
0.149649 0.175401 12.000000 7.000000
0.316489 0.317434 16.000000 7.000000
0.121233 0.129883 12.000000 7.000000
0.226820 0.241737 13.000000 7.000000
0.097948 0.110765 13.000000 7.000000
0.452963 0.562275 28.000000 10.000000
0.113318 0.118028 12.000000 7.000000
0.148300 0.167614 16.000000 10.000000
0.162837 0.206395 73.000000 15.000000
0.230502 0.234441 15.000000 7.000000
0.128316 0.137058 14.000000 8.000000
0.142942 0.269845 14.000000 11.000000
1.632199 1.632199 1.000000 0.000000
0.118234 0.135199 12.000000 7.000000
0.236526 1.016928 11.000000 11.000000
0.158307 0.205433 18.000000 15.000000
0.138095 0.149123 12.000000 6.000000
0.111626 0.133583 12.000000 7.000000
0.376848 0.890223 22.000000 11.000000
0.156154 0.175081 12.000000 7.000000
0.209563 0.215740 13.000000 7.000000
0.371644 0.615446 19.000000 12.000000
0.168582 0.436265 14.000000 24.000000
0.119975 0.149607 65.000000 12.000000
0.380238 0.380239 65.000000 170.000000
0.137686 0.157667 12.000000 7.000000
0.102084 0.104568 22.000000 11.000000
0.339312 0.495455 21.000000 11.000000
0.185059 0.727644 12.000000 23.000000
0.217750 0.239140 13.000000 7.000000
0.169113 0.178857 12.000000 6.000000
0.082551 0.092803 12.000000 6.000000
0.290326 0.898321 18.000000 17.000000
0.118004 0.129148 13.000000 7.000000
0.100530 0.115640 12.000000 7.000000
0.426974 0.572682 18.000000 11.000000
0.161939 0.245505 34.000000 19.000000
0.102578 0.155030 15.000000 10.000000
0.093839 0.094958 27.000000 10.000000
0.085702 0.105224 15.000000 10.000000
0.323303 0.415399 31.000000 13.000000
0.263157 0.285575 17.000000 13.000000
1.250343 1.250343 1.000000 0.000000
0.230553 0.327183 18.000000 13.000000
0.328852 1.569642 39.000000 17.000000
0.088008 0.090046 12.000000 6.000000
0.136281 0.138947 13.000000 7.000000
0.178056 0.192644 13.000000 7.000000
0.119086 0.177851 15.000000 11.000000
0.126205 0.136405 16.000000 8.000000
0.221973 0.540386 13.000000 9.000000
1.085760 1.085760 1.000000 0.000000
0.153425 0.330841 16.000000 11.000000
0.105091 0.110355 15.000000 8.000000
0.141063 0.167108 14.000000 8.000000
0.128556 0.140364 15.000000 8.000000
0.125484 0.132674 33.000000 13.000000
0.543492 0.841512 57.000000 20.000000
0.076927 0.086727 11.000000 7.000000
0.110172 0.205716 13.000000 10.000000
0.610592 0.846594 32.000000 12.000000
0.181594 0.600204 11.000000 10.000000
0.418340 0.571244 27.000000 14.000000
0.077312 0.093157 14.000000 7.000000
0.146021 0.294696 17.000000 12.000000
0.095648 0.096079 25.000000 10.000000
0.255980 0.269937 14.000000 7.000000
0.175208 0.191523 13.000000 7.000000
0.263652 0.674267 20.000000 17.000000
0.156914 0.161659 78.000000 10.000000
0.221982 0.296844 19.000000 12.000000
0.092131 0.118881 14.000000 8.000000
0.116346 0.116759 15.000000 8.000000
0.151449 0.154641 13.000000 7.000000
0.234514 0.247902 14.000000 6.000000
0.131308 0.137024 16.000000 8.000000
0.333268 0.350535 84.000000 22.000000
0.331468 1.414241 24.000000 11.000000
0.470398 0.610001 57.000000 23.000000
0.188590 0.189697 13.000000 6.000000
0.274238 0.318555 16.000000 10.000000
1.372244 1.372244 1.000000 0.000000
0.085169 0.088445 12.000000 6.000000
0.172511 0.178407 13.000000 7.000000
0.145294 0.173151 12.000000 7.000000
0.111513 0.112108 15.000000 7.000000
2.486718 2.486718 1.000000 0.000000
0.084245 0.085983 18.000000 10.000000
0.649861 0.930837 68.000000 20.000000
1.688176 2.015809 55.000000 14.000000
0.070745 0.078147 11.000000 6.000000
0.131362 0.147979 12.000000 6.000000
0.084139 0.091347 11.000000 7.000000
0.073121 0.088729 12.000000 7.000000
0.575086 0.672110 53.000000 15.000000
0.196887 1.013178 11.000000 11.000000
0.089542 0.096172 13.000000 8.000000
0.237334 1.061528 14.000000 11.000000
0.100577 0.108691 13.000000 7.000000
0.100527 0.107255 12.000000 7.000000
0.206418 0.215365 13.000000 6.000000
0.127737 0.204971 29.000000 33.000000
0.101962 0.110377 11.000000 7.000000
0.120541 0.127959 12.000000 6.000000
0.116984 0.176242 11.000000 12.000000
0.171002 0.288563 14.000000 13.000000
0.095298 0.105071 10.000000 7.000000
0.505047 1.451484 37.000000 28.000000
0.145686 0.153335 12.000000 7.000000
0.178138 0.361097 17.000000 12.000000
0.242196 0.345583 16.000000 10.000000
0.076272 0.077781 12.000000 6.000000
0.151133 0.302207 12.000000 11.000000
0.210894 0.390396 21.000000 14.000000
0.197490 0.481954 10.000000 11.000000
0.078468 0.081941 16.000000 8.000000
0.240593 0.281076 15.000000 18.000000
0.173098 0.553582 14.000000 12.000000
0.277847 0.970415 28.000000 33.000000
0.067962 0.077527 13.000000 8.000000
0.101333 0.115713 11.000000 7.000000
1.378999 1.378999 1.000000 0.000000
0.108740 0.119424 11.000000 7.000000
0.274367 0.347152 24.000000 15.000000
0.552280 0.552280 1.000000 0.000000
0.136720 0.158775 12.000000 7.000000
0.221094 0.469320 20.000000 12.000000
0.209945 0.258529 17.000000 11.000000
0.541913 0.812868 32.000000 19.000000
0.381480 0.877227 25.000000 13.000000
0.099450 0.118192 27.000000 17.000000
1.260549 1.260549 1.000000 0.000000
0.234112 0.425552 14.000000 10.000000
0.116517 0.121067 13.000000 7.000000
1.679248 1.679248 1.000000 0.000000
0.080113 0.091584 12.000000 7.000000
0.091634 0.105509 12.000000 7.000000
0.138830 0.176283 14.000000 8.000000
0.104213 0.208517 10.000000 9.000000
0.074348 0.079642 11.000000 6.000000
0.130712 0.365685 14.000000 11.000000
0.240065 0.487866 58.000000 13.000000
0.131489 0.217795 18.000000 26.000000
0.143703 0.173035 13.000000 8.000000
0.152045 0.308254 16.000000 10.000000
1.130130 1.130130 1.000000 0.000000
1.273597 1.273597 1.000000 0.000000
0.080523 0.080915 18.000000 9.000000
0.210999 0.411915 14.000000 10.000000
0.159862 0.618498 14.000000 14.000000
0.100589 0.107986 12.000000 6.000000
0.104143 0.111668 13.000000 8.000000
0.094188 0.099932 12.000000 8.000000
0.116016 0.128286 12.000000 6.000000
0.994633 0.994633 1.000000 0.000000
0.129646 0.147474 12.000000 7.000000
0.555177 1.068260 25.000000 11.000000
0.548335 0.710078 40.000000 14.000000
0.142317 0.230407 13.000000 15.000000
0.150737 0.187027 16.000000 8.000000
0.456351 0.555395 27.000000 12.000000
0.554093 0.554093 1.000000 0.000000
1.317238 1.317238 1.000000 0.000000
0.139591 0.155592 11.000000 7.000000
0.095449 0.109500 13.000000 8.000000
0.247352 0.263945 13.000000 7.000000
0.321654 0.701784 23.000000 8.000000
0.163997 0.163998 23.000000 170.000000
0.313207 0.320061 15.000000 6.000000
0.235678 0.468434 16.000000 10.000000
0.176971 0.181290 14.000000 7.000000
0.124369 0.314227 12.000000 13.000000
0.097552 0.100897 19.000000 9.000000
0.237197 1.273635 17.000000 20.000000
1.914559 2.196330 75.000000 14.000000
0.226262 0.280791 28.000000 15.000000
0.474749 0.475441 22.000000 8.000000
0.087696 0.094699 11.000000 7.000000
0.145281 0.517298 10.000000 11.000000
0.179017 0.202036 12.000000 7.000000
0.171507 0.240183 75.000000 17.000000
1.481704 1.481704 1.000000 0.000000
0.100758 0.234218 12.000000 10.000000
0.173999 0.201785 14.000000 8.000000
0.141863 0.156330 12.000000 7.000000
1.565426 1.565426 1.000000 0.000000
0.188159 0.198093 15.000000 7.000000
0.082549 0.094039 11.000000 7.000000
0.180401 0.203848 14.000000 8.000000
0.094523 0.094831 20.000000 10.000000
0.175459 0.402024 10.000000 9.000000
1.092110 1.284206 65.000000 24.000000
0.121478 0.123612 12.000000 7.000000
0.093626 0.106722 13.000000 7.000000
0.081289 0.095948 13.000000 8.000000
0.250487 0.476696 62.000000 15.000000
0.218668 0.910798 11.000000 10.000000
0.189275 0.274204 13.000000 13.000000
0.195558 0.207825 13.000000 7.000000
0.139209 0.166942 24.000000 12.000000
0.090777 0.093544 20.000000 9.000000
0.113166 0.123012 13.000000 7.000000
0.268154 0.360436 24.000000 10.000000
0.076382 0.078774 14.000000 7.000000
5.837788 8.240769 63.000000 41.000000
0.072216 0.083472 11.000000 6.000000
0.128193 0.158195 13.000000 7.000000
0.198743 0.281704 12.000000 10.000000
0.096636 0.112506 14.000000 8.000000
0.080948 0.083796 17.000000 8.000000
0.144501 0.179600 21.000000 11.000000
0.164308 0.282160 51.000000 11.000000
0.148977 0.262928 15.000000 16.000000
0.136046 0.263483 13.000000 10.000000
0.110377 0.114831 62.000000 9.000000
0.112471 0.118234 12.000000 7.000000
0.208517 0.532489 19.000000 11.000000
0.078626 0.085457 12.000000 7.000000
0.225603 0.227400 17.000000 8.000000
0.328065 0.498877 17.000000 10.000000
0.149385 0.172082 13.000000 8.000000
0.156616 0.168000 34.000000 15.000000
0.213721 0.441454 18.000000 12.000000
0.174085 0.183970 13.000000 7.000000
0.319594 0.328904 14.000000 7.000000
2.169284 2.169284 1.000000 0.000000
0.112823 0.132107 16.000000 11.000000
0.115379 0.118322 13.000000 7.000000
0.273146 1.551546 29.000000 24.000000
0.203764 0.217492 13.000000 6.000000
0.123963 0.137575 33.000000 12.000000
0.389191 0.690528 23.000000 10.000000
0.110980 0.121673 15.000000 8.000000
0.279906 0.669670 25.000000 14.000000
0.227894 0.757413 14.000000 10.000000
0.114689 0.123586 14.000000 8.000000
0.260083 0.720118 24.000000 29.000000
0.223394 0.228777 14.000000 7.000000
0.156287 0.538372 9.000000 9.000000
0.201719 0.298165 17.000000 23.000000
0.248399 0.284447 80.000000 17.000000
0.208720 0.621964 10.000000 9.000000
0.088575 0.092670 14.000000 7.000000
0.334417 1.153916 17.000000 11.000000
0.186227 0.269217 18.000000 18.000000
0.234994 0.309773 18.000000 9.000000
0.097650 0.114399 13.000000 7.000000
0.246781 0.386838 13.000000 12.000000
0.328724 1.079944 17.000000 11.000000
0.096493 0.110893 11.000000 7.000000
0.115283 0.126437 13.000000 7.000000
0.154704 0.210796 14.000000 10.000000
0.204722 0.843843 15.000000 13.000000
1.805525 1.805525 1.000000 0.000000
0.090165 0.104816 23.000000 12.000000
0.422268 1.125731 27.000000 13.000000
0.265877 0.265879 27.000000 170.000000
0.238549 0.250866 13.000000 7.000000
0.123194 0.210789 12.000000 11.000000
0.111376 0.125503 12.000000 6.000000
0.176190 0.313023 65.000000 13.000000
0.080299 0.092315 13.000000 8.000000
0.160587 0.190939 22.000000 17.000000
0.167265 0.177334 16.000000 8.000000
0.084293 0.090775 12.000000 7.000000
0.078936 0.095758 16.000000 9.000000
0.069555 0.070988 14.000000 7.000000
0.122910 0.124522 22.000000 10.000000
0.161163 0.174966 12.000000 6.000000
0.098939 0.108124 12.000000 6.000000
0.179403 0.395127 40.000000 13.000000
0.246125 0.783188 37.000000 23.000000
0.169721 0.171475 14.000000 6.000000
0.259725 0.763584 24.000000 16.000000
0.139356 0.141016 17.000000 8.000000
0.243219 0.251019 14.000000 6.000000
0.164069 0.224173 59.000000 10.000000
0.289278 1.116265 14.000000 11.000000
0.150364 0.411575 11.000000 16.000000
0.120392 0.138942 12.000000 7.000000
0.078371 0.086459 12.000000 7.000000
0.240128 0.276113 18.000000 12.000000
2.298942 2.298942 1.000000 0.000000
0.169305 0.612561 17.000000 20.000000
0.160698 0.179665 12.000000 7.000000
0.075882 0.087005 11.000000 7.000000
0.183444 0.183924 15.000000 7.000000
0.088392 0.098416 13.000000 7.000000
0.218599 0.233821 14.000000 7.000000
0.157928 0.415458 14.000000 12.000000
0.275937 0.335833 18.000000 10.000000
0.091572 0.101853 11.000000 7.000000
0.123539 0.130911 12.000000 7.000000
0.105742 0.119981 12.000000 6.000000
0.144646 0.161947 22.000000 10.000000
0.411175 1.090275 42.000000 26.000000
0.083823 0.095297 12.000000 8.000000
0.155374 0.158698 13.000000 7.000000
0.100194 0.113018 73.000000 16.000000
0.074815 0.078362 15.000000 8.000000
0.166775 0.192740 70.000000 10.000000
0.111640 0.128666 11.000000 7.000000
0.169126 0.266620 50.000000 10.000000
0.114551 0.137960 16.000000 8.000000
0.212636 0.214005 15.000000 7.000000
0.409032 1.847462 47.000000 19.000000
0.292766 0.766689 28.000000 12.000000
0.181979 0.603080 13.000000 12.000000
0.165854 0.510233 12.000000 10.000000
0.181160 0.474594 13.000000 10.000000
0.084086 0.093458 11.000000 7.000000
0.637468 0.637960 27.000000 8.000000
0.073756 0.078754 12.000000 7.000000
0.082278 0.090045 12.000000 7.000000
0.095308 0.101755 16.000000 8.000000
1.540659 1.540659 1.000000 0.000000
0.123878 0.141207 11.000000 6.000000
0.226212 0.242374 14.000000 7.000000
0.110695 0.132949 14.000000 7.000000
0.090843 0.097241 11.000000 7.000000
0.164734 0.177705 11.000000 6.000000
0.141583 0.158407 11.000000 7.000000
0.160768 0.170006 12.000000 7.000000
0.147181 0.224848 22.000000 11.000000
0.157873 0.179884 12.000000 7.000000
0.165076 0.174918 12.000000 7.000000
0.219810 0.460690 14.000000 10.000000
0.092805 0.103431 12.000000 7.000000
0.302572 0.313635 16.000000 7.000000
0.187012 0.199819 14.000000 7.000000
0.105447 0.116208 12.000000 7.000000
0.087870 0.100904 11.000000 7.000000
0.086350 0.101789 16.000000 9.000000
0.175964 0.182964 13.000000 6.000000
0.245727 0.250435 14.000000 7.000000
0.132632 0.150315 12.000000 6.000000
0.086297 0.091922 11.000000 7.000000
1.444865 1.577468 79.000000 30.000000
0.166455 0.596591 10.000000 11.000000
0.115263 0.127391 24.000000 9.000000
0.073209 0.075200 11.000000 7.000000
0.236359 0.774407 17.000000 17.000000
0.119867 0.121707 13.000000 6.000000
0.119399 0.146363 18.000000 10.000000
0.149700 0.232559 16.000000 14.000000
0.266849 0.353198 66.000000 11.000000
0.154643 0.165123 12.000000 6.000000
0.114104 0.247399 11.000000 10.000000
0.212172 0.221623 14.000000 7.000000
0.083785 0.084976 14.000000 7.000000
0.099810 0.115843 11.000000 7.000000
0.167317 0.187173 12.000000 7.000000
0.184842 0.206408 13.000000 7.000000
0.173920 0.251573 15.000000 12.000000
0.105303 0.109105 12.000000 6.000000
0.249335 0.276455 14.000000 7.000000
0.155199 0.165620 13.000000 6.000000
0.131250 0.157290 13.000000 7.000000
0.163343 0.505646 10.000000 10.000000
0.111632 0.294972 12.000000 9.000000
0.090221 0.095297 23.000000 11.000000
0.208402 0.238605 49.000000 42.000000
0.133216 0.156420 20.000000 10.000000
0.098349 0.099367 16.000000 8.000000
0.156177 0.162292 13.000000 6.000000
0.115835 0.125183 16.000000 9.000000
0.212499 0.213792 13.000000 7.000000
0.094606 0.099702 13.000000 7.000000
0.251604 1.341995 21.000000 14.000000
0.087132 0.096319 11.000000 7.000000
0.410498 0.616025 18.000000 12.000000
0.186797 0.276919 66.000000 12.000000
0.191413 0.205023 12.000000 7.000000
0.187095 0.618753 12.000000 13.000000
0.087200 0.092137 17.000000 9.000000
0.151830 0.443540 12.000000 11.000000
0.185532 0.186002 16.000000 8.000000
0.202277 0.707074 11.000000 10.000000
0.196393 0.211965 12.000000 7.000000
0.068617 0.070945 15.000000 8.000000
0.080901 0.088045 13.000000 7.000000
0.105310 0.117974 12.000000 7.000000
0.082186 0.099115 13.000000 7.000000
0.191585 0.200832 14.000000 8.000000
0.078769 0.081893 14.000000 8.000000
0.102598 0.122755 13.000000 7.000000
3.501386 3.501386 1.000000 0.000000
0.283401 0.291608 14.000000 7.000000
0.094715 0.117328 13.000000 10.000000
0.100917 0.107219 12.000000 6.000000
0.539289 0.650358 20.000000 11.000000
0.071937 0.077641 13.000000 7.000000
0.150817 0.165813 12.000000 7.000000
0.085039 0.106313 13.000000 8.000000
0.113099 0.210262 13.000000 21.000000
0.118047 0.124760 12.000000 6.000000
0.089395 0.099282 12.000000 6.000000
0.100026 0.109598 12.000000 7.000000
0.080952 0.081673 14.000000 7.000000
0.274404 0.284100 15.000000 7.000000
0.101948 0.114312 12.000000 7.000000
0.071066 0.077055 12.000000 7.000000
0.267555 0.271895 15.000000 7.000000
0.134453 0.154557 11.000000 7.000000
0.139972 0.162996 16.000000 9.000000
0.085249 0.086006 12.000000 7.000000
0.086960 0.097456 19.000000 9.000000
0.270047 0.504882 21.000000 9.000000
0.209597 0.277043 16.000000 10.000000
0.102698 0.111355 12.000000 8.000000
0.123662 0.146133 15.000000 14.000000
0.331113 0.800599 25.000000 13.000000
0.099419 0.199028 11.000000 15.000000
0.190082 0.662644 14.000000 11.000000
0.187003 0.266157 17.000000 10.000000
2.852700 2.852700 1.000000 0.000000
0.081552 0.095379 78.000000 17.000000
0.879755 0.879755 1.000000 0.000000
0.187016 0.196562 14.000000 7.000000
0.318405 0.323005 16.000000 8.000000
1.321427 1.321427 1.000000 0.000000
0.128996 0.168547 15.000000 10.000000
0.107761 0.119130 12.000000 7.000000
0.273907 0.934176 17.000000 11.000000
0.248605 1.005449 20.000000 18.000000
0.087995 0.105657 11.000000 7.000000
0.091276 0.101291 13.000000 10.000000
0.139796 0.418456 15.000000 12.000000
0.207196 0.226906 15.000000 7.000000
0.294287 0.418283 37.000000 23.000000
0.097422 0.152949 15.000000 10.000000
0.347347 0.682265 34.000000 10.000000
0.250275 1.402423 25.000000 21.000000
0.716801 0.716801 1.000000 0.000000
0.084678 0.103206 12.000000 7.000000
0.109817 0.121038 13.000000 7.000000
0.124930 0.126201 14.000000 7.000000
2.714891 2.714891 1.000000 0.000000
0.074416 0.077096 12.000000 6.000000
0.089126 0.096272 13.000000 8.000000
0.145624 0.151187 76.000000 32.000000
0.092000 0.103618 13.000000 8.000000
0.135102 0.136228 15.000000 7.000000
0.110863 0.115199 16.000000 8.000000
0.102676 0.103057 18.000000 8.000000
0.105678 0.124296 16.000000 13.000000
0.234864 0.245570 14.000000 7.000000
0.080415 0.097391 21.000000 11.000000
0.098787 0.201279 12.000000 12.000000
0.077541 0.078551 12.000000 6.000000
0.231166 0.239466 12.000000 7.000000
0.186364 0.448280 17.000000 10.000000
0.105859 0.111389 70.000000 10.000000
0.386866 1.217445 28.000000 9.000000
0.118512 0.126041 12.000000 7.000000
0.081891 0.084981 12.000000 7.000000
3.011221 3.011221 1.000000 0.000000
0.124938 0.129184 21.000000 10.000000
0.230115 0.231751 18.000000 12.000000
0.098244 0.104933 12.000000 7.000000
0.282949 0.301784 17.000000 9.000000
0.187977 0.350089 16.000000 10.000000
0.237335 0.306220 17.000000 13.000000
0.207939 0.214850 13.000000 7.000000
0.111932 0.132379 15.000000 10.000000
0.078522 0.080579 15.000000 7.000000
0.123577 0.124214 12.000000 7.000000
0.097235 0.104237 11.000000 7.000000
0.087345 0.088615 12.000000 6.000000
0.189803 0.194988 13.000000 7.000000
0.213195 0.218235 72.000000 9.000000
0.082917 0.083674 12.000000 7.000000
0.105750 0.108939 12.000000 6.000000
0.371045 1.313411 34.000000 49.000000
0.076555 0.091344 13.000000 7.000000
0.081169 0.082703 12.000000 7.000000
2.071689 2.071689 1.000000 0.000000
0.157880 0.158656 23.000000 9.000000
0.101912 0.110505 11.000000 6.000000
0.120579 0.127127 11.000000 6.000000
0.073918 0.075419 14.000000 7.000000
0.162776 0.174004 14.000000 8.000000
0.713342 1.155869 67.000000 14.000000
0.115220 0.118968 13.000000 7.000000
0.142207 0.144196 14.000000 7.000000
0.115818 0.129578 12.000000 7.000000
0.072290 0.079917 13.000000 7.000000
0.219862 0.661555 10.000000 10.000000
0.140461 0.151715 32.000000 10.000000
0.264815 0.280345 15.000000 7.000000
0.079528 0.081873 12.000000 6.000000
0.169310 0.186563 26.000000 11.000000
0.171561 0.186865 55.000000 12.000000
0.094379 0.109205 11.000000 7.000000
0.313084 0.406552 23.000000 10.000000
0.118382 0.164448 13.000000 14.000000
0.160197 0.384775 12.000000 12.000000
0.212378 0.407174 16.000000 11.000000
0.073815 0.089052 12.000000 8.000000
0.150802 0.159525 13.000000 7.000000
0.139651 0.161044 13.000000 7.000000
0.206992 0.276406 18.000000 10.000000
0.317612 1.038146 45.000000 34.000000
1.141498 1.141498 1.000000 0.000000
0.062522 0.063745 13.000000 7.000000
0.257611 0.280623 15.000000 7.000000
0.073676 0.076659 12.000000 7.000000
0.229324 0.466262 27.000000 14.000000
0.217131 0.224221 14.000000 7.000000
0.175118 0.176471 14.000000 7.000000
0.108102 0.117390 11.000000 7.000000
0.108955 0.112061 12.000000 6.000000
0.218609 0.221943 14.000000 7.000000
0.170363 0.441628 11.000000 11.000000
0.187388 0.257429 21.000000 12.000000
0.173210 0.569012 13.000000 11.000000
0.156857 0.312478 14.000000 11.000000
3.393840 3.393840 1.000000 0.000000
0.183328 0.333987 13.000000 15.000000
0.140425 0.350249 19.000000 13.000000
0.227937 0.338184 20.000000 12.000000
0.237657 0.457073 54.000000 10.000000
0.130398 0.188800 16.000000 9.000000
0.262492 0.458858 15.000000 12.000000
0.086421 0.091584 15.000000 8.000000
0.119204 0.133995 13.000000 8.000000
0.201476 0.304066 61.000000 14.000000
0.090041 0.091256 14.000000 7.000000
0.549911 0.617265 21.000000 11.000000
0.154864 0.170723 16.000000 9.000000
0.118280 0.238963 13.000000 10.000000
0.218027 0.345745 18.000000 13.000000
0.147683 0.413904 11.000000 13.000000
2.397627 2.397627 1.000000 0.000000
0.103320 0.109236 12.000000 7.000000
0.215933 0.234387 13.000000 7.000000
0.090551 0.097396 11.000000 6.000000
0.176454 0.187405 27.000000 14.000000
0.102702 0.104599 13.000000 6.000000
0.230581 0.463984 43.000000 20.000000
0.145008 0.167861 12.000000 6.000000
0.147802 0.391329 14.000000 11.000000
0.173009 0.308809 12.000000 10.000000
0.116930 0.125476 13.000000 7.000000
0.081640 0.086355 12.000000 7.000000
0.159361 0.185709 16.000000 10.000000
0.262576 0.443282 15.000000 10.000000
0.134559 0.372906 14.000000 9.000000
0.083234 0.083756 14.000000 7.000000
1.883505 1.883505 1.000000 0.000000
0.214518 0.238390 13.000000 7.000000
0.103826 0.117163 11.000000 7.000000
0.266620 0.622493 11.000000 11.000000
0.212665 0.241869 21.000000 11.000000
0.114439 0.125387 12.000000 6.000000
0.212897 0.370429 24.000000 18.000000
0.109595 0.131432 15.000000 9.000000
0.109013 0.122521 11.000000 7.000000
0.129166 0.324384 11.000000 11.000000
2.408431 2.408431 1.000000 0.000000
0.102048 0.209828 12.000000 13.000000
1.457983 1.457983 1.000000 0.000000
0.236199 0.618409 17.000000 11.000000
0.114883 0.127367 12.000000 7.000000
0.148785 0.170336 17.000000 10.000000
0.305503 0.339047 16.000000 11.000000
0.196740 0.211109 14.000000 8.000000
0.200691 0.221993 12.000000 6.000000
0.155535 0.188351 15.000000 10.000000
0.166198 0.172397 13.000000 6.000000
0.131496 0.151733 12.000000 7.000000
1.038871 1.159834 66.000000 14.000000
0.099533 0.103846 12.000000 7.000000
0.163251 0.187559 14.000000 7.000000
1.739360 1.739360 1.000000 0.000000
0.179174 0.218665 16.000000 8.000000
0.282705 0.295013 20.000000 12.000000
0.202381 1.025327 14.000000 14.000000
0.120743 0.142481 11.000000 7.000000
0.101623 0.127217 14.000000 8.000000
0.170639 0.186093 12.000000 7.000000
0.193803 0.218638 12.000000 6.000000
0.137495 0.139999 13.000000 6.000000
0.215879 0.309244 16.000000 12.000000
0.119465 0.146019 71.000000 12.000000
