0.764483 1.385383 1.401623 0.702406 1.419453 0.947978 1.270480 1.122100 1.032375 0.946675 1.079648 1.208163 0.716137
0.129753 1.403502 1.454361 0.396067 1.271054 1.013743 1.016592 0.836974 0.637683 1.453873 1.152366 1.228620 0.837352
0.629858 1.058680 1.103448 0.363719 1.036111 1.079575 0.995995 0.541366 0.707325 0.844921 0.990876 0.563375 0.973827
1.230194 1.329855 1.111562 0.713013 1.089885 1.074514 1.341056 0.909717 1.162537 1.096101 1.381527 0.653681 0.917998
0.320353 0.781925 0.480730 0.829519 1.393113 1.348052 1.245990 1.216767 0.548048 1.494842 1.002194 0.813404 0.702751
0.842322 1.186129 0.730223 0.965013 1.301419 1.290161 1.487921 0.991526 0.606008 0.944286 1.282972 0.781668 0.643800
0.828382 1.224164 0.174442 0.528584 1.064330 1.259158 1.048148 0.561180 0.543483 1.056122 1.445840 1.281729 0.670848
0.806015 1.037535 0.202840 0.949588 1.386109 0.900224 1.407584 1.354294 0.999745 0.952270 1.000776 1.428145 0.761634
0.901682 0.913532 1.004057 0.463067 1.018438 1.370790 1.196675 0.643919 0.777619 1.357189 1.193210 0.623861 0.936424
1.211264 1.469579 1.184584 0.678194 1.265318 0.997796 1.475319 0.942084 1.244209 1.398158 1.074310 1.012558 0.631239
0.886412 1.237001 0.722110 0.338606 1.211845 0.915810 1.200653 1.070068 0.976966 1.239699 1.161257 1.065654 0.960088
1.046137 1.183695 0.529412 0.852903 1.341463 0.860572 1.362741 1.183874 1.057500 0.855469 1.002271 0.597642 0.724702
1.312869 0.837240 0.596349 0.602336 1.462341 0.984932 1.361339 1.334094 0.869031 1.230724 1.199247 1.367799 0.929223
1.365515 1.479253 0.448276 0.136502 1.212594 1.261231 1.281763 1.369757 0.648797 0.621889 1.007998 1.058558 0.800860
0.805020 1.486465 0.525355 0.216395 1.440428 1.085669 1.333790 1.493357 0.662917 0.923364 1.341344 0.807935 0.730741
0.605544 1.420544 1.261663 0.386069 1.259354 1.136551 1.170770 1.116964 1.130803 1.175710 0.977152 1.224213 0.867318
0.536177 0.995388 1.212982 0.892015 1.330237 1.257957 1.297263 0.949626 0.705258 0.914506 1.185775 1.135553 0.786771
0.510768 1.327415 0.553753 0.579994 1.266769 1.294136 1.176477 0.516761 0.801467 1.038930 1.011647 1.206130 0.680957
1.245302 1.230994 0.511156 0.482753 1.016379 1.313489 1.008142 1.382656 0.987943 1.378460 1.354370 1.155057 0.682989
0.973059 1.325538 0.957404 0.495781 1.388200 1.327966 1.130431 0.943456 1.137908 1.442508 1.055480 1.496157 0.970899
1.184200 1.225781 0.172414 0.342672 1.465505 1.208009 1.271722 1.064415 0.609881 1.091031 1.164965 1.260852 0.678260
0.588238 1.411473 1.170385 0.158076 1.138851 1.003278 1.202855 1.498852 0.677143 0.866134 1.270994 1.017647 0.848021
1.152539 1.449482 1.000000 0.945071 1.207124 0.870427 1.138483 1.454645 1.170290 1.170581 1.419711 0.942271 0.864932
1.358323 1.240929 0.695740 0.590379 1.477070 0.998485 1.162453 1.365654 0.736712 0.581328 1.377354 0.532825 0.944963
0.872467 1.030145 0.945233 0.863192 1.070777 1.077122 1.217505 1.191670 0.804068 0.742701 1.091936 1.019394 0.979143
0.551244 1.262780 0.245436 0.435176 1.012430 1.007741 1.388790 1.248516 0.942113 1.299202 1.018985 1.306762 0.897570
1.392337 1.212771 1.123732 0.822484 1.346949 0.934517 1.097770 1.479351 1.178511 0.891019 1.171429 1.044545 0.950428
1.175823 1.450950 1.292089 0.121662 1.401700 0.998741 1.314011 0.698162 0.879309 1.376479 1.393602 1.331851 0.618600
1.018248 1.051826 0.707911 0.609964 1.442967 0.867943 1.166459 1.450305 1.008511 0.727490 1.200974 1.023560 0.999198
0.134511 1.488741 0.452333 0.738052 1.215595 1.011808 1.464462 0.563832 0.958782 1.319482 1.200373 1.101561 0.970292
0.288615 1.268432 0.302231 0.398379 1.250086 1.465293 1.280830 0.875423 0.748647 1.467976 1.055946 1.020063 0.976607
0.788847 0.530562 0.480730 0.614811 1.248164 0.894135 1.062863 0.878994 0.534581 1.155021 1.239042 0.802983 0.649610
1.390694 0.876215 0.541582 0.605349 1.121944 0.941772 1.203597 0.976813 0.834282 0.591643 1.462166 0.629440 0.845067
0.750089 1.221775 0.249493 0.984284 1.446846 1.463723 1.226084 1.052899 0.974963 0.819220 1.184726 0.707773 0.942275
1.062882 1.113123 1.180527 0.178958 1.346571 0.946597 1.044816 1.023089 0.808253 1.076928 1.007357 1.413352 0.975567
0.978798 0.815894 1.188641 0.782931 1.086900 0.936977 1.465335 0.543993 0.919162 1.273443 1.171332 1.291697 0.735030
0.952538 1.297514 0.409736 0.168957 1.047794 1.283789 1.060669 0.671297 0.523991 0.882103 1.356913 0.983409 0.723616
0.613100 0.941024 1.354970 0.767579 0.998815 1.184565 1.083308 1.059640 0.749510 0.729471 1.108844 1.416274 0.534127
1.026858 0.824307 1.123732 0.363072 1.040925 1.145058 1.431501 0.522947 0.655595 0.602308 1.457429 1.289332 0.969775
0.687670 0.853663 0.172414 0.642254 1.151342 1.008636 1.439650 0.909373 0.733223 1.309342 0.971988 0.770239 0.689235
0.192954 1.148719 0.626775 0.580128 1.131296 0.861423 1.112412 1.480170 0.508778 1.129262 1.020829 1.088467 0.655163
0.559590 1.085960 0.460446 0.298392 1.237755 1.287610 1.305709 1.402934 0.693082 1.109214 0.980782 1.244697 0.903890
1.317823 0.977811 1.454361 0.603313 1.137993 0.909489 1.413364 1.259882 0.613518 0.621248 1.373898 0.894322 0.974606
0.562367 1.274545 0.133874 0.864440 1.122963 1.033427 1.297427 1.211986 0.507284 0.978961 1.311760 0.765468 0.533514
0.327722 1.193040 1.290061 0.719742 1.282971 1.081662 1.432758 0.846571 0.569780 0.683839 1.220775 1.270424 0.698135
1.186644 0.716741 0.133874 1.056671 1.482076 1.341690 1.088861 1.285413 0.599087 1.322280 1.455895 1.446577 0.551648
0.265455 0.987384 0.525355 0.336233 1.051798 1.038494 1.030226 0.894806 0.579434 1.393380 1.370521 1.341815 0.867673
0.962798 1.423403 1.137931 0.126653 1.156521 1.258805 1.474236 0.824335 0.737682 0.962644 0.983325 0.740092 0.589077
1.114781 1.005795 0.275862 0.987173 1.209414 1.074736 1.483255 0.576937 0.886872 0.609185 1.116182 1.235014 0.919593
0.851994 1.453972 1.196755 0.148478 1.309685 1.057815 1.369832 0.720091 0.867175 1.211493 1.066331 0.985910 0.741791
0.947627 1.317247 1.200811 0.333114 1.496636 0.843843 1.466879 0.757674 0.876895 0.922664 1.173332 0.588545 0.669254
0.935021 0.802641 1.281947 0.665070 1.196036 0.992199 1.226729 0.991676 0.884336 0.770558 1.131052 0.564489 1.002159
1.255475 0.979099 0.649087 0.375924 1.108166 0.886261 1.317742 0.821808 0.808119 0.676496 1.181368 1.414215 0.964220
0.159132 1.444561 1.253550 0.471221 1.159074 1.119425 1.414869 0.952189 0.645555 0.646716 1.372637 1.098541 0.838421
0.973368 1.339978 0.344828 0.787715 1.265917 1.355090 1.434609 0.907924 0.791238 0.733260 1.491187 1.276493 0.799944
0.601029 0.677236 0.460446 0.602977 1.114277 1.337909 1.045696 0.653584 0.515893 1.168600 1.320457 1.387395 0.584874
0.892161 1.191501 0.935091 0.193156 1.414194 1.497301 1.129701 1.248157 0.581463 0.669153 1.470979 1.188667 0.704248
1.033980 1.421115 0.476673 0.138091 1.459362 0.915558 1.332751 1.035718 0.695328 1.457194 0.989168 0.701796 0.814993
1.178027 1.487757 0.383367 0.650407 1.098519 1.398632 1.156452 1.411894 1.231086 1.347456 1.184649 0.733364 0.947637
0.699825 1.366766 0.206897 0.265410 1.089792 0.999199 1.312419 1.434807 0.623746 1.268897 1.125888 1.456514 0.815802
1.471042 1.275035 0.703854 0.510227 1.027646 1.189280 1.348150 1.451288 1.023868 1.280669 1.178165 0.965456 0.674072
1.348634 0.845925 1.300203 0.638255 0.964949 0.870762 1.184263 0.823207 0.980680 1.166094 1.252378 0.791188 1.015694
1.398149 1.500101 1.407708 0.204061 1.052605 1.014814 1.313120 1.475610 1.358816 0.976922 1.228093 1.473135 1.002901
0.751165 1.426606 0.409736 0.483527 1.342152 0.973284 1.083946 0.994555 0.934260 0.803951 1.093140 1.117198 0.991755
0.436332 1.059814 1.141988 0.725759 1.255220 0.943624 1.274243 0.947485 0.600891 1.430794 1.405967 1.052216 0.690473
1.445836 1.281706 0.849899 0.889996 1.048630 1.035659 1.163336 1.477522 1.179357 0.544729 1.265481 1.493849 0.925378
0.757030 0.763317 1.393509 0.355595 1.207310 0.983855 0.982777 1.266692 0.673149 1.203450 1.081531 0.728542 0.663911
1.050649 0.863045 0.780933 1.034536 1.425323 1.112892 1.007921 1.307681 0.998126 1.416516 1.050413 1.088985 0.572226
1.396584 1.330138 0.598377 0.211533 1.376107 1.383889 1.489268 1.327940 0.869933 0.585990 1.417304 0.816171 0.989309
0.993388 1.479365 0.872211 0.965420 1.305820 0.911863 1.328538 0.942933 1.387641 0.706918 1.044454 1.074539 0.779784
1.208807 1.048584 0.529412 0.420988 1.214257 0.854065 1.440486 1.369251 0.756789 0.620316 1.276585 0.866326 0.526397
0.714894 1.242716 1.334686 0.523531 1.170482 1.460897 1.308880 1.153241 0.778645 0.785186 1.185251 0.559197 0.635157
0.666523 1.445498 1.081136 0.505517 1.119680 1.406557 1.266547 0.838117 1.051771 0.858209 1.008308 0.753101 0.747683
0.792081 0.906943 0.537525 0.830174 1.248247 0.879589 1.290650 0.854587 0.784238 1.101987 1.215301 1.403483 0.699361
0.786753 1.211406 0.841785 0.236116 1.212290 1.362706 1.178643 0.659447 0.674362 1.087476 1.191870 0.776874 0.621475
1.068545 0.982374 1.137931 0.311418 1.179020 1.465240 1.319239 1.323409 0.936407 1.351944 0.992662 1.372364 0.872531
0.328641 1.234437 1.141988 0.880562 1.204821 1.476290 1.070313 1.394667 0.706646 0.961828 1.245525 1.054471 0.909928
1.406118 0.718097 0.460446 0.650412 1.372529 0.869350 1.288362 1.442241 0.721570 1.273734 1.029196 0.998962 0.795778
1.427697 1.399594 0.567951 0.643190 1.069455 1.438616 1.383436 0.812489 1.235870 1.060260 1.073009 0.959701 0.641975
1.264759 1.040434 1.176471 0.606045 1.006152 0.878855 1.498814 1.000305 0.975480 1.210327 1.270257 0.787582 0.665157
1.068031 1.043570 0.267748 0.368290 1.481045 1.165134 1.455272 0.880350 0.707552 1.045166 1.248864 0.687272 0.982639
0.357051 1.307585 1.123732 0.640217 0.979868 1.225560 1.173102 0.970470 0.893907 1.402471 0.980665 0.692908 0.680818
1.350065 0.641156 1.369168 0.648509 1.026736 1.139069 0.980537 1.460868 0.850534 1.189638 1.438444 1.188412 0.860151
0.912274 0.938821 1.111562 0.460836 1.290017 1.467271 0.995259 0.569985 0.676375 1.087767 1.357942 0.752412 0.990407
0.858393 0.533330 1.334686 0.343756 1.436943 1.065144 1.412861 1.005818 0.599954 1.063757 1.336180 0.508396 0.989433
0.593365 1.370217 1.158215 0.265828 1.051663 1.127862 1.337115 1.039048 0.861670 1.280319 1.295667 0.592960 0.636124
1.218689 1.145090 1.446247 0.473731 1.253724 0.993984 1.452149 1.236376 1.118408 1.487383 1.167372 1.042177 0.627352
1.161578 1.038842 0.837728 0.598269 1.009839 1.223459 1.074660 0.990868 1.054528 0.738155 1.247816 1.497802 0.953918
1.040239 1.247377 1.008114 0.215758 1.009496 1.141818 1.322512 1.132030 0.925952 1.115566 1.385119 0.618851 0.824243
0.239935 1.467364 0.515213 0.874591 1.034199 1.229531 1.481132 1.499805 0.803589 0.610583 1.032457 1.128624 0.796140
1.109863 0.785715 1.316430 0.765078 1.398107 1.352927 1.293350 1.412897 0.544642 0.819745 1.402512 1.156598 0.630807
0.954311 1.346071 1.107505 0.715639 1.171100 1.071981 1.339714 0.844761 1.098201 0.911708 1.017296 0.694869 0.572346
0.573149 1.475384 0.880325 0.945187 0.962067 1.354379 1.146318 1.032967 0.745711 0.620607 1.392534 1.333458 0.670433
1.320766 1.065057 1.099391 0.196563 0.961599 1.193054 1.486162 0.501745 0.880977 1.444257 1.445995 1.364342 0.881575
0.330382 1.217918 1.046653 0.682656 1.203358 0.981842 1.132895 1.117961 0.665925 0.922431 1.375180 1.251773 0.781795
0.244907 0.674211 0.853955 0.922323 1.109610 1.185805 1.006350 0.708343 0.588328 1.495075 1.222852 1.442262 0.884126
1.087764 1.480080 0.687627 0.867768 1.408804 0.894270 1.018059 1.244331 0.598079 0.889970 1.155472 1.319926 0.544938
0.743520 1.213003 1.411765 0.346256 0.991881 1.213045 1.399907 0.952889 0.690656 1.285856 1.063070 0.845998 0.602068
1.127435 1.297935 1.073022 0.688041 1.344807 0.993502 0.987078 0.646533 1.055749 0.825981 1.232985 1.358365 0.560549
1.328042 1.473976 0.133874 0.297733 1.131982 1.147903 1.192674 1.308146 0.920359 1.458885 1.445180 0.668959 0.589479
1.184059 1.082472 0.164300 0.722402 0.993719 1.272439 1.394395 1.459697 0.859650 1.207005 0.973250 0.812514 0.578260
0.674600 1.454760 0.653144 0.880118 1.145385 0.844342 1.019798 0.918661 1.125823 0.917536 1.297007 1.430752 0.755631
1.077846 1.151682 0.833671 0.263839 1.483005 1.169704 1.490260 0.678367 0.665468 0.914739 1.250010 0.861550 0.913324
0.542392 1.491645 1.312373 0.762711 1.074428 1.006169 1.394308 0.992863 1.010399 1.149601 1.446345 1.156349 0.536007
0.750357 1.234874 0.807302 1.027439 1.107314 1.215415 1.386885 1.431252 0.802137 1.083455 1.230306 0.842444 0.625401
0.641633 1.397456 0.981744 0.619841 1.444175 1.409619 1.439526 0.810342 1.016676 0.585698 0.978258 0.857515 0.935827
0.545985 0.962703 0.602434 0.218893 1.072433 1.111011 1.116180 0.550394 0.517982 0.663966 1.120220 1.422026 0.953264
0.519043 1.185794 0.592292 0.942008 1.058210 1.245062 1.463776 1.038870 0.763888 1.230375 1.046686 1.267444 0.942977
1.271119 1.318186 1.354970 0.323134 1.486614 1.458391 1.488976 1.208585 0.969372 1.354508 1.043619 1.452502 0.662310
0.519734 0.687863 1.141988 0.945479 1.443637 1.000188 1.009853 1.092673 0.643268 0.576083 1.133362 1.209305 0.619611
0.976971 1.432873 0.395538 0.669990 0.961375 1.263022 1.273198 0.967115 0.937855 0.761058 1.293842 1.486455 0.917754
1.026616 1.440051 0.306288 0.323353 1.455775 0.864846 1.277691 1.306226 0.833434 1.192319 1.441298 0.964403 0.631169
1.025416 1.370070 1.064909 0.333756 1.343827 0.975877 1.035086 0.510951 0.981350 0.645317 1.305140 0.664379 0.835294
1.087116 1.093575 0.172414 0.981780 1.163970 0.988346 1.151198 1.301639 0.910448 1.262195 1.192453 0.749612 0.782710
0.580062 0.775547 1.176471 0.186578 0.998280 1.003779 1.067865 0.550633 0.602913 1.140101 1.135847 1.004672 0.638133
0.985503 1.025258 1.484787 0.601078 1.109505 1.152097 1.106746 0.589355 0.967245 0.793811 1.199344 1.006554 0.694117
0.987533 1.320778 0.472617 0.977077 1.468150 1.356317 1.009910 0.935929 0.939726 0.741011 1.173875 1.135683 0.845577
0.414507 1.113260 0.718053 0.263836 1.291343 1.339097 1.333843 0.814689 0.662234 0.929017 1.094169 0.846158 0.998393
1.356540 1.490380 1.227181 0.136253 1.428119 1.029700 0.980698 1.494987 1.077977 0.996678 1.354933 0.787896 0.894639
1.453770 1.404688 1.423935 0.795313 1.267890 1.284150 1.147193 1.444828 0.802687 1.142666 1.471561 0.637777 0.601124
0.457053 0.860144 0.876268 0.882898 1.257804 1.046919 1.365623 0.790468 0.502316 0.685355 1.366638 1.417238 0.775077
0.541932 1.120754 1.407708 0.436275 1.492507 0.901941 1.008986 0.863638 0.757586 0.547176 1.067923 0.555451 0.517133
0.505787 1.453291 0.533469 0.408375 1.224227 1.500357 1.331503 1.235386 0.795407 1.178216 1.150115 1.032591 0.878012
1.344918 0.837431 1.320487 0.892289 1.154225 1.123036 1.316978 0.851158 0.911479 0.949181 1.279924 1.067845 0.969011
1.248828 1.358348 0.841785 0.867784 1.138118 0.991098 1.395452 1.093726 0.803010 1.296929 1.045250 1.275921 0.556973
1.023108 0.812901 1.407708 0.293950 1.383957 1.121618 1.259266 0.924246 0.830837 1.266333 1.096168 0.555003 0.667444
1.420801 0.644576 0.815416 0.829941 1.193131 1.258634 1.448716 1.168492 0.928534 1.311557 1.159413 1.040355 0.895830
0.212650 0.701900 0.862069 0.742301 1.196693 0.943095 1.258408 0.799369 0.582428 0.829652 1.048200 1.462888 0.732108
0.853261 1.378867 1.265720 0.762965 0.990622 1.376310 1.056029 1.399090 1.187547 1.292150 1.106709 0.870778 0.621177
0.740946 0.836648 0.371197 0.283799 1.463580 1.037520 1.271843 1.116524 0.529054 1.350254 1.108145 1.055667 0.555863
0.606632 0.819896 1.247465 0.772301 1.306630 1.192997 0.979387 0.555555 0.561378 1.199371 1.466533 0.683980 0.817662
0.341526 1.404599 0.606491 0.533340 1.146829 1.451758 1.341184 1.289591 0.511281 1.247625 1.293318 1.178105 0.616583
0.923727 1.335811 0.969574 0.847434 1.165786 1.140989 1.153329 0.772495 1.319782 1.126173 0.983247 1.296537 0.947501
0.787048 1.278169 0.267748 0.852619 0.961026 1.062654 1.132376 1.296585 0.899469 0.569147 1.264394 1.189987 0.650012
0.170028 1.336724 0.245436 0.564996 1.092745 1.488209 1.202932 1.275087 0.516925 0.504691 1.121928 1.076691 0.960054
0.637250 1.127330 0.202840 0.769838 1.134931 1.339862 1.001147 0.636031 0.730995 0.820211 1.469232 0.777722 0.850678
1.338871 1.397446 0.764706 0.261081 1.320056 1.040125 1.299202 0.854124 0.939394 0.984498 1.087258 1.087168 0.514312
1.264508 1.273029 0.977688 0.752299 1.085462 1.218287 1.477446 0.617311 1.126432 0.994813 1.187813 1.475835 0.758736
0.841059 0.751635 1.261663 0.543371 0.996423 1.230400 1.396332 1.402449 0.806523 1.068769 1.034185 1.197195 0.970153
0.582646 0.927198 0.673428 0.614825 0.960904 1.422414 1.336709 1.343989 0.625706 1.291217 1.009551 1.094220 0.949888
0.732362 1.312962 0.430020 0.722551 1.485746 0.932499 1.420757 0.831261 1.067437 0.966373 1.126742 1.129924 0.911987
0.836171 1.250575 0.425964 0.567892 1.413659 1.179666 1.043295 1.444471 0.960491 1.463197 1.030205 1.371964 0.806956
0.334175 1.321079 0.649087 0.638072 1.300337 1.100140 1.388903 1.215179 0.785790 0.913631 0.982723 1.033464 0.696139
0.401946 0.741447 0.332657 0.780615 1.269283 1.175480 1.271293 0.793745 0.572882 1.424092 1.206022 1.221249 0.754411
1.495742 1.059467 0.413793 0.425976 1.371626 1.095858 1.096479 1.249727 0.710689 0.839443 1.205866 0.977203 0.563784
0.153613 1.289417 0.935091 0.285535 1.086250 1.243504 1.086542 1.044746 0.636225 0.936010 1.249951 0.517868 0.641368
1.490038 1.371675 0.255578 0.593368 1.160861 1.399099 1.076337 0.602996 0.941439 1.499913 1.245758 0.646281 0.611306
1.419512 1.221097 0.168357 0.550012 0.987958 1.496051 0.985967 0.984091 1.003713 1.134623 1.136759 1.478253 0.824720
0.716742 0.986720 0.803245 0.146234 0.961298 1.398378 1.256356 1.216657 0.735845 1.336558 1.111601 1.031588 0.830484
1.391580 1.411932 1.176471 0.606045 1.375306 1.113894 1.002004 1.047920 1.111542 0.630923 1.191016 1.382547 1.002606
1.317100 0.476624 0.784990 0.729810 1.455477 1.023804 1.223016 1.352282 0.619747 0.796608 1.001844 1.374874 0.616299
1.300751 1.440187 0.580122 0.345702 1.322231 0.851771 1.358401 1.308820 1.108676 1.412262 1.145378 1.328940 0.928798
0.486109 1.424367 1.146045 0.758089 0.985902 1.091847 1.210400 0.869988 0.978273 0.756046 1.324883 1.010015 0.677051
0.394865 1.385407 0.395538 0.999539 1.319377 0.989589 1.484235 0.855738 0.756551 0.570255 1.294231 1.105047 0.523444
0.725423 1.042289 0.699797 0.847406 1.289726 0.855798 1.318250 0.914098 0.709043 0.623871 1.092014 0.695072 0.786205
0.229975 1.403762 0.876268 0.528363 1.190906 1.334524 1.409270 0.994246 0.954435 1.085494 1.222541 1.450281 0.973182
0.694266 1.258850 0.417850 0.306010 1.261231 1.429962 1.338120 0.592128 0.686447 0.861880 1.204042 1.360757 0.760138
1.279927 1.240111 0.764706 0.885253 0.983067 0.935041 1.221455 0.988714 0.833744 0.980710 1.350507 1.200800 0.883824
1.467870 1.227171 1.223124 0.840493 1.045296 1.408927 1.073330 1.217244 1.254253 1.029547 1.161995 0.551874 0.653751
1.431144 1.296084 0.314402 1.064571 0.968120 1.027991 1.399630 0.648202 1.275935 1.371991 1.034690 0.698132 0.703162
1.383596 1.455628 1.119675 0.972421 1.156181 0.903805 1.352709 0.648858 0.822711 1.067253 1.222406 0.632434 0.697660
0.440337 1.452028 0.403651 0.832009 1.227513 1.073545 1.415962 0.756081 1.025051 0.714144 1.076601 0.859148 0.919095
0.495722 1.153439 1.454361 0.613300 1.170341 0.981791 1.266188 1.010563 0.869401 0.532840 1.460613 0.968463 0.941172
0.993712 0.769579 1.223124 0.510909 1.328271 1.324687 1.008387 1.285001 0.764995 1.027799 0.978317 0.562257 1.007891
0.749122 1.323429 0.969574 0.984755 1.460919 1.201173 0.981023 1.026844 0.900991 1.391748 1.408782 1.224434 0.728215
0.220834 0.966803 1.146045 0.865452 1.272611 0.872135 0.997785 0.722797 0.608762 0.692348 1.402124 1.104709 0.756270
0.342927 1.167783 0.969574 0.984755 1.323079 0.960790 1.361990 1.052711 0.945080 1.276065 1.220523 1.084110 0.743937
0.936381 1.086542 1.141988 0.588435 1.368731 1.134696 1.405899 1.462142 0.866123 0.541757 1.047269 0.802419 0.951930
0.514607 0.880005 1.022312 0.805775 1.413473 0.965119 1.113458 0.883768 0.738985 0.661985 1.315759 1.169096 0.953766
0.607832 0.926581 1.389452 0.420644 1.427790 1.463927 1.160754 1.322336 0.627661 0.623288 1.211515 0.774815 0.938857
1.329618 1.495100 1.446247 0.189081 1.008385 1.326110 1.481346 0.527032 0.591551 1.467218 1.385837 0.841920 0.563047
0.254859 1.451420 1.068966 0.832984 1.128654 0.895243 1.173444 1.432502 0.809132 0.710589 1.411519 1.242174 0.564806
0.806192 0.916605 0.734280 0.889983 1.137449 1.015128 1.381166 0.524561 0.704717 1.048954 1.324630 1.224945 0.658137
1.091486 0.726211 1.046653 0.680159 1.177659 1.209158 1.264930 0.824430 0.651026 1.451017 1.390787 1.053101 0.565215
1.059834 1.207321 1.060852 0.396305 1.013022 1.290952 1.013055 1.403709 1.240976 1.167201 1.033505 1.384851 0.976320
0.897882 1.074963 0.756592 0.830585 1.137590 1.329036 1.158306 0.529798 0.810088 0.825456 1.180436 1.435726 1.020423
1.268859 1.250742 1.215010 0.563602 1.153741 1.500549 1.233585 1.106998 0.996496 1.316219 1.072815 0.927128 1.021857
1.493329 1.447106 0.862069 0.342827 1.194211 1.396588 1.224513 1.443620 1.049343 0.555044 1.103118 0.763844 0.908960
1.020206 0.526397 1.022312 0.528633 1.030929 1.455179 1.086388 1.210049 0.553131 1.100122 1.433494 1.119973 0.790063
0.923313 1.220306 0.557809 0.964343 0.963438 1.075067 1.046251 1.033351 1.170498 1.168833 1.054121 0.737805 1.009764
0.809622 1.122631 1.034483 0.845335 1.266663 1.035085 1.040523 1.326315 1.065386 0.710006 1.038650 0.514570 0.787376
0.534126 1.306986 1.141988 0.453607 1.050116 1.100280 1.185958 1.037651 0.642540 0.670785 1.031875 1.394024 0.624835
1.429771 1.004151 0.133874 0.894398 1.386657 1.002150 1.264449 1.481433 1.162627 0.819570 1.012385 1.149808 0.737473
1.088312 0.584390 0.888438 0.655308 1.362639 0.899370 1.270461 1.280927 0.789561 1.462731 1.055771 1.205670 0.956448
0.619864 0.639068 0.430020 0.747517 1.291052 1.199497 1.220964 0.891209 0.506273 1.116557 1.219261 1.367903 0.826556
1.294084 0.991084 0.904665 0.619835 1.325555 1.043245 1.066283 0.894285 1.092713 1.246809 1.312517 1.268079 0.936850
1.273910 1.144306 1.038540 0.920108 1.040803 1.076451 1.292421 0.909982 1.124876 0.597296 1.200644 1.252642 0.847098
1.061401 1.380643 1.324544 0.230489 1.454718 1.355167 1.180446 1.186819 1.072054 1.412611 1.211632 0.507794 0.768730
1.333644 1.274574 1.440162 0.864709 1.002764 1.471415 1.250254 1.206601 0.885380 1.006352 1.480607 0.589370 0.742232
1.121554 1.074169 0.833671 0.952932 1.311748 1.447164 1.445952 1.364891 0.901473 0.881054 0.986081 1.156704 0.568897
0.251381 1.382780 0.910751 0.391175 1.149091 1.152061 1.345253 1.325195 0.559857 1.033510 1.496816 1.392123 0.699886
0.735646 1.432525 0.452333 0.128883 0.978023 1.377758 1.347616 0.594943 0.774213 1.326709 1.065982 1.244131 0.827656
0.894752 1.092640 0.310345 0.320727 1.192878 1.002527 1.376761 1.092565 0.639004 1.001632 1.161141 0.798080 0.762623
1.057908 1.070395 0.133874 0.984273 1.334840 0.911425 1.055017 0.526155 0.838004 0.550965 1.292115 0.975139 0.723917
0.744010 0.790230 0.174442 0.576018 1.268223 1.364180 1.084095 1.190460 0.583009 0.872895 0.988896 0.997320 0.519485
0.383094 1.337806 0.403651 0.871954 0.980857 1.306804 1.020178 1.104706 0.812743 1.079958 1.478220 1.386083 0.849457
1.030362 1.371130 1.290061 0.707258 1.086993 1.229887 1.231453 1.405155 1.069480 0.886707 1.368172 1.137311 0.714325
0.995795 1.033452 0.896552 0.335468 1.179241 1.216982 1.248460 1.359117 0.578723 0.770091 1.032088 0.503474 0.593565
0.990596 0.773354 0.695740 0.637816 1.418841 1.141693 1.089645 1.209749 0.711155 0.901568 0.981267 0.874298 0.607623
1.043592 1.290290 0.973631 0.829827 1.412167 1.340463 1.059858 1.249803 1.143480 1.326476 1.262628 1.359777 0.620937
0.887420 1.192731 0.217039 1.075197 1.189307 1.475230 1.023364 0.956549 0.971748 1.263127 0.985557 1.258980 0.782451
0.579733 1.367919 0.352941 0.892312 1.498986 0.950991 1.063974 1.266775 0.769343 0.871030 1.294483 0.649616 0.540009
1.064678 1.391436 1.022312 0.129149 1.442423 0.860639 0.993974 1.430748 0.795683 1.180721 1.356583 0.879583 0.880409
0.588404 1.320139 0.515213 1.084306 1.111776 1.092030 1.042728 1.388120 0.854856 1.083105 1.086811 0.619560 0.560051
1.012164 1.243057 1.054767 0.739822 1.251927 1.106115 1.429943 0.574219 0.890802 0.658721 1.306363 0.686193 0.543505
1.032251 1.163421 1.215010 0.655985 1.209879 1.032468 1.125438 1.255310 0.689274 0.733493 1.038126 0.883282 0.594624
0.288263 1.034168 1.316430 0.475441 1.215048 0.865013 1.163678 0.723345 0.723285 0.887289 1.466960 1.102206 0.955175
0.927015 1.330206 0.391481 0.273164 1.034593 1.079829 1.208461 1.465106 0.809683 1.171455 1.136623 0.599454 1.020512
1.278872 1.202556 0.356998 0.293006 1.401319 1.035376 1.170260 1.124098 0.644457 0.712221 1.156909 1.138379 0.883386
1.326714 1.029164 0.691684 0.807719 1.147662 1.323797 1.298818 0.666632 0.569339 0.879888 1.192375 1.270180 0.829123
0.683203 1.455372 0.559838 0.668415 1.398360 1.240321 1.033396 1.322429 1.091634 0.771607 1.117133 1.053219 0.802081
0.765003 0.806847 0.764706 0.965147 1.456688 1.134865 1.406588 0.953628 0.543225 1.391631 1.479656 1.483176 0.513787
1.311886 1.018255 0.665314 0.799836 1.405620 1.408141 1.012860 1.383907 0.553261 0.531907 1.464282 1.007273 0.856924
0.234377 1.443104 0.784990 0.567526 1.272854 1.391272 1.151743 0.917671 0.745211 1.458710 1.477851 1.043434 0.616204
1.131044 0.699930 0.742394 0.542686 0.990369 1.009235 1.363298 0.697385 0.638818 0.956583 1.382420 1.259248 0.749990
0.577883 1.205637 0.371197 0.937902 0.979592 1.281513 1.450820 1.374793 0.946694 1.198030 1.157414 1.291453 0.625615
0.918971 1.269849 1.454361 0.853006 1.397027 1.121342 1.158678 0.885443 0.853594 1.188181 1.191365 0.789857 0.740178
0.401685 0.938813 0.845842 0.310888 1.375755 1.409078 1.326222 1.062676 0.563761 1.339705 1.152968 1.206477 0.742468
1.172373 1.310716 0.430020 0.760000 1.230059 0.969876 1.195490 0.698425 1.114602 1.036424 1.384633 1.003016 0.881473
0.392117 0.940603 0.563895 0.970378 1.373743 1.294951 1.340332 0.978787 0.564684 0.702139 1.494739 1.462997 0.727882
1.017538 0.704788 1.334686 0.391196 1.241032 1.317220 0.996749 0.876933 0.644074 1.059502 1.380926 1.005698 0.913720
0.600887 1.087552 1.458418 0.213662 1.005493 1.158818 1.481474 1.288520 0.626233 0.954834 1.331949 0.600140 0.821613
0.914005 1.200698 1.334686 0.508550 1.180891 1.370087 1.450054 1.114536 0.595340 1.113643 1.374403 0.916835 0.522044
0.447591 1.335888 0.626775 0.203135 1.377897 1.179203 1.007546 0.665908 0.536144 0.593042 0.984858 1.443921 0.666202
0.511824 0.994869 0.340771 0.902687 1.297992 1.000216 1.213727 0.979230 0.741744 0.898304 1.119948 0.823427 0.919029
0.963789 0.980603 1.227181 0.670578 1.464506 1.041449 1.040952 1.341428 0.771723 1.454572 1.340568 1.348281 0.945926
1.435020 1.261154 0.598377 0.156607 1.468032 1.301613 1.055826 1.442756 0.811517 0.731103 1.233801 0.762808 0.916660
0.443910 1.425341 1.369168 0.204060 1.182133 1.213538 1.195793 1.335027 0.922401 0.959555 1.461214 1.176488 0.973691
1.061192 1.142357 1.308316 0.857721 1.170757 0.962897 1.367583 0.581530 1.299884 1.396701 1.055228 1.174739 0.978779
1.197065 1.439802 1.008114 0.824968 1.099310 0.914631 1.020017 1.467485 1.151120 0.997669 1.097080 0.716822 0.771424
0.829683 0.905907 0.229209 0.800189 1.415872 1.253260 1.294553 0.684769 0.687016 1.210036 1.462302 0.684877 0.814932
0.871899 0.502798 1.089249 0.927215 1.087566 1.271778 1.280647 0.601423 0.611779 1.482546 1.263792 1.072351 0.788442
0.922276 0.795988 1.219067 0.456108 1.003020 1.246274 1.107891 1.330222 0.622739 1.466869 1.448305 1.113360 0.746227
1.261011 0.818043 1.369168 0.488707 1.463458 1.258740 1.027646 1.293081 0.978361 1.211376 0.992623 1.210801 0.752133
0.344447 0.726458 0.139959 0.685732 1.499191 1.090035 1.466558 1.401824 0.523811 0.951862 1.249835 1.076756 0.894325
1.402547 1.198667 1.484787 0.413807 1.185073 0.905938 0.985854 0.773828 0.910340 1.205198 1.230675 0.874630 0.636065
0.307628 1.464789 1.012170 0.917218 1.427613 1.332563 1.377165 1.453977 1.102021 1.239058 0.988722 1.218361 0.775382
1.063828 1.167619 1.369168 0.401316 1.479117 1.335152 1.189156 0.556939 0.687750 1.438371 1.244749 1.315752 0.561657
1.242595 1.144759 1.296146 0.471094 1.189192 1.237490 1.455003 1.407789 0.889703 0.883909 1.209691 0.561372 0.759798
0.557349 0.921337 0.610548 0.520727 1.460025 1.245877 1.178288 0.604172 0.505884 1.263360 1.500252 1.327953 0.853779
0.815877 1.465707 0.302231 0.925153 1.214449 1.038985 1.181475 0.854864 1.118565 0.949473 1.498466 0.903967 0.870944
0.392656 0.959597 0.634888 0.787090 1.369663 0.928401 0.979655 1.389986 0.662483 0.649805 1.071670 0.636696 0.578205
0.642181 1.420897 1.253550 0.793316 1.000054 1.064683 1.243312 1.468933 0.689158 0.860481 1.497127 0.698000 0.802053
0.455739 1.141830 0.868154 0.229016 1.140876 1.312078 1.097581 1.066970 0.730000 1.020864 0.989440 0.500553 0.877776
0.308606 1.363858 0.914807 0.440980 1.442170 1.016737 1.078275 0.524600 0.982097 1.023486 1.222794 1.491634 0.858065
1.356348 0.794721 0.606491 0.907837 1.184145 0.849702 0.989821 1.090943 1.001618 1.031762 1.163373 0.605027 0.781015
1.144324 1.287597 0.549696 1.012038 1.287875 1.162979 1.094473 1.090210 0.622092 0.975406 1.197073 1.121878 0.751777
0.225530 0.978826 1.257606 0.873086 1.070950 1.261803 1.086311 0.607367 0.677954 0.898421 0.975133 0.772975 0.592974
0.676446 1.495797 1.154158 0.295919 1.101975 1.106924 1.012510 0.674916 0.748018 0.838744 1.496001 1.490758 0.519412
1.237729 1.418654 0.434077 0.709939 1.393411 1.202689 1.189606 1.055830 1.097476 0.666531 1.223066 1.186370 0.928096
1.214052 1.239350 0.768763 0.830196 1.351103 1.495574 1.320915 0.954713 0.877918 1.181712 1.273479 0.839391 0.585180
0.373740 1.416831 0.468560 0.777479 1.104576 1.245493 1.040313 0.951295 0.597052 0.764031 1.461855 1.351206 0.767691
1.206381 1.344402 0.379310 0.765379 1.048342 1.129012 1.345830 1.191110 0.845833 0.793636 0.988256 1.399199 0.577942
0.757121 1.211521 0.133874 0.694678 1.126236 0.936493 1.410106 1.010272 0.866496 1.338306 1.074698 0.738551 0.564505
1.395794 1.200809 1.158215 0.895025 1.052688 1.477893 1.339311 1.195597 1.078093 0.779008 1.279109 0.880913 0.939056
1.127838 0.694701 1.174442 0.732214 1.376978 1.198243 1.347693 1.361627 0.781364 0.629407 0.982277 1.021636 0.703502
0.792500 0.906311 0.460446 0.650412 1.285636 0.876611 1.234909 1.029429 0.847641 0.914156 1.389292 1.260709 0.967950
1.247936 1.326592 0.752536 0.441231 1.078230 1.039773 1.375153 1.277883 1.279128 1.145113 1.052394 0.744835 1.014977
0.773423 1.023353 0.395538 0.797316 1.047029 1.491698 1.223381 1.210531 0.850098 1.296171 0.980898 1.224495 1.015245
0.889026 1.263741 1.253550 0.493693 1.031371 0.977926 1.298757 1.159385 1.149999 1.080483 1.410723 1.403306 0.939300
1.472238 0.724758 1.135903 0.946935 1.066809 0.957152 1.499545 0.681063 0.675202 1.191736 1.213204 1.305511 0.534491
0.437008 1.180242 1.077079 0.603021 1.164195 1.202448 1.244291 1.064476 0.846512 1.366047 1.474589 0.624277 0.942866
1.478866 0.810719 0.726166 0.790375 1.327986 0.985170 1.364487 0.767403 0.983962 0.770325 1.139030 1.330375 0.854994
1.349143 1.464492 0.711968 0.629807 1.107794 0.913370 1.496659 0.663818 1.204743 1.356897 1.218775 1.067061 0.630037
1.310487 0.885141 1.038540 0.885153 1.007927 1.339634 1.042460 0.833245 1.091256 1.442100 1.077377 1.007360 0.801135
0.872318 1.279157 0.649087 0.925187 1.050597 1.271021 1.479554 1.173911 0.932077 0.595489 1.199849 1.099990 0.897330
0.769194 1.445268 0.726166 0.892739 1.348871 1.239614 1.224454 0.962836 0.718274 1.063232 1.463369 0.505722 0.655494
0.982647 0.727728 0.764706 0.655558 1.418511 1.325849 1.360690 1.094340 0.754859 1.352934 1.205439 1.357832 0.933335
0.759548 0.510078 1.000000 0.243481 1.251690 0.975799 1.392402 1.426584 0.580228 1.206189 1.283340 1.034927 0.928996
0.765837 1.202073 0.283976 0.697315 1.123257 0.969155 1.262030 1.466553 0.854253 1.345475 1.122510 0.573480 0.521503
0.954581 1.187975 0.718053 0.613370 1.246877 1.340453 1.394247 0.541505 0.951973 1.165453 1.006639 1.149149 0.828242
0.706615 0.879146 1.292089 0.306430 1.208748 1.171041 1.284889 0.829855 0.713215 0.827204 1.044085 1.243233 0.906493
1.209265 1.381510 0.730223 0.533088 0.976265 1.374044 1.092615 1.166362 0.969914 1.086951 1.470435 0.876601 0.654385
1.459494 1.283297 1.304260 0.870335 1.063168 1.015620 1.289482 1.445875 1.441260 0.785302 1.051306 0.677736 0.963227
0.588620 0.869395 0.880325 0.955174 1.266400 1.235996 1.201764 1.257284 0.707821 1.140568 1.088597 0.741613 0.796223
1.170136 0.737567 1.085193 0.882402 1.140203 1.221446 1.352547 1.095767 0.794964 1.315578 1.104923 0.873022 0.821050
0.252906 1.299450 0.507099 0.220739 1.022823 1.494498 1.193044 0.716892 0.577979 0.861297 1.288310 1.245060 0.768863
1.250911 1.261062 0.425964 0.997305 1.422419 1.092903 1.094672 0.755267 0.981619 0.859083 1.155239 1.428534 0.545921
0.635737 1.071236 1.253550 0.271473 1.265593 1.021298 1.030540 0.573810 0.573115 0.665773 0.978608 1.071289 0.516706
0.438294 0.848660 0.395538 0.709936 0.970147 1.084952 1.299074 0.933889 0.567535 0.504283 1.105466 1.104959 0.586925
0.948181 1.299494 1.407708 0.288956 1.142467 1.375305 1.245769 0.566616 0.756929 0.566408 1.157161 0.871859 0.856185
0.374752 1.142224 0.675456 0.241494 1.368651 0.853804 1.292598 1.010083 0.659427 1.249082 1.461331 1.125295 0.995258
1.143933 0.888101 1.253550 0.735888 1.321154 0.919038 1.093332 1.408057 1.108858 0.507780 1.030594 1.260565 0.917142
0.571231 1.156175 0.442191 0.846991 1.250412 1.078563 1.077593 1.410630 0.771510 1.381491 1.268587 0.900542 0.698487
0.915448 1.398492 1.432049 0.757601 1.398193 1.059368 1.058785 0.776298 1.231026 0.977912 1.214563 1.136631 0.839154
0.526472 1.221818 0.217039 0.535945 1.308670 1.092353 1.289000 1.171189 0.753610 0.868582 1.154618 1.218134 0.881265
0.636216 1.045029 1.204868 0.764936 1.210032 1.125732 1.424697 1.341600 0.804500 1.379043 1.340839 1.139260 1.001291
1.249922 1.241530 0.460446 1.017412 1.132990 1.241334 1.460042 0.966503 1.208283 1.472755 1.037737 1.012118 1.005986
1.180329 0.456953 1.369168 0.665987 1.416023 1.094123 1.355934 1.445119 0.664263 0.895798 1.461156 1.404187 0.910078
1.013934 1.113882 0.596349 0.901932 1.162369 1.065626 1.114947 1.009593 0.937273 0.545778 1.160655 0.583184 0.883090
0.442060 1.439420 1.316430 0.340610 1.418114 1.235421 1.426298 1.474532 0.652159 0.738738 1.439725 1.029325 0.671274
0.605446 1.447723 1.064909 0.885546 1.494269 1.141163 1.273790 1.086807 0.982892 1.441692 1.150755 1.322057 0.965772
0.871416 1.382088 1.312373 0.742736 1.058863 1.418934 1.329433 0.668658 0.994568 0.673000 1.073184 0.915320 0.832143
0.121214 1.437584 0.387424 0.335709 1.469992 1.089835 1.277520 1.161915 0.576815 0.735358 1.228676 1.096952 0.957089
0.148618 1.219938 1.012170 0.380414 1.175971 1.180198 1.438959 1.095007 0.720003 1.488024 1.237275 1.259412 0.820674
0.863158 0.976276 1.016227 0.942056 1.360731 1.136246 1.238936 0.801965 0.643949 1.072090 1.428097 1.402481 0.590660
0.532925 0.781218 1.253550 0.226529 1.056333 1.000072 1.288109 1.283856 0.676423 1.480156 1.167003 0.615963 0.727448
0.500848 1.084479 0.734280 0.323238 1.203909 1.428611 1.001426 1.164937 0.538838 0.565126 1.048298 0.757399 0.697341
0.608797 1.437151 0.168357 0.971923 1.223983 1.414469 1.031455 1.111034 0.913406 1.295996 1.162830 0.975804 0.748625
1.233482 1.480257 1.180527 0.486068 1.195617 1.312304 1.041849 1.236897 1.224238 1.456845 1.432290 1.463219 0.741964
0.923982 1.304315 0.837728 0.515877 1.451611 0.938666 1.379525 1.403348 0.883461 0.835771 1.027022 0.973120 0.780909
1.377605 0.906470 0.618661 0.510482 1.227407 1.083036 1.186106 1.348932 1.005674 1.431727 1.360873 1.411427 1.024542
0.966703 0.917109 0.379310 0.543184 1.398292 1.440650 1.224274 0.893869 0.800708 0.978262 1.092363 0.599110 0.783101
0.830633 1.159545 1.436105 0.208150 1.268979 0.978182 1.244660 1.457047 0.622446 0.923597 1.092849 0.563984 0.514590
0.628230 1.153588 0.318458 0.467764 1.445132 1.080471 0.991352 1.203324 0.839891 0.999592 1.114144 0.820552 0.810676
0.263849 0.960788 0.172414 0.704666 0.979198 0.845724 1.394532 1.099886 0.531279 1.024011 1.039892 1.139911 0.775215
0.578008 1.096060 0.379310 0.985078 1.256626 1.483503 1.457364 0.709019 0.777565 0.889737 1.201304 1.270691 0.829318
1.399322 1.144185 0.275862 1.064566 1.300401 1.145106 1.316292 1.414682 1.057396 0.781164 1.457914 1.109159 0.952576
0.903344 1.396531 1.253550 0.251498 1.102882 1.347914 1.067246 1.032366 0.913515 0.606387 1.363163 0.628146 0.847270
1.021342 1.160027 1.008114 0.987257 1.480865 1.204686 1.060050 1.297256 0.948293 1.372574 1.008037 1.348607 0.829714
0.830800 1.307257 0.977688 0.597500 1.112298 1.444915 1.354912 0.927114 0.744535 1.451192 1.286873 0.676081 0.552267
0.182008 1.394992 0.371197 0.510988 1.373337 1.125193 1.186431 0.788671 0.715761 0.831983 1.104457 0.957502 0.591911
0.656784 1.409898 1.419878 0.782958 1.126053 0.919154 1.213343 0.823035 1.202718 0.870622 1.274896 0.655823 0.869658
1.387817 1.220501 0.521298 0.995470 1.070515 1.120462 1.319038 1.046332 1.275420 1.309692 1.119890 0.942423 0.974042
0.971753 1.406527 0.780933 0.872251 1.083758 0.972341 1.379503 0.778993 1.289148 0.508596 0.971794 1.466164 0.633358
1.449327 1.322579 0.876268 0.268704 1.008244 1.066080 1.256219 1.021263 1.087413 0.604522 1.012346 0.699326 0.906263
0.127777 1.374225 0.630832 0.802200 1.416160 1.138271 1.451676 0.606988 0.657344 0.806690 1.239760 0.830447 0.570906
0.789821 0.691318 0.237323 0.612689 1.469150 0.947913 1.068636 0.916217 0.632965 1.158051 1.346702 1.146674 0.681613
1.166123 0.754594 0.326572 0.822016 1.162465 1.314973 1.016544 0.829144 0.752510 1.223440 1.059654 1.143722 0.575649
1.145403 1.401942 0.862069 0.859646 1.266577 1.238904 1.232811 0.537184 1.250844 1.265925 1.038164 1.403641 1.004143
1.371978 1.222827 0.896552 0.637572 1.310454 1.228425 1.116297 1.440742 1.022628 0.877440 1.462069 0.979028 1.009578
0.973882 1.148266 1.162272 0.909876 1.226164 1.316404 1.274449 1.209316 0.936971 0.784894 1.449567 0.663543 1.020975
0.499071 1.203068 0.371197 0.466049 1.114712 1.452681 1.084507 0.500861 0.763098 1.169998 1.084831 1.080995 0.809084
0.875736 0.991885 1.223124 0.680695 1.200924 1.358704 1.051143 1.257022 0.861015 0.865668 1.272256 1.289388 0.921864
1.422219 1.007009 1.239351 0.715133 1.141330 0.972555 1.298979 1.341723 1.070464 1.271578 1.249524 1.384241 0.922703
0.129310 1.277300 0.945233 0.333881 1.226104 1.464745 1.135186 0.998490 0.500988 1.440760 1.248534 0.772209 0.630714
1.003116 1.292974 0.983773 0.466211 1.103698 0.875704 1.478466 0.916982 1.086995 1.376945 1.288465 0.791400 1.019630
0.843939 1.393652 0.618661 0.515475 1.322122 1.155287 1.098990 0.799587 1.133189 1.481089 1.123170 0.730139 1.011793
1.435339 1.241122 0.202840 0.659991 1.098004 1.165195 1.298349 1.497884 1.054319 0.776036 1.444384 0.809025 0.690156
1.009446 0.986499 1.111562 0.313524 1.295449 0.933825 1.283249 1.188766 0.701367 0.758494 0.984684 0.790354 0.748657
1.192166 0.505624 1.450304 0.710810 1.073596 1.371092 1.137736 1.440590 0.672460 0.604173 1.229763 1.123567 0.933224
1.424702 0.836751 0.290061 0.498631 1.405735 1.099054 1.477870 1.319824 0.566521 1.296113 1.261269 0.777913 0.841002
0.897323 1.337425 0.263692 0.405868 0.962736 0.936039 1.396407 0.743968 0.762241 1.065272 1.376500 1.493394 0.665445
1.321256 0.530338 1.369168 0.206557 1.414780 1.071682 1.300648 1.491475 0.615353 0.770325 1.049928 0.947590 0.923124
1.345795 0.800013 1.454361 0.625785 1.183296 1.438395 1.323387 0.658464 0.683046 1.217437 1.160791 1.172409 0.705429
1.432243 1.406655 1.292089 0.136643 1.153898 0.894554 1.254710 0.928659 1.131837 1.367446 1.368657 0.997551 0.899602
0.201354 1.289393 0.403651 0.687207 1.261837 1.357384 1.494325 1.134360 0.628707 0.720497 0.981073 1.272860 0.856290
0.239721 1.339879 0.862069 0.902090 1.479911 1.351270 1.207587 1.146338 0.854124 1.427531 1.500485 1.472842 0.898045
0.725866 1.333371 0.413793 0.148855 1.049783 0.938912 1.176548 0.739058 0.576512 0.882802 1.076232 1.267261 0.757537
1.442606 1.203840 0.417850 0.320990 1.395134 0.947434 1.320030 1.498733 0.979901 0.599744 1.011084 1.176245 0.694418
1.373535 0.943215 0.482759 0.458695 1.344195 1.375461 1.297513 1.458742 0.886047 1.144997 1.210758 1.258283 0.899671
1.046783 1.154947 0.302231 0.288531 0.965196 0.999044 1.013931 0.788587 0.761131 1.210094 1.187561 1.444355 0.970382
0.537431 0.798572 1.292089 0.276468 1.275141 1.163565 1.495779 0.656152 0.637751 1.011364 1.295221 1.282923 0.915930
0.818267 1.488861 0.665314 0.867246 1.434771 1.241557 1.012357 0.964523 0.842547 0.822134 1.488586 1.357518 0.653108
0.888664 0.847069 1.204868 0.904758 1.495739 0.948040 1.225210 1.486181 0.640594 1.370360 1.128955 1.018647 0.665946
0.345570 1.083330 1.223124 0.371086 1.142714 1.268828 1.253080 1.440997 0.515067 0.929308 1.269946 0.931008 0.566467
1.146630 0.660001 0.314402 0.645149 1.034919 0.957772 1.382010 0.865587 0.577061 0.869689 1.009260 0.709654 0.943744
0.956135 1.490408 1.123732 0.832471 1.224714 1.135497 1.035930 1.031964 1.135806 0.698059 1.210991 0.630168 0.576360
0.654914 1.497501 0.876268 0.795513 1.272671 1.415064 1.020969 1.315299 0.703177 0.557200 1.288951 1.028244 0.581322
0.763205 0.911046 0.987830 0.428630 1.187110 1.265225 1.151153 0.912004 0.596379 0.821610 1.320728 0.808855 0.558712
0.817095 0.992755 0.949290 0.535988 1.227237 1.289513 1.390679 0.739901 0.871173 1.446005 1.029021 0.978774 0.699608
0.569347 0.700237 0.669371 0.452672 1.145827 0.896731 1.244629 1.456127 0.714522 1.234862 1.148309 1.370847 0.999811
1.310310 1.149352 0.348884 0.290769 1.215560 0.933334 1.330797 1.107435 0.728104 1.035375 1.344702 0.854880 0.720445
0.125931 1.192656 0.807302 0.620477 1.263982 1.087330 1.013554 1.256332 0.669610 1.303456 1.245836 1.319322 0.614013
0.471965 0.754309 0.961460 0.425743 1.125528 0.893403 1.470556 1.461311 0.549472 0.625677 1.320476 1.280863 0.684314
1.476882 1.135613 1.192698 0.388303 1.199050 1.222693 1.027879 1.451404 0.813936 0.902267 1.241973 0.703900 0.862584
0.183277 1.101318 0.939148 0.834687 1.367988 0.856173 1.108569 1.346940 0.775883 0.721895 1.055732 1.328519 0.957637
0.600481 0.636911 0.251521 0.710835 0.973718 1.429089 1.451363 0.772966 0.602683 1.426249 1.036126 1.316431 0.769418
0.508110 1.461190 1.060852 0.224027 1.231081 1.366452 1.018686 1.399332 0.931786 0.993706 1.105816 1.401866 0.923912
0.148099 1.308838 0.961460 0.423246 1.482390 1.439776 1.245357 0.852710 0.643114 1.084970 1.465679 0.945890 0.804109
0.226713 1.169542 1.253550 0.923152 1.017244 0.909867 1.213890 1.172022 0.713086 1.039221 1.156326 1.408976 0.829843
1.086678 1.082678 0.452333 0.450944 0.983666 1.443271 1.281964 0.688168 0.925660 1.271986 1.339422 1.145691 1.021675
1.381048 1.170101 0.206897 0.754729 1.377327 1.200935 1.107624 1.354605 0.778491 0.576490 1.161044 0.659271 0.643852
0.921903 0.398629 0.807302 0.745312 1.454856 0.880086 1.319395 1.143281 0.504487 0.563320 0.995943 1.310124 0.652298
0.653194 1.030042 0.434077 0.702449 1.011834 1.029419 0.998023 1.392701 0.772106 0.801154 1.061381 0.632192 0.538063
1.369999 1.341894 0.626775 0.637551 1.331547 1.220249 1.398274 1.084831 0.842021 1.267090 1.290601 1.024187 0.751335
1.305144 1.414543 0.673428 0.901940 1.498336 1.280255 1.045980 1.100554 1.018837 0.639256 1.271674 1.202299 0.989074
1.000296 1.330348 0.310345 0.752631 1.305637 1.457840 1.435216 0.626961 0.584982 1.168716 1.477598 0.549371 0.624893
1.321036 1.361423 0.610548 0.211144 1.264671 1.247960 1.461938 1.316844 0.801728 1.489306 1.297647 1.446336 0.516392
1.391219 0.975865 1.081136 0.782660 1.049915 0.939516 1.403449 0.589477 0.999292 0.659596 1.304597 0.662877 0.653157
0.434596 1.122896 1.219067 0.496058 1.404563 0.944161 1.008600 1.445425 0.754441 0.733609 1.048725 1.306664 0.926598
0.572922 1.110666 1.346856 0.228511 1.407385 1.482768 1.428713 0.504506 0.657864 0.625386 1.050821 0.823686 0.959531
0.627511 1.250101 0.657201 0.522967 1.146250 1.005778 1.313814 0.888820 0.856589 1.493852 1.270451 1.353763 0.600242
1.043350 1.108972 1.158215 0.495535 1.038167 1.190107 1.320621 0.556717 0.630495 1.212425 1.468125 1.391560 0.607771
1.075199 1.267967 0.241379 0.982047 1.442884 1.190476 1.007247 0.847180 1.326270 1.303106 1.015122 1.320155 0.996720
0.582583 0.606308 1.058824 0.809603 1.136616 1.244588 1.347267 1.496559 0.556193 1.406143 1.238265 0.909230 0.883678
0.844321 0.989007 0.430020 0.937258 1.002226 0.887987 1.051048 1.404906 0.831907 1.236669 1.166770 0.761603 0.950210
1.299896 1.265962 0.271805 1.074682 1.194505 1.384072 1.071497 0.794990 1.273629 0.951979 1.081473 1.283030 0.948954
0.969834 1.202345 0.328600 0.258962 1.153395 1.052399 1.151973 1.334735 0.798048 1.408882 1.342819 1.220243 0.968604
0.666901 1.314136 1.373225 0.613423 1.010739 1.342699 1.279107 1.305229 0.515336 1.345125 1.223279 0.904767 0.649356
0.639802 0.901435 0.395538 0.762364 1.267025 1.022503 1.121978 1.179520 0.739908 0.824757 1.316419 1.084860 0.807155
0.804899 0.767847 0.991886 0.875421 1.152614 1.275448 1.060876 1.100634 0.626024 1.118655 1.226502 0.761407 0.535904
1.406817 0.744195 0.645030 0.468430 1.469025 0.901636 1.043075 1.052564 0.635666 1.500262 1.367026 0.923805 0.554764
0.793955 1.459674 0.772819 0.535457 1.350722 1.491155 1.363906 0.571733 0.627829 0.764905 1.169352 0.801315 0.846657
0.681789 0.934734 1.369168 0.551130 1.181441 1.227728 1.269208 0.701200 0.543709 0.863104 1.327328 0.627546 0.528486
1.214123 0.561587 0.576065 0.665400 1.478934 1.114362 1.169656 0.752355 0.591675 0.617635 1.135284 1.090381 0.776572
0.727451 0.859958 0.178499 0.356194 1.333277 1.312728 1.089383 1.151258 0.538547 1.479632 1.369104 1.216958 0.706424
0.837117 1.483457 1.419878 0.523279 1.130156 1.021706 1.286056 1.348020 1.105631 1.067486 1.231820 1.386420 0.795251
0.303978 1.376455 0.529412 0.543322 1.033824 1.342722 1.172081 1.332838 0.750643 1.057404 1.437085 0.911756 0.622823
0.833695 0.954429 1.373225 0.158987 1.069874 1.357123 1.161366 0.972069 0.724250 1.094469 1.347342 0.722590 0.918858
1.020750 0.981774 0.210953 0.782061 1.126966 1.136605 1.286586 1.043503 0.743269 0.681333 1.099546 1.270713 0.624045
0.422564 1.256855 0.344828 0.358306 0.991305 0.935822 1.450264 0.508499 0.558375 1.455621 1.389350 0.625159 0.706886
1.298814 1.255306 1.415821 0.730652 1.190672 1.436161 1.469549 0.891465 1.189092 1.021446 1.016151 0.650663 0.773606
1.426036 1.273211 1.277890 0.652715 1.385882 1.131188 1.099250 0.756796 0.751028 1.434816 1.472551 0.924452 0.523117
1.415684 1.205710 0.981744 0.614848 1.455871 1.220026 1.320848 0.858528 1.038518 0.527187 0.975890 1.061677 0.618065
1.210185 1.247987 0.294118 0.513480 1.201430 0.853150 1.198930 1.491079 1.095309 1.427472 1.330240 1.217747 0.847401
0.952163 0.730766 0.336714 0.528332 1.123571 0.947137 1.156855 1.192766 0.556319 0.816656 1.399018 1.054195 0.521968
0.814342 1.302059 0.133874 0.769573 1.071520 0.961950 1.238488 0.809900 1.086542 1.093304 1.140040 1.124576 0.837447
1.376681 1.210984 0.379310 0.186173 1.060660 1.049217 1.211802 1.031938 0.806295 1.152573 1.360038 0.850170 0.844398
0.527636 0.764858 0.434077 0.412845 1.404182 1.032859 1.079213 1.214150 0.537855 0.793753 1.338704 0.656861 0.789229
0.803249 0.716971 0.164300 0.767339 1.285290 1.338993 1.263631 0.610562 0.657028 0.724226 1.120433 0.712575 1.005385
0.632643 0.915982 0.444219 1.037904 1.415421 1.286129 1.027185 0.925560 0.629765 0.783321 1.310459 1.372916 0.777231
0.390722 1.172114 1.219067 0.570963 1.457604 1.045648 1.281585 0.538466 0.555988 1.105659 1.449858 1.367243 0.593434
1.422953 0.975151 0.490872 0.473415 0.976924 0.960563 1.432121 1.224050 1.013983 1.023311 1.407617 1.117912 0.898956
0.783959 0.841686 0.456389 0.483270 1.352573 0.851349 1.319516 1.216488 0.500836 0.885833 1.041251 0.979762 0.701881
0.878158 1.436058 0.529412 0.560799 1.249144 1.132112 1.444562 0.791087 0.910840 1.418381 1.219358 1.235131 0.714694
0.835197 0.845047 0.606491 0.376052 1.238008 0.987958 1.415415 1.424142 0.543098 0.515764 1.359320 0.808324 0.578800
0.983439 0.912000 1.215010 0.164107 1.442010 1.076944 1.237809 0.693563 0.518552 1.285564 1.291804 1.495948 0.580485
0.999318 1.079221 1.192698 0.745350 1.365269 1.077759 1.223211 0.841074 1.032126 1.466402 1.157802 1.195081 0.763551
0.258819 1.408657 0.498986 1.027403 1.356359 1.403362 1.154365 0.891371 0.641847 0.742001 1.145475 0.891746 0.647495
0.421899 1.231500 1.411765 0.343759 1.138269 1.022597 1.440067 1.260788 0.762028 1.365814 1.001126 0.500819 0.946916
0.514371 1.182094 0.760649 0.932820 1.359024 1.133007 1.426788 1.054041 0.697420 0.705111 1.144757 0.885939 0.768046
1.466415 1.282799 1.137931 0.293940 1.074688 1.088523 1.221877 1.066053 0.749109 1.296870 1.178029 0.875877 0.550392
1.252926 1.168994 0.718053 0.525987 1.264978 1.244962 1.463359 1.361977 0.944260 1.187249 1.160054 0.836583 0.763650
0.325753 1.086985 1.446247 0.201565 1.337793 0.852299 1.340454 1.446796 0.633397 0.669619 1.470921 1.428031 0.632100
1.151444 0.875003 1.373225 0.610926 0.975877 0.854700 1.225115 0.840868 0.809482 1.003788 1.240867 1.444124 0.787357
1.125740 0.726988 0.602434 0.448584 1.233242 1.315892 1.405192 1.173527 0.589033 0.550090 1.428874 1.486081 1.010884
0.505101 0.609140 1.290061 0.317748 0.976726 1.314787 1.074038 1.051039 0.504320 1.301882 1.031098 1.206739 0.993553
1.465260 0.619097 0.521298 0.598507 1.241419 0.933879 1.138574 1.446341 0.550910 1.059036 1.373005 0.722133 0.737391
0.937253 1.172441 0.251521 0.396271 0.964526 1.370323 1.270045 1.411615 0.749969 1.494551 1.205905 1.310731 0.919341
0.375851 0.992845 1.131846 0.587525 1.123094 0.884399 1.134215 0.843650 0.696058 1.335043 1.203187 0.530748 0.825325
1.045498 1.015767 1.251521 0.227860 1.240167 0.870550 1.241050 0.925004 0.872111 1.136080 1.387623 1.422399 0.758816
1.386035 1.268629 0.198783 0.472881 0.998722 1.106143 1.138507 0.653954 0.600999 0.537910 1.264511 1.182510 0.585001
0.210979 1.439181 1.103448 0.585935 1.235580 1.216495 0.979803 1.374096 0.965678 0.806166 1.306305 1.124211 0.936925
0.321605 1.395234 0.267748 0.518082 1.008884 0.961798 1.432569 1.493958 0.729730 0.611691 0.979675 1.023775 0.735226
1.264424 1.235206 0.438134 1.031869 1.337902 1.194824 1.268648 0.519205 1.081425 0.823008 1.027526 1.335856 0.557601
1.172043 1.220035 0.365112 1.071675 1.278958 1.119604 1.021165 0.762762 1.201474 1.320182 1.000524 0.949731 0.625183
0.204310 1.492033 0.640974 0.341230 1.000711 1.132402 1.139458 1.408382 0.614675 0.612915 0.984315 1.256500 0.768712
0.909970 1.449645 0.395538 0.802309 1.336598 1.412696 1.449603 1.367191 1.013330 0.680168 1.478161 1.160927 0.851160
0.711367 1.411064 1.389452 0.465588 1.463298 1.422623 1.229711 0.724739 0.560422 0.687453 1.341713 0.975997 0.708948
1.455279 1.300567 0.515213 0.807183 1.176423 1.295620 1.352024 0.635685 1.085118 0.539425 1.459817 0.976879 0.942221
0.630622 1.153707 0.679513 0.406145 1.013672 1.212505 1.422050 0.651648 0.513649 0.995279 1.430213 1.440671 0.638113
0.729046 0.994553 1.103448 0.236383 1.281187 1.063134 1.039028 0.920238 0.716256 1.359520 1.188920 1.194669 0.923047
0.283547 1.477459 0.849899 0.765160 1.412878 1.053732 1.287921 1.176597 1.083425 0.855761 1.094227 1.391227 0.801821
1.208022 1.405070 0.807302 0.345840 1.319816 1.045112 1.176019 1.401603 0.930870 0.872021 1.225686 1.431423 0.727646
1.058733 0.699049 0.237323 0.645144 1.050824 1.031772 1.034686 0.545782 0.529442 1.449618 1.196083 1.335193 0.916486
0.242337 1.064190 0.943205 0.944414 1.357115 1.021130 1.059703 0.960825 0.632245 1.458185 1.413713 0.881358 0.521187
0.928680 0.707288 0.630832 0.959488 1.006806 1.186179 1.308993 0.963652 0.832920 0.949939 1.099158 0.604807 0.841546
1.446764 1.140212 0.829615 0.865676 1.445478 1.347535 1.394582 1.366434 1.187937 0.684189 1.099313 1.394310 0.825368
0.884035 1.352270 1.137931 0.311418 1.423267 1.203122 1.473098 0.554496 0.827235 0.893234 1.270684 0.907465 0.691436
1.158165 1.489772 0.405680 0.164094 1.187238 1.020455 1.181072 0.622950 0.532529 1.304621 0.973328 0.882097 0.689420
1.370759 0.996463 1.432049 0.655227 1.034506 1.451851 0.998689 1.493187 1.130881 1.390582 1.299375 0.882277 0.728131
1.167520 1.026456 0.403651 0.906906 1.463000 0.865330 1.265611 1.190215 0.774731 0.856110 0.990372 0.953512 0.682863
1.264126 0.725191 1.050710 0.577662 0.992794 1.019189 1.478844 1.264911 0.556567 1.159275 1.435959 1.232262 0.821803
1.395744 1.426669 0.945233 0.860695 1.457059 1.455728 1.062011 0.737505 1.298589 1.477359 1.141864 0.672608 0.836595
0.720857 0.608549 1.223124 0.593305 1.452893 1.496335 1.483670 0.983061 0.614157 1.431960 1.056878 0.902586 0.919785
0.734554 0.601854 0.918864 0.578171 0.967063 1.203567 1.391708 1.033866 0.638128 1.286380 1.028187 1.366625 0.656979
0.529743 1.438896 0.314402 0.445425 0.989258 1.396159 1.244839 1.439569 0.792627 0.901101 1.125364 0.614378 0.626538
0.531256 1.030373 0.991886 0.540855 1.294956 1.081459 1.483108 1.291237 0.659232 1.494143 1.029701 0.996888 0.720264
0.276639 1.228879 0.182556 0.810432 1.318073 1.374742 1.489596 0.835973 0.684219 0.684364 1.081027 1.248803 0.663572
0.968620 1.488724 1.077079 0.583047 0.987244 1.163731 1.413527 0.667571 0.933297 0.838510 1.415926 1.136370 0.736841
1.343195 1.381056 0.494929 0.313502 1.394529 1.433816 1.010138 0.644017 0.782155 1.158226 1.457526 0.796086 0.897149
1.437675 1.173931 1.150101 0.403411 1.012571 0.998599 0.989928 0.733598 1.264784 1.373274 1.088461 0.973952 0.857635
1.308948 1.458953 1.377282 0.833021 1.029914 0.983125 1.253373 0.969163 0.821059 1.354216 1.382071 0.843280 0.616382
1.069391 1.230139 1.407708 0.326410 1.484385 1.213217 1.295351 1.185794 0.934487 0.617052 1.456070 1.015029 0.922202
1.465962 1.244747 1.150101 0.438367 1.464906 1.070484 1.198167 1.385175 0.953447 0.781631 1.104554 0.926385 0.574244
0.218941 1.193044 0.858012 0.470289 1.308411 1.300185 1.363463 1.160505 0.588866 1.321581 0.995768 1.182369 0.671770
0.732563 0.792043 0.926978 0.430605 1.088043 1.148703 1.305837 1.083328 0.651720 1.354391 1.302112 0.888231 0.657687
0.285268 1.289600 0.221095 0.293652 1.463385 1.135568 1.444118 1.200952 0.678488 1.334518 1.086870 1.289717 0.918912
0.418739 1.450307 0.507099 1.079572 1.438144 0.894861 1.340762 1.068607 0.947122 0.793111 1.494875 0.791790 0.745823
1.038855 1.465448 0.811359 0.388155 1.207890 1.022979 1.145978 0.701932 1.126764 0.677429 1.081415 0.842540 0.902757
0.797411 0.773274 0.288032 0.881929 1.229835 1.425671 1.227813 1.431397 0.676806 1.006469 1.231044 0.535124 0.644212
0.658548 0.704065 0.961460 0.825223 0.987852 1.289696 1.487650 1.460445 0.797615 1.404569 1.047405 0.810784 1.023013
0.691794 1.477064 0.460446 0.882596 1.241598 1.385445 1.231472 1.166556 0.820166 1.185559 1.437687 1.365976 0.981627
0.243795 1.496646 0.521298 0.423744 1.485945 1.251694 1.103904 0.963758 0.776468 1.092838 1.211418 1.108579 0.757186
0.682525 1.044662 0.730223 0.979993 1.188132 1.377671 1.330295 1.498920 0.555679 0.536861 1.463330 1.430118 0.606583
1.059050 1.060274 0.922921 0.735336 1.325718 1.379309 1.497386 1.296697 0.987338 1.130835 1.203498 1.082810 1.015597
1.385787 1.348214 1.251521 0.857064 1.380405 1.393714 1.258935 1.138425 1.138580 1.380383 1.071631 0.594204 0.727587
1.385530 1.097928 0.237323 0.527807 1.075107 0.845231 1.068582 1.383082 1.046431 0.794510 1.430640 0.794439 0.830415
1.289917 1.283198 0.480730 0.934376 1.226414 0.882520 1.406316 0.875046 1.459898 1.307594 1.033447 1.172039 0.738389
1.462937 1.063362 0.172414 0.305224 1.382163 0.917724 1.378958 0.687010 0.688796 1.022262 1.105272 0.995334 0.984000
0.836642 0.845281 0.914807 0.548340 1.346405 0.942978 1.049841 0.943631 0.696092 0.807972 1.043755 0.827561 0.779557
0.975525 1.461467 0.460446 0.820181 1.287759 1.469665 1.395288 0.512792 0.965320 0.684888 1.466359 1.090182 0.765824
0.822667 1.494265 0.168357 0.924490 1.432984 1.445290 1.058558 1.436666 0.530868 1.254619 1.093023 0.932991 0.576947
1.403937 1.264233 0.991886 0.680673 1.429833 1.188670 1.267055 1.112375 1.158246 0.802727 1.454964 1.420743 0.750094
0.240517 1.486386 1.223124 0.590808 1.303985 1.240169 1.177748 1.311356 0.895131 1.421586 0.973425 0.862113 0.737073
0.104938 1.331442 0.464503 0.180922 1.368686 1.061688 1.144642 1.279108 0.534924 1.431843 1.281341 1.057808 0.667345
0.567594 1.377491 0.480730 0.435056 1.370012 0.925635 1.354029 0.589888 0.869232 0.668687 1.182416 1.444804 0.871124
1.189930 1.353542 0.206897 0.457643 1.470370 1.046117 1.476279 1.336996 0.779160 0.611050 1.261871 1.365643 0.580845
1.350989 0.744757 0.703854 1.014553 1.047368 0.902810 1.111358 1.307775 1.044298 0.884842 1.049385 0.886798 0.657070
0.319509 1.473095 0.133874 0.435041 1.260780 1.364536 1.223500 0.740828 0.708420 1.346465 1.135322 0.688921 0.687581
0.693115 1.118568 0.722110 0.243733 1.314214 1.293556 1.246545 1.217474 0.527403 0.636634 1.038980 0.644509 0.605101
0.402659 0.732991 0.953347 0.827978 0.969094 1.126305 1.475865 0.513342 0.581303 1.201352 1.178534 0.569449 0.661378
0.845245 1.015933 1.458418 0.695570 1.391125 1.089150 1.393362 1.069711 0.845139 1.145521 1.454440 0.914582 0.834847
0.968793 1.403503 0.172414 0.577344 1.240618 1.406212 1.398586 0.897492 0.940872 1.197447 1.040746 0.660293 0.566574
0.109357 1.376919 0.906694 0.231513 1.331275 1.239093 1.176647 1.407352 0.511175 1.468967 1.006794 1.141262 0.585646
1.155287 1.002427 1.458418 0.540760 1.288253 0.898369 1.096198 1.302610 0.602907 1.445189 0.977695 0.778451 0.557161
1.014630 1.322099 0.521298 0.159102 1.135652 1.227375 0.978640 0.998298 0.843654 1.339414 1.160752 1.386944 0.712869
0.943013 0.701507 0.799189 0.835453 1.191034 1.186201 1.015335 1.331168 0.585052 0.710822 1.023547 1.432284 0.558150
0.554290 0.939227 0.521298 0.823203 1.426838 1.060650 1.422580 0.947873 0.651609 0.998135 1.119812 0.991606 0.680457
0.164980 1.130609 1.458418 0.862864 1.148703 0.935434 1.056785 1.363760 0.779717 0.523166 1.221221 1.338386 0.805252
1.125621 1.128542 0.352941 0.844877 1.216681 1.025522 1.124947 1.119966 0.788350 1.077336 1.397639 1.308120 0.553835
1.455061 1.297812 1.369168 0.733403 1.128218 1.381511 1.025459 0.558583 1.325233 0.648231 0.998622 1.067470 0.785231
1.123395 0.865546 1.223124 0.348614 1.190486 1.175931 1.160158 1.342861 0.667157 0.573402 1.221901 1.337796 0.807706
1.464520 0.730363 1.064909 0.446112 1.322743 1.018660 1.045159 1.153181 0.747023 0.759252 1.302947 1.235374 0.968400
1.360523 1.329477 0.884381 0.560562 1.107650 0.921874 1.458710 0.743188 1.135993 0.887231 1.312303 0.810727 0.816696
0.599952 0.829097 1.350913 0.343238 1.395240 0.860918 1.216347 1.421532 0.539503 1.399965 1.452654 1.175712 0.774436
1.362637 1.403826 0.133874 0.849461 1.453940 1.381671 1.268077 0.647133 0.983247 1.363250 1.103312 0.600188 0.722344
0.953292 1.136432 1.077079 0.822738 1.147207 0.933715 1.102114 0.721188 0.747797 0.516813 1.433203 0.529946 0.562763
1.076315 1.433047 0.326572 0.812029 1.147102 0.984523 0.999321 0.621127 0.852078 1.290110 1.466300 1.445164 0.607242
1.258882 0.670726 0.853955 0.712599 1.026394 0.861851 1.203174 1.054248 0.846684 0.936826 1.007027 1.084352 0.700104
1.041929 0.787173 1.316430 0.333119 1.227167 1.464559 1.026345 1.261975 0.584200 1.164345 1.262938 1.223169 0.915461
1.004368 1.394038 1.180527 0.336258 1.201436 1.082426 1.394702 1.150880 0.861558 0.960662 1.445743 0.570759 0.646337
0.830107 1.133205 0.210953 0.477485 1.019537 1.084648 1.180189 1.279566 0.647474 1.388135 1.055868 1.259028 0.633726
0.396344 1.090916 1.135903 0.949432 1.336428 0.982758 1.281030 1.170502 0.814874 0.830992 1.211787 0.715503 0.579441
1.210969 1.151420 0.634888 1.031761 1.199309 0.964982 1.159665 0.972667 0.811596 1.491987 1.105719 0.695612 0.836371
1.392286 1.146466 1.320487 0.485299 1.210362 1.015249 1.017835 0.784846 0.936800 0.567049 1.352681 1.043714 0.605211
0.141290 1.413483 1.219067 0.683321 1.157431 0.937236 1.330107 0.509508 0.617808 1.370301 1.113561 1.166342 0.700015
1.269968 0.745788 0.172414 0.742114 1.021381 1.094242 1.408405 0.811137 0.897571 1.382307 1.285573 0.854255 0.951862
0.999640 1.467100 0.148073 0.178680 1.302761 0.901218 1.020228 1.074176 0.770548 0.969346 1.167605 0.736304 0.661137
1.129177 1.212838 1.099391 0.276461 1.287269 1.261121 1.246268 1.195125 0.878948 1.220934 0.995380 1.286682 0.730710
0.609706 1.061820 1.407708 0.388833 1.219871 0.874902 1.458449 0.988005 0.755767 1.267964 1.049715 0.923142 0.800043
1.207393 1.421666 0.545639 1.044624 1.130995 1.099884 1.203277 1.280367 1.067990 0.725275 1.454634 1.423548 0.968205
0.141009 1.138615 0.789047 0.966866 1.198691 1.071459 1.445462 1.190835 0.524847 1.247567 1.493264 0.859582 0.824393
0.911702 1.009985 0.596349 0.562390 1.285216 0.971337 1.256494 0.698046 0.662112 0.858558 1.198897 0.742953 0.743466
1.468989 1.037754 0.133874 0.694678 1.315431 0.918146 1.449306 1.471898 0.857345 0.838044 1.438580 1.162127 0.775276
1.302655 0.800489 0.849899 0.710232 1.171952 1.272751 1.053767 1.013082 0.580597 1.331022 1.161626 0.981898 0.774157
0.732263 1.261861 1.046653 0.587778 1.313279 0.900858 1.138354 0.746502 0.888992 0.589487 1.002640 0.735028 0.621344
1.287320 1.391477 0.178499 0.813058 1.339826 1.186624 1.416828 0.823643 0.968844 0.679993 1.251019 1.107225 0.745754
0.748570 1.135948 0.541582 0.610342 1.033501 1.133551 1.426653 1.357467 1.033159 1.078210 1.087452 1.314829 0.854507
0.912861 1.210003 1.137931 0.149125 0.968988 1.347253 1.335587 0.794788 0.660193 1.439012 1.452227 0.770780 0.727261
1.183792 1.399274 1.359026 0.140731 1.041873 1.273517 1.142854 1.451131 0.736553 1.429978 1.330570 0.994574 0.586349
0.147838 1.493876 1.286004 0.884664 0.962278 1.349019 1.227007 0.828758 1.055910 0.899178 1.144116 0.923929 0.769800
1.223538 0.685336 0.815416 0.947286 1.011059 1.333706 1.070502 0.845989 0.606432 0.982575 1.452790 1.022509 0.553455
1.446087 0.782805 1.450304 0.843148 1.250220 1.324013 1.405839 0.629688 0.601285 1.207063 1.399969 0.806802 0.782773
0.879669 1.371919 0.182556 0.895313 1.145568 0.925173 1.476771 1.028285 1.070594 0.675564 1.040300 1.230086 0.914393
0.954434 0.949645 0.545639 0.602723 0.963319 1.487178 1.340882 1.001582 0.778426 1.163704 1.363299 1.297303 0.716909
1.440475 1.227699 1.334686 0.503556 1.306316 0.880677 1.435163 0.680629 1.128000 0.786176 1.217785 1.185464 0.711620
1.496496 1.124089 0.525355 0.740685 1.345242 0.977507 1.398029 0.693939 1.173696 1.499679 1.067263 1.080319 0.720779
0.663930 0.845159 1.436105 0.547730 0.978193 1.121990 1.055979 0.733910 0.809261 1.060085 1.120259 0.764643 0.876825
1.120165 0.748132 0.160243 0.862336 1.477256 1.330093 1.027778 0.796912 0.630604 1.231832 1.363998 1.261815 0.519452
1.277902 0.596237 0.661258 0.355562 1.072395 1.495682 1.260051 1.036412 0.535724 0.988636 1.384381 1.359942 0.888196
1.008790 0.766430 0.472617 0.457785 1.447586 1.192513 1.214752 1.367710 0.850680 1.186782 1.003281 0.953404 0.937716
0.367459 1.022891 0.649087 0.301024 1.370682 1.077204 1.261511 1.056403 0.608705 1.079259 1.176826 1.080592 0.732851
0.563675 1.242612 0.780933 0.732437 1.334068 0.970812 1.332324 1.246671 0.839501 1.338598 1.358834 1.273832 0.966099
0.312661 1.059531 0.221095 0.328603 1.035704 1.006046 1.455138 0.573192 0.512589 1.473571 1.330667 0.908789 0.642146
0.568453 1.395527 0.464503 0.964854 1.445795 0.850327 1.325780 1.064143 1.200942 0.897780 0.993710 0.919172 0.830052
0.597264 1.497459 0.931034 0.375547 1.225847 0.953594 1.279652 1.196328 0.971415 0.985489 1.424312 0.970291 0.790718
0.636665 1.345232 0.598377 0.493653 1.140235 1.173113 1.157271 0.876626 0.800879 0.909668 0.997845 0.960196 0.840381
1.256779 0.822411 1.450304 0.298816 1.302873 1.202067 1.026522 1.355699 0.569632 1.246168 1.227763 0.663157 0.597649
1.286916 1.432824 1.180527 0.431137 1.097696 0.843660 1.060135 1.469715 1.383088 0.869223 1.094130 0.531974 0.591281
1.006957 0.805378 1.180527 0.413660 1.168695 1.429600 1.075439 0.860927 0.666849 1.041553 1.413519 1.372195 0.741823
0.755578 0.977346 1.068966 0.758081 1.028741 0.924806 1.463171 1.408705 0.842759 0.985430 1.224483 0.990546 0.875874
1.195005 1.441705 1.474645 0.829887 1.227631 0.857452 1.457945 0.818327 1.343472 0.646949 1.424719 1.176335 0.756409
0.730413 1.115257 0.922921 0.465688 1.395967 1.220794 1.240328 1.107676 0.710025 1.237776 1.030497 1.353290 0.944786
1.265467 1.452536 0.468560 0.168309 1.408756 1.177755 1.490125 0.790826 0.905118 1.143482 1.103739 0.765884 0.945425
0.867104 1.334164 0.576065 0.750286 1.101709 0.987811 1.132985 1.289131 0.899278 0.577306 1.389739 1.328602 0.694967
1.315174 0.892626 1.188641 0.390929 1.085760 1.003697 1.331811 0.779490 0.769884 0.695320 1.329250 0.566300 0.962720
0.854356 1.029716 0.722110 0.333613 1.015485 1.013628 1.091733 0.754405 0.758753 1.305845 1.355806 0.609035 0.564182
1.113062 1.435357 1.446247 0.221541 1.384344 1.307916 1.109860 1.437502 0.614393 0.993123 0.988566 0.622135 0.513071
0.713212 0.483904 0.172414 0.889409 1.279205 1.389842 1.178162 0.976701 0.505748 1.314004 1.207536 1.327498 0.756206
0.925826 1.285995 0.853955 0.507869 1.268649 1.188598 1.148526 0.596039 0.620942 0.674223 1.483461 0.605040 0.660888
1.176425 1.339681 0.515213 0.562515 1.077593 1.430013 1.169706 0.646243 0.924476 1.203100 1.438619 0.510319 0.973264
1.403415 1.240316 1.470588 0.770090 1.409681 0.951173 1.220791 0.781342 0.879900 0.539717 1.272353 0.524036 0.541068
0.440803 1.238920 0.533469 0.810331 1.289947 1.221145 1.249331 1.376212 0.888638 0.719739 0.973366 1.447413 0.684202
0.245947 1.138408 0.336714 0.635684 1.032585 1.463360 1.259565 0.782102 0.632886 1.283700 1.000912 0.658701 0.715368
1.202613 1.456707 0.160243 0.675098 1.052080 1.254700 1.169478 1.042497 0.556743 1.344134 1.055111 0.863260 0.542999
0.172301 1.417101 0.983773 0.211541 1.479363 1.329569 1.332862 1.307140 0.666571 0.881170 1.103156 1.495604 0.671526
1.336917 1.381900 0.791075 0.888142 1.491947 0.960911 1.185468 0.879981 1.314503 0.978554 1.124374 0.913256 0.563856
0.649770 0.694286 0.780933 0.657536 1.221386 1.005244 1.157368 0.642250 0.766241 1.075937 1.080386 1.372639 0.886199
0.914731 1.303778 0.356998 0.682471 1.372174 1.235350 1.418739 0.988278 0.859896 1.139052 1.222619 0.658100 0.895526
1.079363 0.814077 0.233266 0.852486 1.413022 0.871694 1.353663 1.181504 0.845648 1.015152 1.129557 1.116855 0.718607
1.039747 0.839736 0.421907 0.313370 1.077980 0.870025 1.463267 1.302403 0.566401 0.880762 1.492293 0.895294 0.879048
1.375038 1.211205 1.330629 0.873225 1.349476 0.893546 1.081176 1.058114 1.089196 0.609301 1.420798 0.843119 0.702954
0.726514 1.424358 0.695740 0.408123 1.047471 1.029597 1.389654 1.129866 0.692238 0.638907 1.016889 0.546268 0.634361
1.081570 0.938099 1.176471 0.473713 1.206980 1.133958 1.487283 0.501033 0.775769 1.423510 1.070738 1.185568 0.970539
0.721833 1.046048 1.458418 0.403429 1.348403 1.499194 1.073480 0.608668 0.598716 0.595722 1.441919 0.605873 0.598887
0.406661 0.786768 0.172414 0.944332 1.366483 0.940029 1.210077 0.708543 0.605561 1.196573 1.137613 1.297054 0.955891
0.524812 1.117889 1.054767 0.450197 1.331051 1.482456 1.291557 1.332227 0.774871 0.632962 1.163625 1.309487 0.889328
0.417638 1.367934 0.726166 0.917706 1.105351 1.105959 1.399561 0.900119 0.898274 0.941605 1.451702 1.223328 0.921465
1.088545 1.280492 1.219067 0.381203 1.282597 0.982597 1.081926 1.369546 0.562664 0.885075 1.495962 0.804491 0.729538
0.873450 1.335940 0.819473 0.462797 1.236753 1.289995 1.347313 0.654919 0.713443 0.983099 1.372967 0.740249 0.631414
0.932315 1.106037 1.300203 0.720652 1.131379 1.396448 1.036098 0.737861 0.929876 0.933155 1.272159 1.338134 0.639686
1.148389 1.382347 0.734280 0.415615 1.234178 0.965214 1.453300 1.431452 1.189702 0.731103 1.147513 1.002320 0.808690
0.333393 1.430640 1.085193 0.567807 0.972309 0.896655 1.344656 0.951929 0.661513 1.352410 1.476841 1.117573 0.633013
1.296508 0.758360 1.330629 0.358866 1.393120 1.163690 1.045139 1.072691 0.710263 0.908794 1.262666 1.231176 0.903715
1.240473 1.167502 1.184584 0.628258 0.983964 1.031877 1.380782 1.426284 1.213311 0.787225 1.306130 0.674040 0.863666
1.015953 1.353584 0.827586 0.779618 1.265481 0.847157 1.382921 1.352430 1.055089 1.476135 1.182843 0.609100 0.693173
1.122881 1.012851 0.596349 1.049233 1.199601 0.886505 1.278761 1.252872 0.987204 1.102920 1.245642 1.194411 0.949020
0.771398 0.568243 1.208925 0.442715 1.373250 1.104437 1.386589 1.049515 0.593435 1.148960 1.180805 0.659706 0.976648
1.313799 0.607043 1.385396 0.755358 1.259742 1.428136 1.476005 1.143936 0.688977 0.984848 1.298171 0.856400 0.994210
0.832265 0.814311 0.799189 0.343603 1.025279 0.892267 1.334281 1.236574 0.736177 1.450492 1.127732 0.982888 0.561153
0.686571 0.949075 0.245436 0.787187 1.251456 1.005588 1.465176 0.834889 0.632098 0.899353 1.459273 1.464298 0.723691
0.229792 1.077011 1.458418 0.912803 1.414476 1.318971 1.129504 1.230053 0.669790 1.237543 1.250223 0.869463 0.682534
0.488762 0.744708 0.675456 0.930574 1.324139 1.355520 1.350341 1.429336 0.511358 1.046798 1.280448 0.657474 0.695895
1.435106 0.838071 1.162272 0.427991 1.082083 1.109399 1.252645 1.174985 1.038853 1.398916 1.284214 1.000621 0.863096
1.395388 1.507017 1.176471 0.181584 1.320581 1.428839 1.036285 0.694478 0.852600 0.898595 1.275789 0.722400 0.899167
0.824513 1.431690 0.880325 0.653070 1.097911 1.342790 1.010952 0.520261 0.988053 0.815432 1.132314 1.449376 0.519774
1.246790 1.381926 0.815416 0.620218 1.441625 1.172105 0.988858 1.002239 0.979076 1.226295 1.048919 0.753371 0.525787
1.011296 1.325015 1.369168 0.728410 1.410998 1.492215 1.158752 1.463432 0.919223 0.779358 1.381314 0.791522 0.668623
0.236264 0.923639 1.219067 0.630887 1.482537 1.139253 1.086830 1.405891 0.514723 0.916021 1.147785 1.211868 0.977587
1.009880 1.310229 1.107505 0.680684 1.072161 0.993216 1.282815 0.668769 1.000323 1.252695 1.173234 0.676347 0.637272
0.685973 0.870724 1.478702 0.480187 0.999193 1.008102 1.026500 0.999202 0.808811 1.405210 1.163820 0.611630 0.786635
1.293548 1.281807 0.383367 0.755263 1.213558 1.423877 1.480813 1.307531 1.077358 1.400548 1.118939 1.364498 0.686209
0.464048 0.973297 0.430020 0.884829 1.375079 0.948815 1.011950 1.437190 0.704209 1.190454 1.168692 1.239736 0.657971
1.483607 1.468797 0.598377 0.551076 1.056218 0.936720 1.036524 0.633666 0.547504 1.183402 1.204410 1.471667 0.545982
1.308067 1.493143 0.468560 0.218241 1.487693 0.909828 1.372476 0.662192 0.884392 0.978029 1.255989 0.550280 1.024489
1.160782 1.082408 0.892495 0.612734 1.092565 0.907965 1.139195 1.406365 1.008358 1.339822 1.215631 1.000568 0.517337
0.561369 1.250501 1.103448 0.538496 0.979253 1.057947 1.178062 1.025200 0.923517 0.629232 1.389739 1.249000 0.887874
1.492640 1.280580 1.068966 0.758081 1.238588 1.474182 1.270931 1.199350 0.757756 0.798881 1.326707 0.779528 0.571986
0.232413 1.279295 1.219067 0.585944 1.238786 1.472743 1.257668 1.418337 0.552952 0.975115 1.309333 1.434835 0.804978
1.189202 1.133194 0.815416 0.672649 1.145798 1.282085 1.385492 1.278145 1.033516 1.325077 1.490022 0.770140 0.762525
0.777955 1.019922 0.910751 0.211410 1.435979 0.878288 1.155066 1.292332 0.916258 1.137013 1.024712 0.971839 1.010623
1.328363 1.416846 0.742394 0.293018 1.442525 1.188401 1.352858 1.043829 1.001381 1.268955 1.172710 0.937913 0.849908
0.835586 1.200540 0.742394 1.032034 1.372815 1.160617 1.365050 0.892463 1.106908 0.831808 1.154075 1.471414 0.836035
0.731320 1.234304 0.302231 0.653028 1.314637 1.033321 1.140653 1.470007 0.933792 1.001107 1.139127 0.746767 0.781598
1.056204 1.485177 0.640974 0.146491 1.087098 1.088729 1.264303 1.053832 0.873696 1.101754 1.043231 0.671212 0.615876
1.117069 0.747030 0.904665 0.974370 1.420977 1.019273 1.162651 1.297678 0.812876 1.325310 1.278817 1.437549 0.646846
1.212510 1.011840 1.377282 0.455989 1.329491 0.961243 1.110704 1.331642 0.914500 0.764438 1.423594 0.768946 0.817501
0.359670 1.417811 1.107505 0.803027 1.079469 1.169088 1.435546 0.690963 0.855779 0.710298 1.261618 0.963936 0.874316
0.736041 0.606509 1.251521 0.862058 1.324508 0.930229 1.236634 0.517735 0.708624 0.902966 1.017199 1.122831 0.893487
1.013224 0.959901 1.227181 0.475824 1.187511 1.243794 1.326970 1.118212 0.580020 1.273559 1.283768 1.102369 0.514181
0.157644 1.130185 0.713996 0.383806 1.188564 1.399755 1.291906 0.972336 0.621591 1.403287 1.352273 0.762940 0.785445
0.924448 1.494831 0.519270 0.494977 1.103740 1.389574 1.492394 1.192309 1.207435 1.321814 1.119404 0.932823 0.875957
1.047135 0.995149 0.318458 0.884689 0.995843 0.938191 1.290847 0.565114 0.907480 0.990209 1.443821 1.004522 0.752459
0.813394 1.142849 0.752536 0.818231 1.363107 1.034699 0.997182 0.684912 0.996643 0.822251 1.446306 1.352101 0.795089
0.833533 0.918918 1.312373 0.200914 1.118018 1.124975 1.380063 0.722903 0.611196 0.747946 1.194821 0.996453 0.665760
0.913492 1.198160 0.742394 0.769883 1.479533 1.100801 1.159457 0.597825 1.002031 0.719797 1.016190 0.637564 0.677127
1.113907 1.078022 1.141988 0.266345 1.303296 1.115369 1.047644 1.248698 0.759885 0.548225 0.999029 1.122452 0.701971
1.310302 1.146164 0.746450 0.734800 1.418486 1.183337 1.453390 1.011046 0.681088 0.526837 1.010735 1.200969 0.740850
0.509319 1.135199 0.645030 0.311140 1.327515 1.386492 1.348123 1.460325 0.636487 1.268780 1.465330 0.913347 0.643560
1.489294 1.114186 0.703854 0.670013 0.964293 1.215013 1.150403 1.438404 1.024689 0.922898 1.252164 1.036124 0.562888
0.591582 1.006769 0.768763 0.545574 1.127414 1.358541 1.216421 0.676359 0.910223 1.498514 1.021645 1.314414 0.947815
0.980965 0.702473 0.210953 0.672214 1.190105 1.133170 1.185511 1.458158 0.643519 1.011889 1.142388 1.480573 0.662587
0.666255 1.076037 1.054767 0.632461 1.254432 1.270691 1.399194 0.543450 0.615154 1.147503 1.242012 1.216352 0.544213
0.999469 1.409918 0.892495 0.959778 1.233617 1.140668 0.986415 1.108378 1.468474 0.813451 1.117269 1.230060 0.949277
1.488693 1.265323 0.880325 0.325999 1.445116 0.927671 0.981966 1.381173 1.323419 1.074363 1.336122 1.436010 1.019355
0.666756 1.240383 0.340771 0.296022 1.118187 0.845446 1.189857 1.381977 0.759308 0.640072 1.037116 1.290373 0.638016
1.268071 1.152526 0.525355 0.875502 1.316036 1.290589 1.280921 1.495740 1.087846 0.889038 1.111348 1.474676 0.915771
1.237234 1.424846 0.306288 0.558029 1.372046 1.334725 1.463555 0.931115 1.085457 1.328924 1.294697 0.548744 1.002529
0.455078 0.763209 0.614604 0.955013 0.974269 1.250158 1.111983 1.265378 0.579013 0.773821 1.268645 1.260094 0.880169
0.910417 0.909674 1.261663 0.301176 1.295190 1.127647 1.345877 0.950764 0.716516 0.793461 1.014928 1.164259 0.798894
0.633776 1.387452 0.906694 0.988025 1.312936 1.159893 1.301889 1.216195 0.969451 0.642054 1.184008 1.362540 0.514517
0.612154 1.350275 0.845842 0.315881 1.197381 0.992104 1.136024 1.222139 0.866793 0.693922 1.377781 1.496376 0.839537
0.122343 0.874467 1.077079 0.513137 1.106379 1.096016 1.304891 0.538940 0.545800 1.150999 1.363513 1.365023 0.779200
0.416010 1.081143 0.515213 1.061837 1.155307 1.181045 1.405233 1.260985 0.738066 1.492744 1.001165 0.890268 0.662008
0.356684 0.932249 0.318458 0.794813 1.212636 1.230257 1.162820 1.182497 0.609755 0.968355 1.084327 1.305786 0.797872
0.620032 1.012016 0.387424 0.567890 0.969548 1.499503 1.330357 1.402327 0.658007 0.868116 1.286446 1.085729 0.833006
0.828198 1.045993 0.738337 0.737556 1.079703 1.276347 1.295691 1.086414 0.690788 1.225421 1.315468 1.380475 0.707295
1.376145 0.753917 0.417850 1.017538 0.991423 1.197656 1.374745 1.187755 0.924537 0.616644 1.094324 0.912755 0.942991
1.456650 1.108167 1.269777 0.453225 1.126486 1.288475 1.420368 1.491617 0.723664 0.767294 1.071107 1.407529 0.668060
1.107447 1.114966 0.249493 0.807030 1.475968 1.308203 1.302560 1.212622 0.886531 1.198846 1.167780 1.456368 0.885889
0.614622 0.713295 0.703854 0.575140 1.253852 0.905182 1.377360 0.942697 0.579630 0.703829 1.363746 0.790115 0.806695
1.428182 1.087857 0.914807 0.915360 1.143060 1.053623 1.254042 1.227969 0.709496 1.113760 1.145630 0.754506 0.839978
0.607316 0.685814 0.780933 0.767390 1.345726 1.209589 1.049130 0.679563 0.579134 0.753191 1.257231 1.321380 1.025147
1.417802 1.094538 0.931034 0.877391 1.346642 0.957361 1.182691 0.872206 1.179548 1.075587 1.442074 0.681101 0.970680
0.569906 0.704824 0.622718 0.947264 1.116307 1.205657 1.309291 0.567797 0.572638 1.366222 1.119657 1.171002 0.673620
1.375187 1.062927 1.146045 0.565834 1.248116 0.861094 1.310216 0.543542 1.056747 0.982283 1.218581 0.567129 0.795224
0.589591 1.099169 0.541582 0.173434 1.223083 1.057130 1.303247 0.517501 0.580134 0.713037 1.162383 0.993331 0.871432
0.240002 1.267799 0.399594 0.882070 1.072654 1.257823 1.492652 0.758369 0.692468 0.872195 1.059925 1.302755 0.602878
0.145835 1.327865 1.488844 0.885601 1.104515 1.002948 1.408325 0.987746 0.944772 0.521650 1.127325 0.593937 0.890257
0.831195 0.828669 1.012170 0.942186 1.135117 1.327743 1.300475 0.868411 0.839816 1.058453 1.387137 0.796331 0.990689
0.260125 1.115756 1.330629 0.538642 1.215371 1.434026 1.100474 1.185255 0.524757 1.492919 1.445549 0.644249 0.740691
1.274148 0.886563 0.602434 0.428611 1.476247 1.050410 1.029978 0.688587 0.603628 0.893001 1.402201 0.916657 1.004811
1.494736 1.300177 1.415821 0.600812 1.344784 1.383280 1.428424 0.672640 1.176479 1.361501 1.308751 1.267959 0.689067
1.242660 1.460238 1.026369 0.156484 1.391304 0.856399 1.403084 0.711463 1.175138 0.608718 0.986411 1.472529 0.981173
0.809568 1.241891 1.330629 0.174097 0.990232 1.260767 1.247569 1.470221 0.909966 1.224139 1.040222 1.498964 0.763853
1.287685 1.177581 1.466531 0.170956 1.235244 0.957323 1.084579 1.260609 1.105075 1.494376 1.314846 1.446072 0.608729
0.598205 1.359480 1.180527 0.605915 1.407398 1.136360 1.210295 1.328965 0.975559 1.454980 1.154482 1.495125 0.639525
1.466799 0.872425 0.931034 0.765038 1.184660 1.169164 1.067703 0.929045 0.896541 0.839093 1.129149 1.002547 0.714251
1.151848 1.138219 1.020284 0.689754 1.001537 1.305309 1.028852 1.272159 0.601607 0.600268 1.318865 1.036628 0.672875
0.309990 1.374578 0.503043 0.767626 1.119161 1.286392 1.338384 1.499915 0.849411 1.362492 1.333133 1.022572 0.983278
1.287883 1.232319 0.803245 0.555693 0.965141 0.983940 1.500150 0.678053 0.868483 0.905764 1.311178 0.869837 0.525390
1.292067 1.438095 1.192698 0.181066 1.155893 1.473196 1.013319 0.926855 0.653976 0.638557 1.370928 1.028522 0.657635
1.460010 1.469072 0.588235 1.004553 1.150295 1.279159 1.321739 0.577764 1.430959 1.094411 1.198742 0.771731 0.992218
0.318231 1.273958 0.529412 1.057626 1.094164 0.921543 1.105229 0.778062 0.722385 1.461216 1.394805 1.334967 0.596124
0.393874 1.436238 0.375254 0.748033 1.452588 1.412499 1.137397 1.496837 0.735338 0.904890 1.281787 1.444218 0.925973
1.161237 0.847211 0.395538 1.022008 1.229585 0.888948 1.039900 1.036267 0.805818 1.237776 1.408724 0.626279 0.916004
0.523704 0.663407 1.174442 0.357692 1.416084 1.228149 1.423034 1.465006 0.547313 1.116207 1.201207 1.240713 0.735110
1.356171 1.176926 0.288032 1.061681 1.356794 1.449787 1.455628 0.925647 1.092613 0.825573 1.119501 0.854717 0.882769
0.176574 1.310290 1.127789 0.512751 1.251040 0.944582 1.286650 0.912119 0.942721 0.873070 1.029351 0.914453 0.881791
1.424411 1.479865 0.683570 0.485908 1.269818 1.210877 1.457141 0.536562 0.820470 0.932106 1.155511 1.316143 0.834787
0.896593 0.672004 1.099391 0.246499 1.410482 1.199829 1.171780 1.080502 0.640217 1.130136 1.453624 0.743488 0.902937
0.535721 1.137912 0.776876 0.904838 1.016862 1.242135 1.064394 1.388589 0.915256 0.706160 1.054548 0.734260 0.856514
0.164635 1.364311 0.965517 0.904989 0.969228 1.440157 1.292826 1.056319 0.824300 0.750743 1.012152 0.615609 0.662825
1.363438 1.175732 1.377282 0.416038 1.035765 0.846494 1.039594 0.885590 0.759613 0.741943 1.267267 0.582398 0.520179
0.838768 1.364911 0.387424 1.039743 1.159471 1.094768 1.217792 1.442429 0.599679 1.219185 1.024867 0.616758 0.582961
0.769928 0.727213 1.231237 0.812768 1.211288 0.892563 1.031225 0.691230 0.861126 0.769042 1.241371 1.195199 1.007371
0.817654 1.241467 0.417850 0.448316 1.496373 1.316215 1.308664 0.651852 0.634712 1.261612 1.202896 1.263209 0.761965
0.882204 0.899457 1.411765 0.643389 1.098298 0.951589 1.471366 0.740232 0.641475 1.354916 1.495302 0.954405 0.918390
1.132318 1.378361 1.450304 0.750761 1.388588 0.854899 1.433505 1.442038 1.302981 1.043534 1.149668 1.092225 0.584658
1.450156 0.828933 0.482759 1.080350 1.240689 1.168712 1.187152 1.169911 0.880115 1.230258 1.108301 1.167115 1.014639
0.384334 1.023154 0.279919 0.577610 1.285838 1.111423 1.372160 1.086219 0.522101 1.499155 0.995419 0.674671 0.514611
1.081689 1.443497 0.636917 0.945550 0.969369 1.416067 0.984253 1.232756 1.186739 0.508538 1.082114 0.946320 0.983855
1.272082 1.284387 0.403651 1.039224 1.048070 1.262664 1.043419 0.587093 0.773994 0.787167 1.472629 1.167369 0.685690
1.027974 1.390917 0.945233 0.870682 1.112970 1.283546 1.492839 1.323795 1.361145 1.497931 1.172206 1.111898 0.928949
1.421513 0.987112 0.490872 0.837920 0.977376 0.996789 1.103990 1.448676 0.912172 0.685937 1.045444 0.934485 0.788098
0.809853 0.621748 0.271805 0.485498 1.035874 1.092592 1.013660 1.231695 0.551667 0.922257 1.064623 0.871435 1.009031
1.467961 0.953537 1.022312 0.381323 0.980515 1.240829 1.152910 1.364396 0.705500 1.431261 1.053461 0.504510 0.568525
0.645909 1.428198 1.292089 0.214046 1.496258 1.069307 1.271647 1.092911 0.716995 0.918643 1.179757 0.690225 0.898385
1.139911 0.789569 0.752536 0.453715 0.998546 0.846224 1.373249 0.894956 0.595081 1.178390 0.992837 1.157314 1.023403
0.337476 1.229818 0.202840 0.537661 1.432917 1.091041 1.321630 0.767740 0.542290 1.081881 1.154871 0.731310 0.885783
1.225641 1.287507 0.515213 0.642406 1.162654 1.303653 1.265099 1.375330 1.049878 1.382948 1.138467 0.911973 0.544476
1.396124 1.145900 0.945233 0.748341 1.354995 0.934559 1.353773 1.438539 0.984452 1.469841 1.221396 1.039669 0.870152
1.302385 1.368140 0.837728 0.573302 0.978356 0.881837 1.351530 0.953224 1.338782 1.350079 1.237741 1.130210 0.646293
0.190210 1.361936 0.914807 0.336117 1.282571 1.297021 1.217470 1.079074 0.578271 0.886299 1.297997 0.876725 0.574889
0.447124 1.205668 0.464503 0.418099 1.191050 1.286636 1.156482 1.361012 0.628829 1.117081 1.171856 0.873908 0.971654
0.364864 1.196146 0.383367 0.590489 1.466411 1.057403 1.221149 1.392037 0.580292 1.327292 1.024343 1.168567 0.621975
0.957111 0.902422 1.446247 0.176596 1.227378 0.993618 1.330435 0.863152 0.760380 1.076228 1.260589 0.590266 0.812303
0.405474 1.386015 0.991886 0.403533 1.157088 0.912809 1.109816 1.363971 0.817816 0.515240 1.046783 0.594492 0.527567
1.042402 0.923165 1.050710 0.370429 0.989072 1.021988 1.306286 1.092996 0.842239 0.750277 1.345887 0.802208 1.001803
0.146899 1.418171 1.261663 0.291189 1.091521 0.952645 1.422351 0.876104 0.615205 1.373040 0.986159 1.078876 0.677231
0.771608 0.709958 0.626775 0.617578 1.014015 0.922050 1.032007 1.409369 0.719110 0.953144 0.970998 1.113256 0.678957
1.003526 1.241874 0.703854 0.934660 1.142900 1.117941 1.342070 0.911251 1.132267 0.623579 1.115891 1.180711 0.837774
0.973797 0.737579 1.265720 0.900292 1.315707 1.390929 1.216871 1.133035 0.660540 0.534180 1.370889 1.268234 0.709761
0.443670 1.121338 0.133874 0.642251 1.308776 0.917923 1.367248 1.314086 0.635533 0.947549 1.108223 1.149491 0.793081
0.744424 0.733835 0.352941 0.632669 0.970387 0.902985 1.341939 0.925947 0.588276 1.378227 1.267888 1.332696 0.528263
0.314366 1.305279 0.922921 0.181060 1.033581 0.854327 1.074545 1.425030 0.604702 0.684480 1.411985 1.060716 0.530240
0.587501 1.037586 1.012170 0.719974 1.389840 0.892143 1.406953 1.286172 0.550248 0.966723 1.430776 1.290514 0.794083
0.516427 0.928591 0.815416 0.393018 1.172214 1.441093 1.078505 1.196083 0.695757 1.110263 1.233606 1.385459 0.804724
0.641969 1.202360 1.219067 0.358731 1.489535 1.291891 1.218614 1.308330 0.656510 1.352293 1.126063 0.920263 0.735470
1.218041 0.577622 1.381339 0.368468 1.190204 0.972028 1.161498 0.684639 0.826140 1.328574 1.284699 0.931504 1.011180
0.458109 1.043509 0.563895 0.905466 1.460528 1.162561 1.383629 1.273429 0.685236 1.444781 1.130935 0.781513 0.620513
0.230159 1.446635 0.914807 0.346104 1.190268 0.937636 1.041664 0.711333 0.566014 0.836296 1.481927 1.492405 0.640338
1.387309 1.478818 0.819473 0.502744 1.014886 1.367948 1.217617 1.287525 1.239300 0.750452 0.984528 1.471260 0.548705
0.937639 1.254486 1.253550 0.675963 1.417960 1.098528 1.415578 1.132789 0.881581 0.652719 1.259133 1.315596 0.668863
0.155375 1.303790 0.172414 1.049186 1.226965 0.979270 1.074481 0.876474 0.819231 0.643394 1.143378 0.943883 0.977948
0.655858 1.439319 0.480730 1.059206 1.446215 1.131535 1.260861 1.406136 0.814557 0.605571 1.384866 1.429540 1.012143
1.191924 1.441627 0.949290 0.678303 1.353653 1.262417 1.314842 1.488706 1.063142 1.088875 1.443996 1.373760 0.997216
1.096786 1.245864 0.675456 0.997984 1.167526 1.318305 1.409660 1.180477 1.148192 0.928084 1.046065 0.977614 0.866375
1.166920 0.711440 1.373225 0.543510 1.325094 1.037446 1.397822 1.156013 0.786284 0.856577 1.151823 0.972916 0.947032
0.350784 0.863158 0.653144 0.670399 1.324040 1.427673 1.220261 1.117705 0.572149 1.359287 1.330784 0.713376 0.924844
1.415462 1.406331 1.346856 0.795304 1.225713 1.191938 1.008889 0.850962 1.477763 0.653593 1.111038 1.057634 0.938150
1.156492 1.192595 0.640974 0.463566 1.060605 1.215445 1.286755 1.369062 1.022307 0.581619 1.181193 1.164152 0.975974
0.585403 1.035818 1.296146 0.521032 0.968190 1.430088 1.457627 1.201042 0.853270 0.977038 1.282622 1.115239 0.991086
1.189545 1.409278 0.133874 0.849461 1.119872 1.231562 1.220640 0.631830 0.981790 1.030829 1.457332 1.216780 0.870964
1.174212 1.382999 0.135903 0.618456 0.979951 1.433093 1.290724 0.889384 0.657751 0.748179 1.447509 0.706556 0.647856
0.399811 1.203499 0.245436 0.872070 1.143547 1.143208 1.134300 1.297197 0.939227 0.889621 0.999942 1.312048 0.925620
0.804629 0.713137 0.815416 0.992226 1.330977 1.056031 1.115715 1.475276 0.663314 1.227228 1.458303 0.941109 0.536096
0.656186 0.617795 1.450304 0.296319 1.070857 1.034951 1.328050 1.092482 0.584089 0.976164 1.048395 0.519291 0.735838
1.131353 1.175820 0.811359 0.460559 1.440713 1.232254 1.418808 1.139325 0.740620 1.161956 1.424137 0.813142 0.531320
0.372207 1.304463 1.296146 0.368722 1.284922 1.138556 1.212747 1.048845 0.594672 0.891427 1.127752 1.449089 0.536717
0.943145 0.570439 1.334686 0.383706 1.487594 0.898276 1.131839 1.300587 0.503497 1.279096 1.120414 1.480805 0.626183
0.811950 1.454269 0.636917 0.573548 0.996224 1.031630 0.987007 1.024304 0.931281 0.625561 1.112765 0.786141 0.778376
0.685235 1.192585 0.160243 0.562754 1.004698 1.348550 1.105917 1.461469 0.740883 1.251588 1.335268 0.846949 0.972777
0.903703 1.386151 0.827586 0.719697 1.045476 1.036807 1.037127 0.797377 0.890626 0.970103 1.202896 0.973738 0.806179
0.762747 1.374560 0.752536 0.965536 0.971989 1.043099 1.050034 1.066195 1.176884 1.478758 1.017471 1.378504 0.591856
0.712103 1.375623 0.409736 0.481031 1.122815 0.971286 1.002136 1.430135 0.904428 1.213532 1.408083 0.642873 0.631801
1.403180 0.768953 1.030426 0.753083 1.071062 1.127420 1.246821 0.868302 0.659674 0.631622 1.436309 0.849409 0.988959
1.043402 1.057182 1.077079 0.363329 1.408634 1.158505 1.050131 1.471417 0.596238 0.598986 1.315604 0.993200 0.720607
0.178608 1.274628 1.050710 0.575165 0.983717 1.082203 1.336221 0.561488 0.731501 1.416808 1.153240 1.083159 0.917089
1.079050 1.423982 1.060852 0.513654 1.497116 1.496750 1.385167 1.157361 0.995420 1.301066 1.017490 1.089989 0.907118
1.198118 1.331806 1.154158 0.550594 1.354114 1.186907 1.320729 1.376661 1.239132 1.044175 1.391117 0.924245 0.965839
0.192630 0.973738 1.304260 0.333507 1.137718 1.457944 1.305539 0.831960 0.570677 0.874177 0.999554 0.585204 0.916128
0.591290 0.728808 1.219067 0.363725 1.388819 1.490841 1.381411 0.557631 0.561937 1.301708 1.283709 1.121035 0.716190
1.257947 1.145960 1.257606 0.930513 1.058059 1.301520 1.107133 1.148074 0.656799 0.651553 1.364833 1.004025 0.694573
1.022456 1.309513 0.567951 0.171327 1.404666 1.096406 1.117077 0.768767 0.892390 0.959147 1.041057 1.401291 0.859039
0.289625 1.061806 1.231237 0.805278 1.129019 1.461548 1.248323 1.242530 0.689438 1.089982 1.126509 0.661607 0.837114
0.494388 0.656568 0.713996 0.154112 1.041065 0.862634 1.122060 1.467027 0.537599 0.955534 1.052549 0.721751 0.878205
0.619950 1.265605 1.257606 0.543501 1.067418 1.316488 1.395121 0.549799 0.663924 0.580337 1.444733 0.588239 0.607827
1.450253 1.238345 0.409736 0.977852 1.149850 1.287041 1.001871 0.773748 0.992572 0.657206 1.269694 1.354357 0.729826
0.732606 0.992023 0.480730 0.687213 1.203659 1.390423 1.148100 0.803019 0.693026 1.141209 1.183892 1.181840 0.669557
0.315528 1.247191 0.953347 0.128889 1.159003 0.941623 1.287745 1.406755 0.740321 0.988927 1.478588 1.318584 1.011568
0.936163 1.343993 1.176471 0.563599 1.144885 1.490710 1.129410 1.489023 1.142725 0.736640 1.071942 1.358443 0.746157
0.702647 0.904969 1.385396 0.126139 1.048678 1.020254 1.163818 1.448720 0.683011 0.669969 1.197073 1.162792 1.007336
0.428147 0.821921 1.330629 0.201562 1.440799 1.184479 1.487243 1.338660 0.532787 1.260446 1.491750 1.097821 0.730730
0.522167 1.066238 0.511156 0.590107 1.105556 0.867758 1.449327 0.959234 0.628603 1.314878 1.272198 1.208042 0.683096
1.215051 1.143012 0.233266 0.615316 1.121704 0.921669 1.305411 1.187512 1.272126 1.142549 0.970959 1.305011 0.988211
0.620125 1.410458 1.174442 0.939450 1.317830 1.272034 1.119095 0.920263 1.095209 1.077336 1.286815 1.028833 0.742278
1.416017 1.464202 1.107505 0.176330 1.060788 0.979728 1.068996 0.649339 1.116324 0.983216 0.987615 0.960749 0.718194
0.940951 1.466999 1.026369 0.825619 1.175939 1.458291 1.150367 0.869769 1.161353 1.396060 1.492604 0.766903 1.015378
1.211899 1.003979 1.141988 0.570957 1.145715 1.428437 1.360146 1.209274 0.972416 1.210385 1.185619 0.860692 0.794031
1.097015 0.601568 0.653144 0.493137 1.351423 1.105038 1.398514 0.940456 0.764451 1.390058 1.052956 0.909435 0.865916
1.213251 1.128262 0.533469 0.403382 1.231593 1.470913 1.378610 0.818411 0.975153 1.428696 1.451722 1.345974 0.928781
1.209036 0.708038 0.969574 0.785015 1.078778 0.889309 1.180939 1.341229 0.781690 0.855586 1.205866 0.988888 0.594215
0.249166 1.474385 0.288032 0.327696 1.057114 0.978560 1.450082 1.478693 0.613352 1.417157 1.495438 1.212362 0.845972
0.411523 1.197452 0.922921 0.702878 1.063654 0.852688 1.364326 1.060829 0.690678 0.578705 1.380071 1.454175 0.806399
1.308799 1.292036 0.718053 0.306279 0.992589 1.200122 1.292968 0.952649 1.005883 1.109797 1.248321 0.710347 0.606785
1.161973 0.570049 1.030426 0.483432 1.066050 1.289655 0.985179 0.577151 0.613533 1.404103 1.106573 1.404923 0.960234
1.053357 1.193295 0.399594 0.772220 1.132369 1.407080 1.300883 1.141131 0.898559 0.539775 1.141457 1.193683 0.800214
1.275992 1.108589 0.977688 0.854665 1.155102 1.421594 1.146411 1.115543 0.645984 0.954659 1.410199 1.098654 0.945112
0.964985 1.369857 0.888438 0.433099 1.195633 1.333695 1.030322 0.869232 0.784780 1.114925 1.201169 0.654780 0.595554
1.485438 1.182445 0.322515 0.427689 1.007911 1.378193 1.020039 1.338843 1.204364 1.242905 1.092344 0.795079 0.856661
1.451724 1.144270 0.945233 0.685923 1.123177 1.232572 1.258046 1.042941 1.105750 0.662102 1.473347 0.707176 1.010656
0.935871 0.605683 0.768763 0.455693 1.174472 1.096010 1.088067 0.767166 0.578849 1.391398 1.326397 0.586880 0.718596
0.886269 0.848505 0.653144 0.830185 1.235475 1.375454 1.434304 1.116590 0.750467 1.307361 1.214155 1.327052 0.632798
1.090018 1.367469 1.334686 0.473594 1.215592 1.202774 1.274841 1.251395 0.809210 0.577889 1.337811 1.052313 0.587670
1.285802 1.051287 1.219067 0.318782 1.013570 0.857861 1.379609 0.837170 0.917409 0.579171 1.114843 1.489254 0.864523
0.710838 1.212575 0.819473 0.782374 0.974253 0.979036 1.005581 0.637514 0.884236 0.960196 1.176651 0.825648 0.730814
1.115208 0.764411 0.434077 0.585109 1.155922 1.261236 1.170665 1.352563 0.760844 0.634011 1.080483 1.260057 0.913540
1.067614 1.383704 1.180527 0.795675 1.492200 1.232428 1.349733 1.316891 0.576937 1.390990 1.391369 0.955952 0.710345
1.104517 0.859729 0.515213 0.315351 1.037366 1.183298 1.000188 1.189221 0.927972 1.321697 0.998544 0.750734 0.981796
0.551877 0.917450 1.016227 0.794747 1.429567 0.927771 1.066182 1.067418 0.569907 0.628650 1.359514 0.585341 0.952028
0.429140 1.458885 0.931034 0.500384 1.376754 1.257325 1.068108 0.833514 0.708881 1.287779 1.142117 1.033907 0.580698
1.385211 1.457638 0.746450 0.442689 1.127872 1.203722 1.197153 1.439222 1.126646 1.317967 1.338102 0.643471 0.781919
1.371592 0.931865 1.154158 0.860199 1.435787 0.991912 1.246487 1.486087 1.078111 1.248907 1.110145 1.132669 0.789065
0.806086 1.138434 1.257606 0.441129 0.966477 1.015072 1.423607 0.775397 0.832163 0.990617 1.034107 1.272730 0.808162
1.353975 1.279578 0.553753 0.782220 1.103221 1.227806 1.115694 1.397725 1.166977 0.815257 1.226482 1.185553 0.899668
1.495360 1.108267 0.815416 0.565291 1.256706 1.044298 1.136415 1.405527 0.916225 0.978262 1.312789 0.873621 0.857232
0.412698 1.173885 0.241379 1.051950 1.023566 1.070375 0.979627 0.993896 0.559130 0.714610 1.270567 0.872300 0.803175
0.925884 1.298396 1.377282 0.565852 1.273206 1.055029 1.175712 0.707922 0.822070 0.702547 1.457099 0.937062 0.787468
0.586089 1.424574 0.630832 0.332831 1.182085 1.340635 1.114655 0.811700 0.853894 1.366805 1.400202 1.124706 0.918561
0.454709 1.405334 0.906694 0.346363 0.985937 0.928483 1.203470 1.458203 0.918150 1.066146 1.151532 0.935908 0.984603
1.362283 1.407693 0.987830 0.371205 1.345053 1.122454 1.491675 1.267966 1.122347 0.998252 1.337268 1.330768 0.819214
1.327832 1.020934 0.622718 0.712580 1.045328 1.035555 1.287160 1.211821 1.060814 1.363949 1.495147 1.382394 0.916694
1.142420 0.854837 1.196755 0.677806 1.077279 0.869095 1.151955 1.042763 0.963554 0.606271 1.018015 1.241736 0.950758
0.442034 0.948560 1.123732 0.672675 1.037440 1.293312 1.289071 1.156338 0.603624 0.890553 1.278293 0.989441 0.769046
0.940083 1.424261 0.448276 0.258835 0.965779 0.921219 1.408371 0.874532 0.773098 1.387901 1.451586 0.950337 0.564120
1.047251 1.315025 0.430020 0.143343 1.259969 1.082587 1.465701 1.379787 0.773810 1.087359 1.065341 1.481396 0.678710
1.491662 1.438313 0.472617 0.744894 1.087425 0.944802 1.438021 0.823723 0.850057 0.894516 1.159801 1.029182 0.636694
0.318762 1.379445 1.188641 0.822881 1.222667 1.022100 1.264015 0.928592 0.877564 1.081590 1.318729 0.698695 0.908637
0.961377 1.347546 0.665314 1.051998 1.323675 1.138677 1.061422 0.970643 1.086909 0.960312 1.475075 0.992248 0.878895
0.351360 1.421096 0.760649 0.862912 1.300093 1.188462 1.349054 1.183437 0.857266 0.928026 1.105408 1.132582 0.706294
1.382097 1.187743 0.606491 0.256213 1.307982 1.166028 1.167918 1.391603 0.951448 0.963459 1.028303 1.127272 0.797618
0.543746 0.904626 1.034483 0.925231 1.170139 0.904819 1.020471 0.835020 0.591109 0.594324 1.039873 1.043884 0.577612
0.756057 1.370640 0.421907 1.032387 1.076818 0.895849 1.303270 1.361553 0.894077 1.234396 1.233393 1.381244 0.689841
0.908850 1.010152 1.324544 0.652460 1.491639 1.346357 1.485791 0.944876 0.789625 1.500204 1.369045 0.625190 0.804707
1.441687 1.182387 0.691684 1.044902 1.250694 1.176729 1.196700 1.439066 1.366890 1.134973 1.013569 1.355655 0.946987
0.884596 1.443280 1.419878 0.428396 1.030970 1.325224 1.145285 1.244287 0.921421 0.538609 1.309159 1.281246 0.953559
1.077332 0.764930 1.432049 0.780073 1.246752 1.494790 1.417950 1.093759 0.727185 1.166968 1.436134 1.273937 0.966562
1.181462 0.627415 0.164300 1.016991 0.999129 0.892438 1.219075 1.020861 0.663376 1.141325 1.399367 1.082139 0.592788
0.366438 1.224567 0.780933 1.014562 1.293729 1.103173 1.182054 0.727570 0.941601 1.313305 1.131362 1.365325 0.680201
1.334169 1.215722 1.482759 0.757217 1.042926 1.433292 1.393085 1.461026 1.311334 1.407250 1.267500 1.270103 0.971060
0.788007 0.842596 0.904665 0.834554 1.015184 1.203419 1.479571 0.850872 0.756596 0.871729 1.173370 0.848410 0.641203
0.800553 1.361410 0.125761 0.130727 1.070294 1.268665 1.205545 1.476201 0.616059 1.470074 1.076018 0.706265 0.789861
1.226131 0.846103 0.326572 0.807036 1.261411 1.311134 1.220779 1.228587 0.754757 0.930823 1.403715 1.159809 0.702957
0.190501 1.189922 0.981744 0.784627 1.440399 1.324567 1.113162 0.793620 0.627762 1.068011 1.072077 1.241191 0.521910
0.482637 1.394709 0.918864 0.870289 1.207697 1.129020 1.184309 0.866315 0.974990 1.040154 1.408957 0.932192 0.685463
0.422113 1.182457 0.249493 0.692189 1.091707 1.226659 1.467962 0.833789 0.751330 1.499563 1.161742 1.323238 0.787776
0.490785 1.482185 0.403651 0.569868 1.164031 0.876263 1.498969 1.072174 0.885123 0.947433 1.216330 1.450100 0.550249
