17.704390
9.697630
22.356760
20.623120
15.791290
14.643850
16.936070
18.375560
16.571420
20.453130
18.873080
12.827290
19.765050
17.349340
16.315480
21.586620
19.012270
15.043840
11.527760
18.429220
19.980680
18.222720
14.515870
19.241860
14.030330
18.292700
23.464230
15.753110
15.551560
12.821210
16.591020
20.357520
11.761220
16.658680
18.433130
15.271750
13.041360
15.478100
14.315990
17.106020
17.710890
18.506130
21.129510
11.488840
17.630160
20.999260
20.672350
13.082120
15.722850
15.814730
18.037320
20.955140
18.164710
13.983170
17.120700
13.848840
20.443420
19.584440
15.193200
17.589540
17.438750
12.848880
16.758750
19.266310
13.694450
14.395290
18.927080
14.835070
17.965790
18.655640
13.222780
14.535080
14.901270
21.883230
10.622640
17.828590
17.080390
18.319720
18.503850
17.878280
20.890770
10.414650
14.381490
18.351070
17.107330
11.627440
14.914030
15.384510
14.652380
8.416380
19.539410
15.268250
17.412100
17.928740
16.203290
17.000620
18.055750
19.436050
15.489620
13.531470
19.558240
14.681830
12.694400
14.980250
13.132020
17.600370
13.371120
18.951800
17.671830
19.769370
23.207640
20.046470
11.227890
14.608460
15.729510
14.721950
19.121590
20.545240
15.739730
16.744790
20.093730
12.188200
14.130980
12.175590
21.346880
15.482980
20.482830
16.139490
12.837300
13.852010
14.723100
20.969310
21.416060
19.041130
16.592570
17.571660
11.454450
21.023240
15.322240
13.752270
18.034330
22.341200
17.149210
17.307330
23.487890
13.313560
16.566430
14.937920
16.104240
15.255240
15.465650
11.738890
18.605250
8.380600
8.638470
17.688250
13.394830
14.254630
17.537610
16.432330
14.528870
17.332620
20.323200
14.009970
15.444870
12.295830
17.645570
18.802740
15.286840
16.378190
13.508140
14.770790
19.411610
12.544850
17.549790
14.326600
21.425070
22.263310
16.234460
13.609290
14.968310
11.895680
18.355020
17.372790
10.979130
13.205650
18.061090
20.381590
17.820080
19.159030
16.340800
19.844450
19.640090
14.662260
13.439160
16.161480
14.858480
18.819940
14.473250
15.015120
15.110870
15.316120
15.482620
18.422400
12.096270
12.234410
11.249270
19.844100
17.975060
15.813860
20.507280
16.543630
20.331010
15.987110
16.689250
19.833520
18.374680
19.060700
18.374570
16.919590
17.177770
15.364420
18.319100
15.678800
11.678330
12.320760
18.573970
14.662550
19.778510
11.921730
14.518560
13.943160
15.147890
15.415380
18.700580
16.090470
17.809150
15.438130
23.591230
13.621210
20.633890
16.905860
12.883770
18.804420
10.971050
14.219160
16.077540
15.960950
16.940890
18.156140
11.754310
19.985300
15.588220
17.009220
13.679080
15.443230
13.062360
20.164770
15.657940
14.896750
12.736950
16.025240
21.836790
12.145990
14.115080
11.762540
16.159030
17.672900
14.587360
17.442310
20.347870
12.913590
18.627250
15.390510
13.876530
16.028170
18.361770
14.924200
16.432460
16.581750
11.820600
21.075020
17.549460
20.894030
10.434540
16.007440
17.162020
19.978510
19.715750
14.522180
18.949430
20.635180
20.398660
18.665770
17.318250
12.385860
12.212250
17.297090
18.554450
15.914530
18.210040
13.476100
15.824990
15.850210
13.380920
14.349410
15.371780
19.248310
19.310680
15.305840
12.920620
22.173830
12.445590
12.692110
22.807230
16.884560
17.904550
20.585310
15.430380
20.942320
18.218700
14.478570
11.108920
15.482400
11.920910
12.418270
9.638090
14.465380
16.787410
20.631600
22.098710
19.375580
14.386840
17.431810
16.305440
19.599120
18.037080
16.971860
17.403520
9.435930
12.926270
15.103980
14.118640
18.240170
10.808060
18.694160
13.488890
15.231150
11.314590
14.746100
15.992600
19.649490
19.850190
21.044240
18.191160
17.268400
12.311920
8.405750
9.962310
18.953340
19.911770
15.015590
11.611940
16.949700
15.626530
15.726430
18.093040
17.662200
15.951130
16.123760
20.451070
20.995560
12.478500
14.877790
10.064910
14.876990
11.205240
9.511060
16.360260
16.740840
17.879270
13.960090
20.901980
12.647700
18.891490
10.674940
13.320350
12.556790
16.862550
18.323310
16.407860
11.039610
12.925980
15.197480
20.584590
13.552280
11.488040
17.724060
25.199860
20.217400
17.086570
13.664600
22.215790
11.628600
19.888530
18.792680
13.021790
17.645880
13.390510
12.127650
17.301520
7.998060
19.415830
16.874100
14.534420
9.641930
13.192060
13.525660
14.544590
13.739860
15.305010
17.818750
15.304790
22.799370
15.665720
22.413870
19.411870
13.793650
14.284700
11.937800
16.951790
12.933660
21.050750
14.986660
12.475330
14.973090
20.562590
10.261510
17.700350
13.472490
14.313160
12.958800
20.252640
14.453270
20.725580
17.824290
17.372470
19.091410
10.770320
18.653380
14.412450
17.290720
12.351210
16.371810
21.211340
18.709420
13.312600
13.707250
14.143230
23.278760
14.240400
18.408310
16.737850
19.321230
9.208850
12.513460
9.899020
18.146100
18.500270
14.084430
19.593560
16.654580
13.583580
9.020430
16.740450
15.959210
16.344390
19.747370
14.969680
19.200720
23.808280
12.823790
11.850370
14.143120
14.190780
11.511710
15.548070
18.769160
18.515550
19.758250
14.421210
16.839200
10.679180
18.162870
14.953890
16.658960
16.944760
11.951270
16.318830
12.450830
23.451430
21.166750
11.959240
12.111810
20.140630
21.901130
17.908220
19.755910
13.005460
18.909830
11.875120
17.247760
12.178720
19.505350
13.430520
20.269900
17.418040
14.584530
12.073690
11.664060
15.481270
15.181380
12.982740
14.550990
12.436490
13.525660
18.654610
13.638020
19.665620
14.687430
13.070680
14.161880
20.145370
11.382300
9.320560
16.240380
12.791520
15.308800
11.169850
12.540710
14.676560
12.923410
12.810910
13.677680
14.314870
15.651370
15.505810
18.114360
12.616750
19.800280
19.788150
14.317620
19.621150
18.453740
14.784750
23.453130
13.259600
14.709020
21.384130
12.612040
17.395810
17.555170
19.671610
9.744410
22.435180
16.896360
10.735260
15.405720
19.751040
11.972640
16.587400
17.064760
15.059660
11.711870
18.259240
17.511890
17.990210
12.553740
15.984400
15.821830
21.139790
14.287070
17.123250
14.044640
19.965890
21.272690
18.537400
14.509240
11.423630
12.338950
14.743210
22.750090
16.238700
14.162090
13.898200
19.520280
15.815830
16.298740
13.395720
14.791320
12.987390
13.650260
19.761770
16.988300
15.973630
17.423080
17.487010
13.371460
19.524500
16.288260
11.888710
19.199310
16.006380
13.895940
16.004010
14.206930
12.019060
18.887610
12.616340
11.942490
12.135570
11.060860
14.669770
16.346060
20.102380
13.477890
15.265560
21.326310
17.784480
12.982070
18.763270
18.211880
15.902190
17.371350
11.602840
18.727050
13.282020
11.533320
18.797230
14.375330
15.595140
18.782370
14.454180
15.392560
21.556600
11.924160
18.831800
19.441960
16.462190
12.312760
15.378700
17.241070
12.607610
12.583520
12.874490
14.422600
14.354610
14.038180
18.711050
21.119650
14.744260
15.960480
17.731730
14.329340
17.977900
14.545590
13.549120
19.105170
15.964100
12.583910
23.023720
21.309530
12.492300
15.767370
12.866650
14.012620
14.182580
15.302250
15.557100
15.511350
12.440060
13.469260
11.224570
12.346530
22.663480
11.478380
18.010230
18.783340
14.435050
16.550000
17.777730
15.996940
17.340240
18.503700
21.067460
19.135880
14.443360
16.232730
10.504980
21.568720
11.438870
14.388700
14.060650
12.700680
20.681690
15.436050
21.832640
11.812470
14.288570
15.299050
17.838550
18.464110
12.862640
16.977500
14.871830
20.171010
17.302930
15.282560
19.426410
14.797970
9.747590
18.552510
13.491300
11.745500
14.459340
16.271780
18.098790
12.636690
18.043820
10.650770
11.427800
16.201460
17.173310
14.990120
15.959200
11.147340
23.278180
17.863970
20.088050
13.178920
16.614820
16.330420
10.230390
14.811760
18.227520
13.386190
14.480400
17.071890
18.268250
18.961420
11.869480
16.109140
15.235240
12.227520
19.305650
16.835510
17.305470
10.816330
18.938900
15.897680
13.254870
12.769430
15.799290
17.221520
18.033340
10.780780
12.447310
17.549370
13.652530
22.319490
16.040600
15.763840
13.851670
16.289950
12.923480
12.800090
19.314950
18.382500
19.661290
14.469980
21.085840
19.486820
15.373120
18.643030
20.562700
18.519070
18.888760
19.652940
15.649490
17.581720
12.506300
15.518720
16.599900
13.097860
18.180030
18.224070
15.722030
14.353840
18.781370
15.825560
18.092050
14.254720
15.245590
12.445330
15.381820
21.667950
14.914060
18.950080
14.124070
16.313300
10.127480
16.755710
16.459080
14.164980
19.693690
16.160970
13.751780
18.432190
19.568160
13.305950
