24.1
31.4
29.7
23.1
20.6
48.1
28.5
34
72.7
24.1
72.8
39.2
29.3
26
28.3
46.3
69.8
11.7
32.9
15.9
9.5
34.3
15.3
25
31.2
22.7
44.7
9.5
18
91.1
73.5
19.5
24.5
28.1
33.6
27.4
32.4
15.9
16.8
19.7
24
17.5
15.4
10.9
27.4
28.8
27.5
49.7
15.4
23.2
14.3
27.4
58.9
32.9
13.8
53.9
49.7
25.1
78.2
18.5
17.7
24
10.9
36.5
35.5
22.7
20.5
94.5
27.1
14.7
29.4
13.5
19.3
20.5
69.2
29.1
61.9
45.8
31.3
27.7
33.1
41.9
29.5
54.9
23.8
32.5
22.7
25.2
22.4
22.2
14.1
23.8
18
73.4
15.5
30.7
22.7
26.4
23.3
87.9
23.8
21
36.4
31.7
23.8
31.2
16.7
45
15
15.1
38.3
22.2
18.6
70.1
28.4
8.3
22.6
23.4
26.4
23.8
74.1
17.7
90
26.9
13.5
14.6
21.1
14.7
15.9
36.6
24.1
23.2
29.5
27.4
60.6
26.8
66.9
12.8
85.4
18.7
21.3
65.6
16
66.1
28.2
61.5
23.2
19.5
17
21.9
15.6
31.4
30.1
24.1
45.5
19
28.1
28.9
19.3
20.8
61.8
16.5
77.9
32.6
16.7
70.7
26
25.8
19.2
21.7
21.8
75.1
13
29.8
21.2
68.8
41.2
29.3
22.5
19.7
15
34.4
15.1
45.6
21.3
37.9
24.1
30.2
25.1
20.9
28.1
28.1
78.8
26.8
19.7
15.1
25.6
31
19.1
25.3
66.7
26.9
23.8
10.9
24.1
78.5
58.8
12.8
62
23.3
16.5
52.3
20.4
31.7
18.2
67.4
26.2
26.3
74.7
16.2
32.3
34.6
67.3
34
71.2
24.3
18.3
29.1
21.1
30.7
23.5
25.9
28.9
34
24.3
70.7
62.9
16
30.3
94
20.5
36.2
30.2
21.6
20.6
26.8
32.9
71.7
27.4
63.6
91.1
20.2
37.4
34.9
22.3
67.4
15.2
28.2
13.8
36.5
18.5
31
24.4
20.7
16.2
47.5
8.9
65.5
10.5
20.6
29.2
49.1
21.2
26.9
32.3
12.4
19.9
14.3
54.4
93.9
18.3
39.7
19.4
13.1
26.9
20
13
18.9
27.5
12.5
26.7
20.1
36.4
28.8
17.5
15.1
25.6
55.1
33.4
30.5
14.2
36.2
35.7
22.9
27
23.8
12.8
12
30
27.5
30.9
22.6
68.6
26
38.2
87.5
66.4
29.1
18.1
69.5
71.7
17.3
18.6
43.9
87.5
22.6
20.4
13.7
14.6
28.4
19.6
29.4
25.1
74.1
25.6
78.8
60.1
28.7
16.6
34.3
32.3
67
12.8
29.9
26
40.9
21.9
14.6
18.4
69.2
13.3
39.2
16.1
27.1
27.6
15
10.4
16.7
22
25.4
15.4
18.7
32.3
33.5
37.7
14
28.7
18.6
74.8
36.1
77.5
24.8
15.7
29.1
21
19.3
47
22.9
21.1
38.6
31.1
32.5
21
91.4
26.4
26.5
75.2
10.3
27.4
18.4
65.6
44.9
53.9
64.4
18.7
14.8
20.2
22.1
13.6
21
28.8
19.4
32
21.5
20.1
52.7
18.1
19.9
27.9
19
74.5
22.7
32.2
14.7
41.7
19.4
53.4
94.1
53.7
23.5
56.1
71.5
81.2
19.4
65.5
15.9
23.1
21.1
47.3
19.6
34.2
80.5
11.2
35.7
22.7
21.4
26.3
56.9
37.2
27.2
30.5
24.3
37.1
22.5
11.7
71.5
14.1
21.4
36.3
14.4
65.7
19.2
25.2
26.2
48.5
23.2
12.1
14.3
28.6
37.2
23.9
75
36.9
47.1
22.6
38.5
27
20.5
89.6
61.1
22.2
77.9
85.3
42.4
67
17.8
20.2
91
28.3
23.9
31.4
20.6
21.7
14.5
29
31.5
33.4
37.3
36.7
23.6
95
16.4
14.3
13.7
21.1
80.4
19.5
23
40.4
26.3
25.1
13.5
24
66.6
23.5
44.7
23.6
74.2
22.5
22.9
21.7
87
25.5
13.4
15.4
40.6
43
16.2
36.5
62.4
28.7
66.3
47.9
22.7
22
20.3
62.4
55.1
18.5
41.4
23.1
19.6
25.2
71.6
20.3
49
15.6
18
32.6
26.5
21.3
8.7
23.8
47.9
22.7
21.7
78.5
28.4
20.9
19.7
27.8
8
80.6
22.2
64.1
19.6
23.1
33
64.1
19.2
27.8
23.6
67.1
19.9
18.8
16.1
21.2
18.9
61.4
34.6
35.1
27.8
27.2
73.5
15.2
16.7
45.2
35.1
28.6
45.3
66.7
76.2
14.4
22.5
19.8
19.9
18
20.9
20.1
72.8
44.4
45
41.8
40.2
21.2
58.5
12.5
16.8
34.2
24.5
23
16.9
14.2
21.1
25.7
14.5
37.7
12.6
26.1
75.6
13
19.4
17.3
19.5
21.3
26.3
19.6
15.9
63.9
21.3
18.2
26.4
65.7
52.5
82.6
34.4
36.6
28.6
15.6
86.9
36.1
23
55.2
30.3
16.8
85.6
10.1
25
21
62.4
11.5
20.5
50.9
23.7
24
53.2
17.3
73.8
28.4
24.9
20.3
9.9
25.8
19.2
21.6
14.2
55.6
54.3
24.1
68.9
64.5
92.8
27.9
22
17.3
81.3
37.1
29
13.5
12.1
10.3
56.3
88.3
91.8
53.5
20.9
54.9
22
11.3
31.6
15.3
22.1
46.9
18.4
25.1
20
77.5
24.1
10.4
25.1
8.9
27.2
23.6
58.8
24.5
16.4
21.4
11.6
18.7
24.4
59.4
19.7
14.4
19.5
80.5
46.9
51.5
21.2
12.2
66
88.8
10.2
13.3
20.4
35.6
31.4
69.8
16.2
24.7
11.9
51.8
27.1
23
13.6
83
38.5
26.5
16.9
14.8
19.9
71.3
19.5
15
83.6
18.3
12.1
31.2
12.8
23.5
13.7
55.8
14
32.1
85.4
20.2
15.3
32.4
17.1
42.3
75.6
35.3
23.5
22.5
19
40.2
58
80.7
22.9
33
70.9
25.4
77.9
31.4
62.5
27.6
9.2
35.8
23.3
24.4
49.2
21.1
61.8
24.4
20.4
21
19.5
17.5
84.1
36.8
26.7
21.8
13.7
28.1
23.4
17.1
63.4
66.1
16.4
28.6
74.9
31.1
45.1
52.8
19.4
26.7
10.7
64.8
20.8
27.9
20.4
44.1
15.7
29.3
28.3
14
70.1
10.1
32.1
18.7
30
28.3
28.1
17.5
27.1
47.7
20.1
24.6
28.5
54
10.7
43.8
14.3
14.5
26.9
35.2
45
69.9
90.3
21.4
32
22.4
22.3
18.5
34.7
81.3
16.2
33.1
27
23.4
11.4
25.1
23.3
27
39
24.9
45.3
17.2
27.7
17.4
62.4
18.8
8.5
13.8
28.6
21.4
17.5
20.1
15.5
62.8
27.5
20.3
56.6
30.3
79.5
79.6
24.7
48.6
14.3
32.8
21
11.9
75.6
11.9
33.3
21.3
22.5
26.9
26.6
21.3
17.3
61.9
53.5
26.3
56.1
71.2
21.4
30.7
13.3
24.7
26.5
18.7
18.8
15.5
45.7
29.9
28.9
28.4
17
23.2
63
60.4
26.5
14.2
41.5
22.7
24.5
63.1
51.9
27.8
20.4
35.3
66.1
26.1
57.7
18.4
18.1
66.4
20.2
18.1
14
26.4
60.9
26.4
30
37.1
21.5
17.7
16.2
23.5
75
15.4
32.6
25.5
25
21
16
65.1
59.4
28.6
23.1
40.6
53.6
79.4
39.5
86.4
25.3
33.4
36.1
23.7
19.2
92.6
27
18.6
26
12.7
14.8
10.3
45.5
68.8
88.8
24.5
24.4
26.7
61.8
17.2
25.9
22.3
23.5
50.4
11.7
16.4
58.6
28.1
19.5
41
19.6
44.6
15.9
14.2
37.9
25.6
35.3
24.4
74.4
47.1
17.1
28.2
39.5
32.9
27.4
20.5
16.7
24.2
23.4
27.4
27.1
15.1
44.1
17.1
26.9
43.6
36.2
13.5
29.1
15.3
18.8
26.6
20.6
19.8
34.8
83.4
25.2
24
18.7
17.5
12.3
17.3
21
11.3
15.4
31.5
11.4
18.4
19.4
30.3
34.9
77.1
32.1
18
27
40.1
67.5
54.7
28.6
23.6
13
17.5
22.8
42.5
14.4
25
84.6
83
11.3
54.9
33.4
13.8
46.9
24.7
28.9
18.3
77.5
14.2
24.2
19.8
63.1
29.9
18.7
11.5
69.5
33.8
12.5
13
20
38.9
22.3
88.7
74.8
16.5
62.1
13.8
14.4
12.6
20.9
48.1
26.8
13.9
73.3
12.1
25
20.9
32.7
55.4
14.9
18.1
30.5
25
25.3
34
74.8
7.3
20.8
28.2
15.1
72.3
15.1
28.2
36.6
13
21.5
36.8
27.6
42.3
13.2
11
90.7
30.4
29.4
57.5
66.2
65.2
26.8
20.6
71.1
10
38
26.4
27.8
22.9
26.4
49.4
29.4
77
34.7
32.4
20.2
61.5
14.5
18.1
87.3
25.3
28.7
66.4
56.3
31
22.6
26.9
21.9
23.6
19.3
16
15.9
69.6
19.2
29.6
57.7
15
16.7
59.9
49.6
15.6
38.1
50.5
81.1
28.8
15.7
33.8
75
25.5
16
72.2
17.2
17.2
44
14.9
14
