462.130670 342.133840 25.965996 23.900000 34.200000 25.600000 82.400000 11.476740 41.800000 0.736858 -0.527504
488.766800 353.912890 27.590644 21.000000 32.000000 27.700000 85.300000 15.051190 36.300000 1.599436 -0.713071
565.737970 292.946090 48.218768 19.300000 41.900000 25.100000 79.700000 13.150960 43.400000 1.056876 -0.641617
532.086910 259.657690 51.200136 19.300000 51.900000 22.800000 72.000000 14.252670 45.600000 1.025046 -0.591176
527.554550 257.734260 51.145477 17.800000 50.400000 23.700000 74.100000 16.264610 42.100000 1.663863 -0.657479
562.633740 182.680070 67.531263 12.700000 51.700000 13.400000 88.100000 16.907660 36.400000 1.209070 -0.715691
531.308500 212.842310 59.939976 17.900000 55.000000 19.600000 73.500000 16.048760 44.800000 1.167030 -0.658587
532.718710 375.286400 29.552615 20.200000 33.000000 30.900000 81.900000 16.450620 36.000000 1.440307 -0.792030
467.593260 283.319020 39.409088 23.000000 39.200000 19.000000 84.900000 10.132050 44.400000 0.655937 -0.516892
464.616420 275.919560 40.613472 22.700000 36.500000 20.200000 86.600000 12.991280 41.800000 0.964002 -0.672551
601.550130 231.870570 61.454489 18.200000 55.700000 16.400000 75.800000 13.236870 48.500000 0.713930 -0.619898
471.768890 313.762030 33.492429 20.000000 40.300000 21.300000 84.300000 13.745140 39.400000 0.973837 -0.605042
588.000240 234.368740 60.141387 16.300000 44.400000 19.100000 86.300000 13.718330 39.900000 1.155255 -0.696512
540.835860 203.164650 62.435063 17.500000 42.900000 17.400000 88.200000 14.045100 41.100000 1.171299 -0.764186
507.972770 348.937870 31.307761 23.000000 35.800000 27.300000 79.900000 14.460140 41.400000 1.612365 -0.681255
600.791860 399.320860 33.534243 24.900000 48.000000 32.500000 60.800000 15.143070 51.000000 0.814437 -0.635058
564.963700 347.662450 38.462869 20.100000 41.200000 25.200000 79.500000 16.988170 41.000000 1.274406 -0.794165
670.931010 411.059960 38.732902 21.300000 42.000000 35.300000 67.400000 18.737010 43.400000 1.472108 -0.909753
641.602010 416.917080 35.019362 21.800000 42.000000 38.400000 63.900000 11.860630 47.200000 0.789730 -0.531989
548.987470 320.753990 41.573532 25.400000 45.900000 28.900000 65.800000 16.278740 51.900000 0.951761 -0.705711
551.126480 171.090110 68.956289 15.200000 43.500000 13.000000 94.300000 14.433860 38.100000 1.057777 -0.783778
466.587520 402.588760 13.716346 28.100000 32.300000 41.700000 64.100000 10.600700 43.900000 0.911886 -0.409571
579.365730 394.745960 31.865842 19.700000 35.100000 28.500000 82.700000 11.114810 37.800000 0.865488 -0.565561
487.789170 369.134020 24.325089 24.200000 33.300000 30.200000 78.300000 13.039710 41.700000 0.860377 -0.583461
483.126200 225.208670 53.385126 21.400000 52.300000 18.300000 74.000000 9.805130 49.800000 0.538674 -0.433186
497.654100 356.731540 28.317371 21.000000 30.800000 24.600000 89.600000 9.250710 37.000000 1.041010 -0.488182
459.509520 183.217550 60.127583 18.000000 48.800000 15.900000 83.300000 11.514130 42.500000 0.737396 -0.516170
583.982590 245.244400 58.004844 18.300000 44.300000 20.800000 82.600000 11.890030 44.300000 0.940205 -0.623467
524.139090 297.505790 43.239152 18.000000 40.900000 20.300000 87.000000 14.205860 37.900000 1.443275 -0.663849
565.170700 351.906950 37.734396 21.000000 34.800000 26.200000 84.000000 16.932080 39.200000 1.411353 -0.911152
491.524140 354.668180 27.843182 23.700000 28.600000 29.400000 84.300000 13.447320 39.100000 1.443828 -0.705850
631.647230 312.201730 50.573403 20.000000 45.600000 22.600000 77.800000 11.772870 47.200000 0.784242 -0.605889
576.202460 382.879370 33.551243 22.400000 38.900000 29.100000 75.600000 12.695920 43.100000 0.832724 -0.608505
474.334300 303.300420 36.057667 22.100000 40.200000 21.700000 82.000000 8.784330 44.700000 0.833627 -0.417274
618.724900 167.408240 72.943025 15.400000 44.400000 16.600000 89.600000 16.351880 39.100000 1.483925 -0.858493
522.705920 372.623110 28.712667 20.900000 40.600000 26.900000 77.600000 11.823310 41.300000 0.819082 -0.505521
465.157240 220.575790 52.580381 18.000000 33.800000 15.400000 98.800000 13.775260 35.300000 1.318098 -0.839492
678.508780 393.384280 42.022227 18.200000 55.000000 26.100000 66.800000 11.290950 47.500000 0.595733 -0.460161
555.540920 332.807510 40.093070 18.800000 36.200000 26.100000 85.000000 13.212020 37.800000 1.182871 -0.662324
545.059820 397.687960 27.037741 19.900000 39.700000 28.300000 78.100000 12.746650 39.300000 1.223722 -0.552447
604.684030 324.907520 46.268215 18.900000 43.300000 26.700000 77.100000 16.831960 41.000000 1.446267 -0.787577
488.756040 275.398140 43.653251 26.000000 51.300000 25.400000 63.300000 13.569660 54.400000 0.705608 -0.543449
488.178830 348.829330 28.544765 27.800000 38.500000 30.500000 69.300000 13.909440 48.400000 0.961716 -0.600198
566.253270 266.780250 52.886762 17.700000 53.600000 19.800000 75.000000 15.242120 43.900000 1.020081 -0.631025
549.661480 374.315770 31.900673 19.400000 34.400000 30.900000 81.400000 13.370820 36.600000 1.140955 -0.630308
633.868460 348.513590 45.017995 22.600000 45.700000 29.900000 67.900000 13.192370 50.100000 0.864361 -0.608016
443.524330 239.999660 45.888051 22.500000 40.100000 20.300000 83.000000 16.511570 43.200000 1.691360 -0.814402
487.055530 380.267990 21.925126 27.800000 32.900000 31.600000 73.700000 11.063980 46.100000 0.961829 -0.491982
581.430530 381.207170 34.436334 17.500000 37.600000 26.800000 84.100000 14.053530 35.700000 1.098856 -0.661833
510.852250 245.850350 51.874471 19.700000 45.800000 23.900000 76.600000 16.122560 43.800000 1.266188 -0.717565
478.250250 340.720320 28.756897 22.000000 39.200000 23.200000 81.600000 8.623110 42.600000 0.802682 -0.382953
478.435930 322.832020 32.523458 21.300000 38.100000 19.400000 87.300000 8.320870 41.500000 0.725675 -0.406074
641.047070 408.464570 36.281657 20.200000 34.600000 38.600000 72.700000 15.590640 38.700000 1.355683 -0.844768
510.217990 283.681720 44.399899 17.600000 45.200000 15.400000 87.900000 11.684510 40.600000 1.015631 -0.543019
551.112780 368.201810 33.189390 18.800000 33.600000 26.800000 86.600000 14.582790 35.100000 1.287430 -0.738640
570.639480 325.658070 42.931031 20.600000 52.400000 28.500000 64.600000 17.081400 48.200000 1.141863 -0.681593
442.222010 311.559210 29.546879 21.500000 35.000000 21.600000 87.900000 11.456900 38.600000 0.831335 -0.535756
501.097690 398.288970 20.516702 25.800000 33.000000 34.600000 72.600000 11.416070 43.800000 0.875046 -0.483567
475.675630 194.016840 59.212365 16.500000 44.900000 13.900000 90.700000 14.091860 38.300000 1.027477 -0.672531
495.953680 223.118680 55.012194 19.500000 48.800000 13.700000 84.000000 12.138070 45.400000 0.656348 -0.591734
497.243700 359.448160 27.711872 21.300000 27.500000 29.100000 88.100000 14.101580 35.000000 1.270125 -0.756626
469.865410 202.979250 56.800555 17.400000 44.700000 15.400000 88.500000 16.241940 38.600000 1.273324 -0.752056
463.167870 238.547810 48.496468 18.400000 43.400000 15.800000 88.300000 12.467240 40.200000 0.884318 -0.608181
477.623430 331.689360 30.554211 23.500000 37.900000 28.300000 76.300000 15.292060 42.100000 1.499021 -0.659908
446.120760 279.554500 37.336586 20.700000 33.300000 20.900000 90.900000 15.040140 37.000000 1.810667 -0.776238
588.243470 335.841650 42.907713 24.100000 40.200000 26.000000 75.700000 14.304310 47.400000 0.981883 -0.747139
699.933540 444.817840 36.448561 16.500000 43.100000 54.900000 51.900000 15.711980 36.800000 1.371429 -0.664438
458.644370 325.727320 28.980417 22.700000 35.800000 21.900000 85.600000 8.613960 41.900000 0.762829 -0.412468
487.329900 305.000160 37.414027 19.500000 39.800000 25.500000 81.200000 17.420680 38.200000 1.414986 -0.744980
449.512190 404.660340 9.977894 25.100000 26.000000 46.300000 68.700000 13.803020 36.100000 0.889041 -0.518637
672.692160 180.474890 73.171251 16.000000 43.500000 19.400000 87.000000 18.427760 40.800000 1.935000 -1.025535
489.007970 234.158340 52.115639 18.900000 50.000000 16.000000 81.200000 12.915020 44.500000 1.116105 -0.584116
516.220680 212.819930 58.773459 18.700000 49.200000 15.700000 82.400000 14.267310 43.700000 0.916708 -0.662174
525.908860 244.510030 53.507148 16.900000 38.400000 17.100000 93.500000 16.249180 35.700000 1.482205 -0.867109
479.854340 261.590100 45.485520 22.600000 43.600000 25.700000 74.100000 12.414720 47.600000 0.836612 -0.536098
464.970780 330.882600 28.837980 19.300000 39.200000 19.500000 88.100000 10.571450 38.300000 0.705419 -0.467602
473.717020 388.011220 18.092194 25.600000 32.400000 34.100000 74.000000 11.119860 41.400000 1.052597 -0.477057
535.784360 385.439950 28.060619 23.400000 45.900000 27.500000 69.300000 9.279490 47.800000 0.498810 -0.375735
571.321950 330.939970 42.074697 18.300000 51.500000 29.300000 67.000000 17.967690 42.800000 1.465321 -0.688335
508.470840 283.835970 44.178516 18.700000 37.800000 20.100000 89.600000 12.169890 38.700000 1.333185 -0.631401
733.443430 267.809650 63.485984 17.200000 57.000000 26.000000 65.900000 15.152510 49.200000 1.172141 -0.677068
510.826560 166.551160 67.395752 14.600000 48.200000 15.900000 87.300000 14.193150 38.200000 1.058773 -0.620958
499.354640 247.750730 50.385816 21.300000 49.200000 18.200000 77.300000 13.590840 46.800000 1.166056 -0.608330
488.662350 349.583970 28.461039 18.800000 37.700000 20.300000 89.300000 9.214470 37.500000 0.595448 -0.418202
676.222270 365.896950 45.891023 17.400000 41.200000 23.900000 83.500000 11.490300 40.700000 0.856094 -0.609484
607.405390 344.418720 43.296730 20.000000 47.100000 24.500000 74.400000 14.615700 44.100000 0.969189 -0.639569
629.306890 446.647200 29.025535 20.400000 46.100000 87.600000 15.200000 13.976460 44.100000 0.946740 -0.739049
569.775540 203.624730 64.262290 14.800000 49.700000 15.700000 85.900000 14.316160 39.600000 1.030812 -0.671006
470.097290 363.306800 22.716678 21.400000 25.100000 27.200000 92.300000 10.384440 33.900000 0.881005 -0.561166
585.287770 354.867670 39.368685 21.800000 40.000000 29.800000 74.400000 15.012430 45.600000 1.115965 -0.729521
512.906100 355.427110 30.703279 21.100000 37.500000 28.500000 78.900000 16.015890 39.300000 1.234412 -0.708017
486.866490 284.973570 41.467820 24.600000 44.800000 21.800000 74.900000 11.708320 49.400000 0.969836 -0.540492
465.361500 253.291370 45.571052 17.000000 38.000000 15.400000 95.600000 12.473880 35.300000 0.974855 -0.623312
496.658080 402.889330 18.879941 23.700000 27.400000 39.200000 75.700000 13.609480 37.300000 1.015616 -0.615690
533.666790 349.983480 34.419101 22.200000 39.200000 24.500000 80.100000 15.784870 42.300000 1.360344 -0.750535
549.978280 238.585400 56.619123 15.900000 48.300000 17.500000 84.400000 16.193610 39.000000 1.243201 -0.731529
742.194510 431.802870 41.820794 20.600000 49.500000 48.300000 48.200000 15.786570 47.200000 1.094827 -0.678235
517.262300 333.340550 35.556767 24.500000 42.600000 28.100000 70.800000 15.917920 47.900000 1.311164 -0.697854
631.158630 378.629580 40.010393 15.400000 43.900000 25.400000 81.300000 13.676010 35.900000 1.026344 -0.569593
639.648390 363.230860 43.213980 16.800000 46.900000 23.000000 79.400000 13.756370 40.000000 0.868773 -0.584549
493.154700 314.062590 36.315604 20.900000 32.200000 22.900000 90.000000 10.738130 38.700000 1.270050 -0.585331
558.342610 307.074240 45.002542 17.700000 36.100000 19.900000 92.300000 14.887080 35.900000 1.296712 -0.809318
480.600320 297.527230 38.092586 23.000000 45.000000 19.600000 78.400000 10.604720 46.600000 0.881263 -0.463613
537.911850 333.693520 37.965018 17.100000 42.500000 21.200000 85.100000 12.480590 37.800000 0.876872 -0.550626
497.430780 395.875100 20.416043 32.100000 35.100000 39.900000 59.000000 11.516640 52.700000 0.879383 -0.449148
546.227100 241.860810 55.721565 17.100000 42.600000 23.600000 82.700000 18.548470 38.000000 1.857948 -0.863178
437.107220 291.633820 33.280942 26.400000 43.900000 21.700000 74.100000 10.660790 49.500000 0.565920 -0.451297
756.635210 326.900250 56.795528 15.000000 44.100000 21.300000 85.700000 15.789110 38.000000 1.577547 -0.820747
482.157390 187.535210 61.104981 19.000000 43.300000 16.500000 87.200000 12.133940 42.100000 0.903453 -0.629226
520.861940 294.309710 43.495639 21.700000 46.300000 24.500000 73.500000 12.923340 47.600000 1.133793 -0.574052
450.259760 268.929970 40.272262 19.900000 43.500000 19.400000 83.300000 11.471850 41.100000 0.797415 -0.500058
460.617070 381.187190 17.244233 23.600000 31.900000 38.200000 72.300000 15.174640 37.700000 1.036952 -0.553542
510.825660 335.627810 34.296995 21.600000 41.900000 20.300000 82.200000 9.514410 43.700000 0.779707 -0.439595
490.845860 339.940420 30.743957 26.100000 36.000000 29.200000 74.700000 15.083240 45.200000 1.383607 -0.687158
508.214090 392.393510 22.789722 20.700000 33.500000 29.600000 82.200000 12.083830 36.900000 0.839848 -0.559264
514.398060 291.497920 43.332228 19.300000 44.400000 19.900000 82.400000 14.301100 41.900000 1.013785 -0.664876
445.986410 337.771670 24.264134 25.100000 34.900000 31.200000 74.800000 13.436720 43.000000 0.862728 -0.535151
538.831560 201.973220 62.516446 16.300000 43.200000 16.600000 89.900000 15.193700 37.900000 1.316207 -0.766179
602.480530 359.302120 40.362866 21.500000 45.300000 32.300000 66.900000 17.292400 45.000000 1.259558 -0.728106
464.648630 383.117890 17.546751 34.300000 85.700000 22.700000 23.300000 11.775880 153.800000 0.930091 -0.578428
512.603620 291.156000 43.200557 22.700000 44.600000 21.800000 76.900000 11.067070 47.800000 0.664444 -0.521317
469.676870 197.897530 57.865174 18.900000 42.600000 15.900000 88.600000 13.265720 41.200000 1.035744 -0.700774
526.049450 326.775820 37.881159 17.100000 41.800000 20.500000 86.700000 12.688410 36.900000 0.906172 -0.551423
614.932230 377.287140 38.645737 20.700000 40.500000 27.500000 77.300000 9.371240 43.400000 0.620831 -0.459671
493.859320 420.711790 14.811410 21.300000 28.900000 40.300000 75.900000 7.169280 34.900000 0.777522 -0.320878
526.424130 372.088890 29.317661 22.500000 37.500000 26.800000 79.200000 10.254630 42.600000 0.987154 -0.478909
548.187000 294.666400 46.247102 19.000000 42.800000 22.200000 82.000000 16.836840 40.500000 1.369796 -0.800379
688.017160 437.991710 36.340002 15.600000 45.000000 58.200000 48.000000 14.314500 36.800000 1.061783 -0.586838
524.108670 324.348230 38.114317 20.400000 44.100000 22.300000 79.200000 12.838210 42.600000 0.880327 -0.565316
642.104120 304.638150 52.556269 22.500000 46.700000 25.800000 71.000000 15.827440 50.800000 1.093749 -0.801222
624.257900 361.035870 42.165591 17.400000 43.900000 20.500000 84.200000 12.327400 40.600000 0.757505 -0.597974
501.434150 290.871480 41.992088 22.700000 38.100000 23.000000 82.300000 15.506340 43.700000 1.450224 -0.798787
627.021010 370.633740 40.889741 18.300000 45.900000 24.600000 77.200000 13.261590 41.600000 0.881139 -0.588207
593.931100 359.270500 39.509734 22.200000 42.700000 27.900000 73.200000 15.108630 46.600000 1.488016 -0.722463
488.486110 351.104770 28.123899 22.600000 43.500000 24.800000 75.100000 10.673970 44.300000 0.943683 -0.429027
537.531760 363.994030 32.284182 22.000000 32.200000 29.500000 82.300000 14.223600 39.400000 1.137343 -0.737730
487.121520 197.359550 59.484535 21.000000 46.100000 18.900000 80.000000 14.119590 45.500000 1.011420 -0.675527
527.922010 225.429960 57.298624 20.200000 46.200000 16.700000 82.900000 15.945850 44.600000 1.113637 -0.811286
640.297820 412.801540 35.529760 18.000000 37.700000 35.400000 74.900000 17.220560 36.300000 1.514314 -0.834206
666.040160 292.300880 56.113625 18.100000 43.800000 24.700000 79.400000 14.943770 43.500000 1.304094 -0.782655
657.202300 251.606170 61.715568 15.100000 45.300000 18.600000 87.000000 15.486750 38.400000 1.272062 -0.792096
532.308240 406.717830 23.593550 21.100000 39.300000 31.800000 74.000000 8.615550 41.500000 0.494209 -0.379698
549.745540 362.640820 34.034786 22.300000 43.700000 31.800000 68.200000 17.367600 45.200000 1.223367 -0.720764
514.358430 257.438600 49.949571 20.600000 48.600000 26.100000 70.700000 15.293910 47.100000 1.076179 -0.637473
522.750610 298.906560 42.820428 26.600000 44.400000 28.700000 66.300000 17.015800 51.700000 1.033648 -0.748418
614.195950 372.700280 39.318994 27.500000 44.400000 33.400000 60.700000 15.113640 55.100000 0.860146 -0.693701
495.193890 214.527300 56.678121 17.500000 43.200000 15.900000 89.300000 9.538540 41.400000 0.664475 -0.512178
670.696030 193.790810 71.106015 16.000000 53.000000 19.800000 77.200000 14.099180 46.200000 1.049353 -0.672347
451.880120 409.461170 9.387213 27.200000 25.800000 38.900000 74.200000 6.426090 39.700000 0.365349 -0.277695
525.856890 341.728070 35.015006 16.800000 39.300000 20.300000 89.600000 11.696050 35.400000 1.217731 -0.519619
510.629510 277.820630 45.592524 21.100000 36.300000 22.000000 86.700000 13.767540 41.100000 1.445640 -0.749054
468.644060 399.144510 14.829922 24.300000 24.600000 39.600000 77.600000 12.494940 35.700000 0.884318 -0.571931
495.896700 346.940110 30.037826 23.200000 39.300000 23.000000 80.500000 8.697800 44.200000 1.076605 -0.401541
494.095250 298.755230 39.534891 20.900000 39.400000 26.800000 78.900000 16.103930 41.400000 1.252004 -0.719017
454.119820 247.081120 45.591205 18.000000 46.300000 17.300000 84.200000 10.958200 40.800000 0.752974 -0.485926
531.372920 301.711650 43.220356 23.000000 39.500000 22.800000 80.700000 16.134470 44.700000 1.404027 -0.835886
543.333090 363.273960 33.139732 20.100000 37.000000 30.900000 77.900000 17.066790 38.600000 1.392612 -0.767541
461.017030 231.278590 49.832962 20.300000 39.800000 15.400000 90.500000 11.164470 41.700000 0.794783 -0.620645
606.518460 395.585260 34.777705 20.400000 44.700000 33.500000 67.500000 19.055670 42.600000 1.399131 -0.799840
477.013830 252.333790 47.101368 18.200000 40.600000 15.900000 91.200000 12.750200 38.500000 0.942037 -0.640092
575.197660 307.071850 46.614552 23.500000 42.400000 24.400000 75.800000 15.663530 47.900000 1.067898 -0.799433
500.715970 400.335360 20.047415 22.700000 32.100000 33.900000 77.400000 10.288680 38.600000 1.019985 -0.469315
456.301200 318.505870 30.198327 19.400000 34.900000 20.000000 91.600000 8.817290 36.800000 0.647845 -0.423072
479.904380 202.188170 57.869072 21.800000 43.300000 22.300000 78.600000 16.156510 44.700000 1.299231 -0.746633
636.038170 134.450760 78.861212 11.900000 43.400000 16.200000 94.500000 19.991360 34.000000 1.687685 -0.901944
566.084460 233.137180 58.815831 24.000000 46.800000 21.900000 73.400000 17.659060 50.400000 1.205867 -0.890089
535.439270 228.823470 57.264347 20.800000 42.200000 19.000000 84.000000 16.593880 43.300000 1.330087 -0.882037
548.099560 145.869080 73.386390 15.300000 43.200000 15.900000 91.600000 18.477720 37.900000 1.568044 -0.905890
567.458750 280.751530 50.524769 17.800000 39.800000 16.300000 92.000000 9.830510 40.600000 0.652343 -0.568229
591.692820 270.667490 54.255404 19.000000 47.600000 18.600000 80.800000 13.808490 44.000000 0.851957 -0.646710
469.511560 135.405130 71.160427 12.900000 37.500000 15.200000 100.400000 21.126930 31.200000 1.797322 -1.138476
524.615550 204.251230 61.066493 14.800000 48.200000 12.800000 90.200000 15.066990 38.200000 1.008068 -0.690526
509.963840 182.722320 64.169554 20.300000 47.100000 18.100000 80.500000 17.790320 44.400000 1.329406 -0.833881
479.592710 231.199550 51.792522 17.500000 45.700000 13.200000 89.500000 12.425840 40.600000 1.092783 -0.596078
486.689880 247.086050 49.231315 27.100000 48.100000 24.300000 66.500000 17.437830 53.900000 1.171888 -0.771398
530.782250 162.677670 69.351336 18.500000 48.800000 18.400000 80.300000 14.544420 44.900000 1.060217 -0.667833
614.070040 127.241180 79.279044 15.300000 41.300000 18.800000 90.600000 19.456730 38.500000 1.475007 -0.939566
757.783010 136.250270 82.019883 11.900000 46.900000 13.800000 93.400000 24.579960 35.100000 2.102995 -1.164910
637.504170 167.120190 73.785240 14.600000 47.800000 15.800000 87.800000 22.277100 37.700000 2.032131 -1.073811
695.578830 133.320800 80.833114 13.600000 43.000000 18.100000 91.300000 24.345220 35.700000 2.644942 -1.563284
508.145400 303.484120 40.276126 20.900000 47.800000 20.600000 76.700000 13.307690 45.400000 1.131768 -0.573763
584.073710 161.519160 72.346100 16.300000 41.700000 14.700000 93.300000 12.569650 40.600000 0.927537 -0.753273
585.988240 417.332410 28.781436 24.000000 39.800000 50.700000 52.200000 14.741800 46.100000 0.918770 -0.670033
581.307520 234.609840 59.641011 17.200000 42.800000 18.000000 88.100000 13.272220 40.500000 1.090465 -0.721098
526.806130 344.279640 34.647754 23.800000 41.300000 27.900000 73.000000 11.352570 46.500000 0.698805 -0.495371
501.181590 406.733140 18.845156 27.400000 34.400000 44.000000 60.600000 10.413430 46.600000 0.928744 -0.421015
471.628160 260.812160 44.699621 17.700000 31.800000 15.300000 101.200000 10.276050 34.500000 0.907211 -0.639129
460.194750 255.612310 44.455622 22.600000 38.300000 18.300000 86.800000 13.719990 42.500000 0.985595 -0.710604
556.247470 346.916810 37.632649 19.300000 39.800000 22.200000 84.800000 9.652800 40.700000 0.637014 -0.471561
519.942290 199.872210 61.558770 19.400000 37.500000 16.800000 92.200000 16.379880 40.300000 1.526337 -1.019207
627.410020 225.292490 64.091665 15.900000 50.200000 17.400000 82.500000 18.330860 40.300000 1.364121 -0.832827
484.438880 236.584780 51.163131 18.400000 38.100000 16.800000 92.700000 16.755920 36.900000 1.632716 -0.881364
476.099130 405.286060 14.873598 22.400000 28.500000 37.400000 77.900000 9.539030 35.800000 1.018244 -0.429775
641.765030 157.183000 75.507703 15.300000 48.200000 15.500000 87.000000 25.913910 38.700000 2.303340 -1.252044
492.155400 323.713410 34.225367 19.600000 36.900000 21.400000 88.100000 9.926840 38.300000 1.048369 -0.476418
617.836630 214.939760 65.210907 16.700000 54.400000 20.500000 74.400000 23.972430 43.100000 2.088562 -1.062438
550.527800 161.337600 70.694014 17.500000 41.200000 16.400000 90.900000 22.239070 38.600000 2.149207 -1.216310
533.729270 184.188250 65.490322 16.800000 43.600000 18.300000 87.200000 23.516650 37.500000 2.433214 -1.152139
479.746210 339.793550 29.172228 24.400000 47.500000 29.400000 64.800000 14.727040 48.600000 0.837596 -0.542602
541.580670 187.118350 65.449589 15.300000 47.100000 17.700000 85.800000 14.016580 38.700000 1.179057 -0.644203
499.435000 211.062720 57.739702 18.800000 46.700000 21.300000 79.200000 18.198490 41.800000 1.568727 -0.811937
495.665000 417.488990 15.771945 23.600000 32.500000 41.100000 69.100000 8.193800 40.000000 0.807715 -0.336027
445.496070 283.331280 36.400947 23.000000 33.000000 20.400000 89.600000 10.078420 41.300000 0.749431 -0.547911
729.158320 261.862840 64.086971 14.600000 50.500000 19.800000 81.100000 21.898080 38.800000 1.874035 -1.027952
472.383610 360.538640 23.676725 22.400000 39.400000 23.900000 80.400000 9.256970 42.500000 0.811316 -0.392975
557.428340 353.965950 36.500188 22.700000 43.600000 29.600000 70.100000 17.098700 46.700000 1.140448 -0.752283
507.516630 248.456950 51.044570 18.800000 43.500000 20.600000 83.100000 19.962330 39.700000 1.692139 -0.927708
524.420100 254.316080 51.505276 20.500000 45.400000 19.300000 80.900000 14.485030 44.600000 1.432044 -0.707365
570.984040 413.432090 27.593057 20.600000 30.200000 34.900000 80.400000 10.588810 36.900000 0.901716 -0.563147
466.720790 182.534680 60.889962 16.800000 39.900000 20.400000 89.000000 15.789600 36.100000 1.660233 -0.746080
688.902920 206.510810 70.023235 21.000000 50.400000 21.800000 72.800000 17.346750 51.500000 1.315396 -0.910596
501.679880 414.821250 17.313557 31.100000 31.800000 85.400000 22.000000 12.616750 48.600000 0.929428 -0.515628
644.842960 323.149660 49.887076 19.900000 45.300000 20.500000 80.300000 12.331130 45.500000 0.761762 -0.640369
554.613540 174.318230 68.569424 20.300000 54.800000 18.800000 72.100000 21.432240 48.200000 1.480990 -0.912342
456.124770 260.723180 42.839504 22.800000 47.700000 26.700000 68.900000 15.879740 48.200000 1.501215 -0.628607
521.080400 263.187810 49.491900 16.500000 40.800000 16.800000 91.800000 13.779910 36.300000 1.054872 -0.665612
449.249180 396.576190 11.724671 25.500000 24.900000 33.400000 82.200000 7.795450 37.800000 0.483364 -0.337278
462.143300 309.693240 32.987617 22.200000 38.300000 18.500000 87.000000 8.240930 42.700000 0.647602 -0.404176
463.571300 379.689100 18.094779 29.700000 29.800000 34.000000 72.500000 10.604180 46.300000 0.858248 -0.457617
448.048580 311.945420 30.376876 20.000000 32.400000 21.200000 92.400000 14.623140 35.000000 1.213449 -0.715431
465.065240 282.143470 39.332497 19.200000 34.500000 18.400000 94.000000 12.655390 36.400000 1.053227 -0.670243
512.256160 239.611650 53.224252 19.800000 52.200000 20.400000 73.600000 17.011600 44.900000 1.600719 -0.690017
481.267980 395.657930 17.788437 19.800000 32.800000 28.200000 85.300000 7.714560 35.600000 0.509187 -0.340131
468.999510 347.677360 25.868289 24.500000 39.800000 26.100000 75.600000 12.310790 44.900000 0.721448 -0.516300
468.709900 312.080480 33.417135 24.300000 35.800000 23.300000 82.600000 11.749500 43.600000 1.162656 -0.575597
660.300660 337.337220 48.911573 19.500000 51.700000 21.700000 73.200000 14.123500 47.000000 0.736168 -0.616571
765.016530 392.818180 48.652328 16.200000 41.500000 31.800000 76.500000 23.788610 36.500000 2.391516 -1.214154
487.577690 238.273470 51.131179 20.600000 42.800000 20.600000 81.900000 12.549160 44.700000 0.906690 -0.628745
467.906210 299.878550 35.910543 22.000000 37.900000 26.700000 79.400000 15.981650 41.300000 1.200699 -0.707660
487.941170 210.566930 56.845837 17.700000 40.300000 13.700000 94.300000 13.479080 38.400000 1.004637 -0.734612
622.722690 317.050570 49.086395 18.100000 47.200000 27.700000 73.000000 17.184910 41.300000 1.489564 -0.743990
556.588660 335.981430 39.635596 18.400000 34.900000 26.400000 86.400000 19.311330 35.000000 1.903922 -0.979724
530.049340 216.299540 59.192565 16.400000 44.300000 19.700000 85.400000 15.769920 38.000000 1.462224 -0.742589
668.253240 386.314200 42.190449 17.700000 39.000000 26.700000 82.600000 11.137460 39.300000 0.887802 -0.586103
499.230640 311.974010 37.509042 18.000000 34.700000 20.600000 92.700000 11.517770 34.900000 0.978992 -0.580886
550.984470 383.429150 30.410171 20.800000 36.800000 33.200000 75.200000 16.577630 39.100000 1.266249 -0.735971
532.469370 382.121800 28.235910 25.900000 38.400000 30.400000 71.400000 13.588340 46.500000 1.122928 -0.617353
489.656110 279.009830 43.019228 21.100000 38.500000 20.200000 86.300000 16.873020 40.400000 1.630968 -0.842598
451.338650 180.281820 60.056197 16.100000 38.400000 12.800000 98.700000 17.788810 34.300000 1.586426 -0.959034
526.614050 168.917810 67.923794 17.600000 39.100000 14.700000 94.600000 12.281790 39.500000 1.005698 -0.724877
455.241530 209.287910 54.027061 20.900000 37.100000 18.300000 89.700000 15.755890 40.600000 1.387646 -0.888822
562.107760 274.953970 51.085185 19.200000 41.200000 20.000000 85.600000 17.551350 40.100000 1.424220 -0.897146
460.737600 208.060640 54.841836 18.600000 41.100000 13.200000 93.100000 9.603390 41.100000 0.644031 -0.565736
466.753090 309.003520 33.797220 24.600000 41.400000 25.400000 74.600000 12.529610 45.800000 0.773027 -0.524689
649.543290 382.924840 41.047064 17.800000 39.800000 30.900000 77.500000 20.678250 37.000000 1.944457 -0.999470
558.116100 230.742370 58.656923 15.200000 44.800000 12.500000 93.400000 14.200090 38.200000 0.892420 -0.738862
539.872720 323.771710 40.028140 19.200000 38.800000 21.500000 86.500000 14.136810 35.300000 1.295792 -0.700008
528.004590 151.993550 71.213593 18.400000 37.500000 16.600000 93.500000 19.662960 38.700000 1.960601 -1.294789
503.848420 337.387580 33.037881 24.900000 35.300000 27.900000 78.000000 10.236550 45.000000 0.683497 -0.492129
545.156290 153.613820 71.822059 20.300000 49.900000 23.100000 72.700000 11.953830 49.400000 0.819357 -0.481465
492.050890 227.240310 53.817722 16.000000 43.900000 14.700000 91.400000 14.566280 36.700000 1.085635 -0.682864
747.086710 294.889820 60.528033 16.800000 42.500000 19.800000 86.900000 15.302190 41.000000 1.219953 -0.910379
465.527550 153.031270 67.127344 15.200000 41.400000 15.700000 93.800000 11.779840 36.800000 0.883516 -1.173081
516.544330 255.728390 50.492460 20.300000 43.800000 22.900000 79.000000 15.509610 42.500000 1.513904 -0.707824
489.525630 200.837870 58.972961 18.300000 41.000000 20.000000 86.800000 13.686040 39.400000 1.277834 -0.672499
448.869520 152.396360 66.048851 16.000000 44.500000 15.300000 90.300000 16.382960 38.000000 1.268351 -0.762221
485.134490 242.901550 49.931090 19.700000 41.500000 17.100000 87.700000 12.486530 41.000000 1.277688 -0.626162
548.829220 345.072290 37.125744 21.400000 37.700000 27.700000 79.200000 13.465180 43.200000 0.961548 -0.651993
554.422360 177.035610 68.068458 18.800000 48.400000 18.500000 80.300000 12.937580 46.100000 0.885147 -0.617678
504.865970 173.276030 65.678806 16.800000 43.700000 13.400000 92.100000 15.589570 39.200000 1.159782 -0.809880
518.836490 407.483200 21.462116 21.500000 31.800000 35.800000 77.000000 9.554210 37.100000 0.957732 -0.449948
516.553260 191.067730 63.011030 16.300000 49.200000 16.200000 84.500000 15.824770 39.900000 1.222826 -0.700146
491.259790 161.964270 67.030831 18.000000 47.600000 18.900000 81.500000 14.686130 42.200000 1.128114 -0.627848
639.302760 326.735760 48.891858 15.600000 49.900000 20.100000 80.400000 14.823800 40.300000 0.975371 -0.642167
507.126350 349.015700 31.177763 24.300000 41.100000 27.700000 72.900000 13.824590 45.300000 1.290157 -0.589035
726.243400 123.809160 82.952112 14.600000 49.600000 19.900000 81.900000 24.890930 40.800000 1.889648 -1.002700
674.917550 377.300170 44.096850 16.500000 45.900000 22.900000 80.700000 14.415960 40.100000 0.965388 -0.671249
452.607850 282.961370 37.482001 21.700000 40.000000 17.800000 86.600000 8.590210 43.300000 0.538824 -0.428277
702.832900 250.920320 64.298723 17.900000 50.300000 22.600000 75.300000 19.348420 44.200000 1.658247 -0.951982
749.679800 215.688340 71.229271 19.600000 56.900000 24.300000 65.200000 21.474010 50.300000 1.687605 -0.978919
463.048020 333.774110 27.918035 22.700000 35.300000 27.600000 80.300000 15.773920 39.900000 1.130419 -0.688215
625.313690 173.925710 72.185846 12.300000 47.100000 12.900000 93.700000 18.626660 34.400000 1.484144 -0.842829
593.895900 238.620860 59.821097 20.200000 51.800000 25.900000 68.100000 21.578400 45.600000 1.785930 -0.896429
595.171870 338.293400 43.160385 26.500000 52.400000 33.200000 53.900000 13.659020 58.200000 0.714367 -0.535335
608.826210 185.212430 69.578769 15.300000 43.500000 14.100000 93.200000 17.906440 37.400000 1.458726 -0.952080
587.938440 301.680430 48.688432 17.300000 46.700000 21.700000 80.300000 13.365100 41.300000 0.973628 -0.607657
695.805840 372.012220 46.535054 18.900000 43.300000 27.800000 76.000000 15.349670 42.500000 1.244473 -0.777793
571.030110 226.916790 60.261852 16.800000 39.600000 16.200000 93.300000 16.248550 37.100000 1.430796 -0.912356
520.335970 281.936030 45.816540 20.300000 38.200000 22.300000 85.400000 14.049440 41.200000 1.184467 -0.742800
491.793950 272.360970 44.618886 17.800000 37.200000 17.500000 93.400000 16.235910 32.400000 1.534308 -0.823886
583.259530 336.370670 42.329160 19.800000 41.600000 24.900000 79.600000 16.960920 41.000000 1.376816 -0.820619
652.965770 205.487920 68.530062 17.700000 60.700000 18.400000 69.300000 15.459510 49.400000 0.880475 -0.647654
495.641710 223.458050 54.915407 18.500000 35.200000 16.100000 96.000000 16.041840 36.800000 1.517451 -0.979038
474.996790 309.228660 34.898790 23.700000 40.500000 26.200000 75.600000 14.207660 45.700000 0.911174 -0.625549
583.198740 175.478400 69.911046 17.500000 40.100000 18.300000 90.200000 16.016490 40.200000 1.642990 -0.922961
568.230920 260.470810 54.161099 17.700000 48.900000 23.200000 76.200000 14.799680 43.100000 1.156746 -0.651906
637.740650 127.878140 79.948253 13.800000 37.700000 17.700000 96.800000 24.501270 33.600000 2.834273 -1.314527
559.971970 314.675340 43.805162 22.600000 46.200000 23.100000 74.200000 13.402280 48.400000 1.162627 -0.634550
564.698430 390.217780 30.898023 23.500000 47.700000 32.200000 62.700000 15.817510 48.500000 0.957676 -0.624392
502.633330 298.660200 40.580900 17.700000 38.200000 19.500000 90.600000 14.788940 35.700000 1.207025 -0.699336
566.054670 129.328470 77.152654 17.000000 43.400000 18.100000 87.500000 19.261470 41.000000 1.449722 -0.882854
562.971030 292.052330 48.123027 20.600000 50.000000 19.400000 76.000000 14.938160 47.000000 1.374665 -0.680178
576.127180 189.615430 67.087921 17.700000 46.900000 19.100000 82.300000 15.146750 43.400000 1.286076 -0.763569
487.816450 148.099840 69.640253 16.400000 45.200000 15.800000 88.600000 17.911130 38.800000 1.316662 -1.321089
502.644760 371.173270 26.155946 29.100000 43.900000 33.300000 59.800000 16.341510 52.800000 1.152064 -0.627296
474.384220 200.927670 57.644529 21.600000 42.200000 20.800000 81.300000 12.037840 44.800000 0.937923 -0.583368
469.058710 161.503070 65.568688 15.000000 39.800000 12.100000 99.100000 18.977470 33.900000 1.599256 -0.958043
530.557710 338.865970 36.130234 20.700000 34.500000 23.200000 87.600000 11.817960 39.300000 1.209667 -0.634718
482.573260 317.069260 34.296140 22.700000 39.700000 20.000000 83.600000 8.608050 44.600000 0.707788 -0.420573
511.686700 148.665530 70.945985 19.700000 38.700000 19.000000 88.700000 15.730340 41.300000 1.380869 -0.840127
708.445910 258.144370 63.561880 16.600000 46.300000 19.200000 83.900000 22.659920 39.600000 1.835351 -1.146042
574.857260 200.095740 65.192100 18.500000 46.800000 17.800000 82.900000 19.812550 42.200000 1.638961 -0.971534
554.714970 297.567820 46.356627 18.800000 42.700000 21.600000 82.900000 19.706820 40.000000 1.633272 -0.950065
611.955710 230.662290 62.307356 15.800000 48.300000 21.300000 80.600000 23.423770 38.100000 2.318159 -1.058586
582.674430 264.404140 54.622320 23.300000 54.500000 25.000000 63.200000 14.817360 53.600000 0.882921 -0.625497
559.209630 191.900920 65.683545 15.500000 45.500000 18.500000 86.600000 12.989700 39.000000 1.525882 -0.623067
456.566770 145.330100 68.168927 16.200000 37.200000 18.500000 94.100000 15.818030 34.700000 1.532268 -0.767590
714.110500 331.248650 53.613810 18.700000 42.400000 25.500000 79.400000 15.178300 44.100000 1.341931 -0.854571
497.212200 190.456140 61.695200 19.000000 42.600000 18.500000 85.800000 18.501060 40.700000 1.692976 -0.942866
439.699030 293.899970 33.158831 24.400000 38.800000 22.100000 80.800000 8.766710 46.100000 0.519902 -0.408755
578.574940 359.025410 37.946602 18.800000 32.300000 26.500000 88.300000 15.621840 35.200000 2.065098 -0.877827
488.577670 354.672580 27.407124 21.200000 36.500000 29.500000 78.800000 14.804140 38.500000 1.491055 -0.616288
601.497370 230.838360 61.622715 16.000000 50.900000 18.200000 81.000000 19.657680 39.900000 1.548094 -0.863021
468.045580 264.472620 43.494260 18.900000 32.300000 15.200000 99.600000 9.684340 36.400000 0.893998 -0.604848
480.204750 320.983750 33.156898 20.100000 37.900000 20.000000 88.000000 8.958440 40.000000 0.869246 -0.435579
561.408370 136.604160 75.667595 14.400000 43.600000 18.400000 89.600000 24.899300 34.900000 2.748846 -1.123775
679.083190 122.691500 81.932773 11.100000 43.000000 14.600000 97.300000 23.256710 33.400000 1.969750 -2.566828
550.388550 268.468030 51.222090 19.600000 41.000000 24.400000 81.000000 18.182220 40.700000 1.649178 -0.891721
534.554930 173.180680 67.602828 18.400000 39.600000 18.700000 89.500000 18.400870 40.000000 1.904824 -1.041531
527.130390 191.637180 63.645204 16.300000 53.300000 17.400000 79.100000 14.734940 42.700000 1.085328 -0.634812
470.425410 408.332670 13.199274 21.500000 27.600000 38.600000 78.300000 8.920560 33.900000 0.944700 -0.377966
709.378400 153.943810 78.298774 12.100000 53.400000 14.000000 86.600000 20.375180 37.900000 1.497881 -0.892654
549.275310 251.608690 54.192609 19.500000 41.400000 19.900000 85.200000 19.883580 40.400000 1.694133 -1.025817
464.295950 131.814700 71.609767 13.500000 35.200000 15.900000 101.300000 19.336790 30.700000 1.952508 -2.571280
576.235400 398.774250 30.796641 18.100000 33.100000 33.500000 81.300000 14.670330 34.100000 1.236595 -0.739704
493.472150 209.687990 57.507634 16.900000 49.400000 14.800000 85.000000 15.253790 41.100000 1.052107 -0.695947
661.109810 145.305630 78.020954 16.500000 48.300000 19.800000 81.400000 23.341440 42.000000 2.284234 -1.102983
746.522470 373.793120 49.928752 17.500000 36.400000 29.500000 82.700000 18.021190 37.500000 1.868548 -1.092277
455.369850 304.798930 33.065632 22.200000 31.900000 20.900000 91.000000 10.764570 39.000000 0.822696 -0.578227
515.170050 217.209110 57.837396 19.700000 49.300000 23.300000 73.700000 16.828040 46.300000 1.249625 -0.738831
518.795730 150.652640 70.961087 15.300000 37.700000 16.100000 96.900000 13.277870 35.600000 1.179921 -1.220676
505.033880 377.347410 25.282753 22.900000 34.000000 30.900000 78.200000 10.372300 40.400000 1.068764 -0.466000
461.786360 218.691630 52.642250 17.300000 39.700000 12.800000 96.200000 11.863050 37.400000 0.828348 -0.633062
579.636920 361.794900 37.582496 20.800000 36.900000 27.700000 80.600000 11.266610 42.300000 0.859482 -0.573973
558.124870 133.991780 75.992509 13.800000 46.600000 16.200000 89.400000 19.991750 38.600000 1.233438 -0.993284
471.930580 147.413170 68.763802 17.000000 43.900000 13.400000 91.700000 16.923830 40.000000 1.095272 -1.447057
501.657050 392.220700 21.814973 20.900000 29.100000 32.800000 83.300000 13.018580 34.300000 1.092115 -0.627220
451.967990 183.120830 59.483673 17.500000 40.700000 13.900000 93.900000 15.751740 37.600000 1.313341 -0.842107
748.146530 246.421630 67.062384 18.800000 51.600000 21.300000 74.300000 14.781600 49.900000 1.042897 -0.787268
497.567580 180.567000 63.710055 15.600000 43.200000 12.700000 94.500000 16.814700 36.700000 1.297122 -0.839008
515.561200 159.181500 69.124616 14.700000 45.000000 13.500000 92.800000 19.651510 36.200000 1.638791 -0.944800
545.802150 238.735950 56.259617 21.500000 51.700000 22.500000 70.300000 17.911730 49.200000 1.211444 -0.803032
519.253460 385.505180 25.757802 20.100000 34.200000 27.400000 84.300000 10.861770 35.300000 0.894436 -0.504568
511.701640 282.222050 44.846366 15.700000 37.900000 15.000000 97.500000 13.405610 34.000000 1.393454 -0.667621
499.672500 301.022230 39.756094 21.500000 44.900000 23.800000 75.800000 14.655660 45.100000 1.373294 -0.649025
512.506300 222.182170 56.647914 17.000000 40.100000 13.400000 95.500000 12.486030 37.800000 0.858654 -0.679248
556.800040 149.788390 73.098351 15.800000 37.000000 12.300000 100.900000 14.357040 36.700000 1.142698 -0.920654
481.396690 246.147410 48.868072 20.100000 40.200000 19.900000 85.900000 10.048630 42.800000 1.102668 -0.515717
556.937060 368.103690 33.905693 19.400000 33.900000 26.200000 86.300000 10.688080 37.000000 0.909579 -0.557243
541.357000 170.244040 68.552353 14.300000 44.600000 18.000000 89.100000 17.579160 34.900000 1.762327 -0.787930
517.427700 204.849360 60.410051 14.800000 46.100000 10.800000 94.400000 15.404840 37.900000 0.952944 -0.778157
546.870440 137.140250 74.922717 15.400000 38.100000 21.900000 90.600000 15.481460 36.000000 1.562586 -0.729468
509.056310 366.841940 27.936864 27.800000 39.800000 30.600000 67.900000 14.881700 49.400000 1.122089 -0.636399
593.340390 167.096160 71.838061 13.800000 52.000000 12.300000 87.900000 17.826850 40.100000 1.077554 -0.819332
485.057430 237.342130 51.069272 16.800000 38.000000 14.800000 96.400000 9.651330 36.900000 0.852654 -0.544150
515.096860 134.626600 73.863828 12.800000 40.800000 13.500000 98.900000 18.181100 32.900000 1.573484 -1.642166
539.388880 290.708040 46.104184 23.200000 39.700000 23.000000 80.100000 15.269340 45.000000 1.133780 -0.799258
536.148720 321.011060 40.126490 20.000000 46.700000 19.000000 80.300000 9.995930 45.200000 0.554153 -0.458990
605.939570 192.097830 68.297527 16.000000 43.500000 15.100000 91.300000 14.255220 40.300000 1.144582 -0.820963
616.760000 225.937980 63.366953 14.700000 43.700000 12.900000 94.700000 15.607730 37.300000 1.034457 -0.831062
497.214700 192.811960 61.221589 19.700000 49.400000 19.200000 77.700000 20.473260 44.800000 1.555998 -0.944096
468.372310 306.243330 34.615407 19.900000 39.800000 19.000000 87.300000 10.503920 40.100000 0.715491 -0.492757
473.238300 258.999880 45.270727 18.800000 45.100000 16.300000 85.900000 11.219910 41.800000 0.730611 -0.523356
542.940610 426.362780 21.471562 23.500000 30.200000 41.700000 70.700000 11.724840 39.900000 0.868353 -0.539632
554.770170 354.925470 36.022971 25.000000 49.900000 27.400000 63.800000 14.295520 51.800000 0.873713 -0.586487
531.880530 199.546310 62.482870 20.300000 54.900000 19.900000 70.900000 19.140590 47.900000 1.317592 -0.805202
532.414930 189.011690 64.499175 13.700000 44.700000 11.800000 95.800000 15.552000 35.300000 1.113996 -0.765766
551.560280 266.685700 51.648857 17.500000 40.700000 26.600000 81.300000 19.088210 37.100000 2.070605 -0.890966
644.724610 120.473700 81.313929 15.400000 38.200000 23.400000 89.000000 21.945090 36.800000 2.562857 -2.935454
519.566660 154.652640 70.234303 17.600000 38.400000 19.200000 90.800000 16.293890 38.300000 1.649384 -0.999974
503.117540 341.879110 32.047865 19.100000 39.400000 19.900000 87.900000 11.399540 38.500000 1.495467 -0.518470
504.880420 149.892950 70.311198 18.900000 45.400000 17.500000 84.200000 16.805250 43.400000 1.233734 -1.273615
459.543150 386.727840 15.845152 24.300000 33.500000 27.900000 80.200000 7.584410 40.800000 0.664749 -0.324667
486.052090 176.116230 63.765976 22.000000 46.500000 16.400000 81.100000 13.393690 47.600000 0.835197 -0.675537
587.254960 331.549220 43.542542 18.000000 43.600000 19.400000 85.000000 11.140400 41.100000 0.689796 -0.538818
527.650190 319.548530 39.439322 22.400000 40.600000 24.900000 78.100000 16.739340 43.900000 1.419829 -0.805728
523.206750 286.565030 45.229103 21.000000 43.400000 18.800000 82.800000 9.560980 45.600000 0.807818 -0.484872
568.496650 361.974650 36.327743 18.700000 46.500000 21.200000 79.600000 11.447180 42.400000 0.623092 -0.487271
453.627310 146.988680 67.597039 15.000000 40.800000 13.800000 96.500000 16.553600 35.400000 1.253653 -0.810090
485.437590 303.308310 37.518578 19.800000 42.800000 21.900000 81.500000 14.366660 40.200000 1.460734 -0.608110
521.217350 294.658770 43.467198 19.100000 47.700000 18.500000 80.700000 10.505580 44.700000 0.836736 -0.485109
583.534200 398.788030 31.659870 19.000000 36.700000 32.200000 78.100000 14.873210 37.000000 1.203110 -0.702620
515.233820 211.404820 58.969149 20.700000 51.900000 19.200000 74.200000 14.243220 47.800000 0.914796 -0.625190
632.119610 123.218300 80.507123 14.500000 39.800000 19.100000 92.600000 18.423540 37.000000 1.795852 -2.097032
645.432720 371.459870 42.447933 17.700000 44.800000 27.900000 75.600000 17.607120 40.000000 1.466890 -0.793661
559.810130 335.391340 40.088376 23.500000 36.600000 27.100000 78.800000 12.597070 44.700000 1.131592 -0.653419
534.044030 158.970800 70.232642 15.300000 42.100000 16.300000 92.300000 19.846970 35.300000 2.029747 -0.972786
543.786400 148.151120 72.755641 17.700000 40.400000 17.200000 90.700000 17.499130 39.800000 1.680075 -1.046713
522.558550 229.423960 56.096028 16.200000 38.900000 13.600000 97.200000 12.504240 36.400000 1.267888 -0.713552
519.635800 201.704640 61.183460 19.900000 44.200000 19.100000 82.800000 15.634700 42.800000 1.255172 -0.762888
632.740090 265.699430 58.008125 17.800000 49.700000 25.900000 72.700000 19.540450 43.500000 1.802246 -0.897373
534.478430 148.910860 72.139033 15.900000 38.300000 13.500000 98.200000 11.822390 38.000000 0.842893 -1.233807
639.656730 360.519960 43.638526 23.500000 44.400000 29.700000 68.400000 12.686160 50.600000 0.811594 -0.609514
543.654060 373.090120 31.373617 21.500000 40.300000 25.200000 79.000000 9.958380 42.700000 0.589218 -0.455388
508.303450 147.631050 70.956119 16.500000 37.100000 19.300000 93.100000 19.699090 35.600000 2.222495 -1.044054
458.255360 321.324170 29.880979 25.100000 41.200000 23.600000 76.100000 11.800690 46.100000 0.689867 -0.498367
535.034910 192.007850 64.113024 21.100000 41.500000 18.400000 85.000000 15.835390 44.200000 1.307397 -0.871919
590.859410 431.844210 26.912527 19.100000 34.600000 47.100000 65.400000 11.887100 36.200000 0.974094 -0.552674
474.966940 348.357680 26.656436 23.300000 36.500000 25.500000 80.700000 13.534840 41.600000 1.269700 -0.604931
584.736390 252.206200 56.868393 19.300000 42.700000 22.200000 81.800000 21.994350 40.800000 2.040480 -1.131517
546.068260 145.680320 73.321958 19.000000 53.900000 20.600000 72.600000 17.044500 47.900000 1.154648 -0.668429
653.827190 266.069770 59.305796 18.500000 41.700000 17.900000 87.900000 13.235910 42.400000 0.953306 -0.776505
473.366290 409.295430 13.535155 24.400000 29.500000 38.500000 73.600000 9.441020 38.400000 0.905310 -0.406584
484.576830 222.752330 54.031576 15.100000 40.300000 11.500000 99.200000 13.376510 34.900000 0.935082 -0.699730
469.182510 184.174900 60.745574 18.500000 50.300000 16.800000 80.300000 18.209300 43.300000 1.344111 -0.818471
596.090770 137.300830 76.966456 16.100000 40.700000 15.600000 93.600000 20.927630 38.200000 1.817835 -1.107921
713.462430 428.773610 39.902426 18.200000 44.100000 36.400000 67.400000 14.119650 41.800000 1.086272 -0.680539
611.478280 281.029530 54.040963 16.500000 38.400000 17.600000 93.500000 10.121780 38.900000 0.756213 -0.603227
533.733800 238.697650 55.277771 19.300000 48.000000 18.800000 80.000000 17.387790 43.700000 1.626447 -0.818778
480.075100 309.121870 35.609685 21.000000 36.200000 22.500000 86.300000 10.377260 40.300000 1.092347 -0.506042
484.421710 145.317060 70.001951 17.200000 41.300000 20.400000 87.100000 14.370470 38.700000 1.303670 -1.133103
653.419600 405.522560 37.938415 19.000000 50.900000 30.800000 65.400000 13.184660 45.400000 0.911596 -0.533851
652.673250 407.746190 37.526750 22.900000 40.600000 37.600000 65.000000 18.004270 45.200000 1.289235 -0.892919
622.915560 359.367670 42.308767 18.800000 41.600000 27.100000 78.500000 10.957360 42.900000 0.823618 -0.533636
529.432110 220.300850 58.389216 21.100000 50.900000 17.300000 76.700000 19.049290 47.400000 1.233807 -0.888638
622.197640 124.206960 80.037378 14.700000 46.300000 20.700000 84.300000 22.477560 39.800000 1.545347 -1.139296
544.661040 306.546130 43.717999 19.500000 49.300000 18.400000 78.800000 12.755440 45.400000 1.079463 -0.577092
473.702050 230.674830 51.303814 20.200000 44.500000 22.700000 78.600000 14.766430 42.400000 1.164306 -0.638067
532.849490 185.126790 65.257208 18.200000 43.100000 13.800000 90.900000 15.706200 41.000000 1.143917 -0.858170
488.455860 188.210750 61.468217 18.000000 42.600000 14.800000 90.600000 13.975670 40.200000 1.094926 -0.747600
536.417740 233.818790 56.411063 18.500000 41.300000 23.600000 82.500000 20.396010 38.700000 2.116806 -1.008527
499.050720 367.181170 26.424078 19.100000 43.500000 23.000000 80.400000 8.944480 40.400000 0.817828 -0.359976
461.143430 186.161940 59.630361 19.400000 50.000000 15.900000 80.700000 10.627930 45.900000 0.638572 -0.490072
527.992160 194.488220 63.164563 17.400000 44.500000 15.900000 88.200000 16.391940 39.900000 1.322491 -0.828863
578.879280 382.288700 33.960549 20.400000 44.100000 25.400000 76.200000 10.333300 43.700000 0.567857 -0.454768
662.366810 164.877880 75.107768 16.000000 47.800000 15.600000 86.600000 24.621030 39.900000 2.148133 -1.233681
578.656470 301.515470 47.893874 19.100000 48.400000 22.400000 76.100000 17.378750 43.300000 1.253792 -0.764649
521.338930 229.412880 55.995444 18.000000 44.700000 15.600000 87.700000 14.916860 40.800000 1.361081 -0.738293
456.375630 187.300490 58.959139 18.000000 44.100000 17.100000 86.900000 15.535460 39.300000 1.279250 -0.731507
542.571130 215.302510 60.318104 19.800000 39.200000 17.300000 89.700000 15.563690 42.100000 1.337224 -0.946983
490.007750 230.777810 52.903233 18.700000 42.500000 24.500000 80.500000 14.509530 41.000000 1.302275 -0.643494
645.728710 268.114130 58.478828 15.500000 45.900000 17.600000 87.100000 17.825540 38.100000 1.350509 -0.858350
525.650970 346.606860 34.061406 17.800000 38.300000 22.900000 87.000000 9.430830 37.200000 0.692349 -0.434912
510.386010 314.841960 38.312972 19.300000 35.000000 20.700000 91.200000 12.966970 36.600000 1.095655 -0.678062
587.877500 176.306480 70.009657 16.500000 38.700000 15.300000 95.500000 15.584690 38.300000 1.508341 -0.971863
630.049180 309.139990 50.933991 16.300000 54.700000 20.200000 74.800000 13.622700 43.600000 0.813239 -0.557461
485.289780 261.338380 46.147974 18.100000 38.700000 17.800000 91.300000 15.264610 36.700000 1.533879 -0.755097
655.268220 255.723010 60.974300 15.200000 46.500000 18.300000 86.100000 17.820440 38.000000 1.447551 -0.866360
532.124590 226.066380 57.516269 19.500000 41.100000 18.700000 86.600000 17.551990 41.600000 1.515014 -0.973792
522.751180 245.206410 53.093093 17.600000 40.400000 15.100000 93.000000 16.092790 38.000000 1.719005 -0.867485
622.254210 346.623820 44.295464 16.600000 41.900000 21.000000 86.500000 13.700010 37.800000 0.962689 -0.663125
458.779820 253.926230 44.651831 22.700000 45.500000 25.900000 71.900000 16.123600 46.700000 1.703463 -0.669179
673.314590 167.662860 75.098882 16.300000 50.600000 18.100000 81.000000 15.436080 44.900000 1.176458 -0.760111
487.110770 242.948760 50.124535 20.600000 37.100000 22.100000 86.100000 16.018390 41.100000 1.493377 -0.860501
495.061350 291.335450 41.151647 23.700000 41.900000 22.900000 77.500000 17.548190 45.200000 1.379535 -0.811325
502.561920 238.469890 52.549153 20.600000 43.000000 18.000000 84.400000 10.340580 44.900000 0.922475 -0.546257
637.831770 254.669790 60.072577 18.100000 47.700000 21.400000 78.800000 16.303570 44.300000 1.312433 -0.826681
545.962970 300.443680 44.969953 21.800000 50.200000 26.200000 67.900000 19.754140 47.400000 1.372105 -0.825592
493.999820 301.328890 39.002227 18.100000 36.300000 17.800000 93.900000 12.890150 35.800000 1.378471 -0.647500
547.905830 249.930650 54.384378 16.800000 45.800000 16.100000 87.500000 17.574060 39.300000 1.306434 -0.840562
529.511060 373.723080 29.421100 18.500000 39.000000 23.800000 84.600000 9.337620 37.600000 0.912184 -0.412232
553.469160 152.496770 72.447106 16.000000 42.700000 16.600000 90.600000 11.806270 40.700000 0.828833 -0.952070
464.798410 150.462850 67.628364 14.700000 37.700000 14.200000 99.400000 13.577910 34.000000 1.130156 -0.739279
546.096890 295.902540 45.815011 19.800000 41.600000 23.300000 81.300000 15.078480 41.300000 1.263353 -0.739746
532.815570 120.856110 77.317459 15.200000 36.300000 22.300000 92.200000 22.260400 33.800000 2.744173 -2.806415
484.351020 205.565680 57.558533 19.700000 42.600000 19.100000 84.700000 20.966620 40.700000 1.864530 -1.034881
550.420250 398.049190 27.682677 22.100000 33.700000 35.900000 74.300000 15.031150 39.700000 1.165019 -0.700337
464.042300 398.631600 14.095849 22.800000 26.000000 34.900000 82.400000 8.954410 34.900000 0.989733 -0.421987
612.772940 315.417590 48.526188 19.500000 42.500000 24.800000 79.300000 19.641240 41.800000 1.708496 -1.001152
606.825800 337.227300 44.427659 18.900000 54.500000 22.600000 70.000000 12.608800 47.200000 0.728740 -0.516829
609.871180 370.037450 39.325310 20.500000 41.000000 28.000000 76.500000 14.573370 43.300000 1.086798 -0.713469
570.606940 418.784690 26.607151 18.000000 31.300000 63.400000 54.200000 11.605540 33.200000 0.961242 -0.583286
535.110980 306.771550 42.671416 22.900000 38.700000 28.500000 75.900000 15.850100 43.700000 1.283299 -0.782205
781.172870 153.441080 80.357603 12.800000 49.100000 17.800000 86.300000 30.684480 34.600000 3.461555 -1.421865
534.078410 300.598050 43.716495 19.700000 37.800000 21.500000 87.200000 16.860010 38.700000 1.436757 -0.872928
485.553320 308.628520 36.437770 19.400000 41.800000 18.200000 86.600000 10.739150 40.700000 1.002082 -0.499182
643.776790 163.382650 74.621227 14.400000 46.000000 14.600000 91.100000 17.238090 38.300000 1.364277 -0.881134
701.522940 121.333590 82.704259 13.000000 37.500000 18.200000 97.300000 22.284930 33.900000 2.522148 -2.794023
591.788590 320.497490 45.842570 19.900000 41.800000 24.900000 79.400000 13.021120 43.300000 1.582787 -0.657585
600.866500 261.429080 56.491320 21.200000 47.600000 19.500000 77.700000 16.924010 46.700000 1.105350 -0.828091
501.124250 255.253740 49.063782 20.500000 46.000000 22.800000 76.700000 16.379960 42.800000 1.255698 -0.696301
466.207250 155.647780 66.614037 16.700000 42.900000 15.800000 90.500000 16.844740 38.300000 1.431655 -0.961386
507.272580 354.820200 30.053345 20.600000 35.800000 23.500000 86.200000 14.017500 38.100000 1.476467 -0.665150
527.254060 314.276410 40.393743 18.100000 37.100000 22.800000 88.100000 12.331330 36.500000 1.061053 -0.602602
679.981480 230.598340 66.087556 17.600000 46.500000 19.400000 82.500000 15.826490 44.500000 1.311131 -0.891007
641.901320 282.390500 56.007179 15.600000 45.200000 19.500000 85.600000 15.350200 38.300000 1.188157 -0.747052
525.429490 242.152970 53.913327 17.200000 45.800000 16.000000 87.000000 15.214490 40.100000 1.533518 -0.735243
480.721860 171.963670 64.228032 16.600000 35.500000 16.200000 97.700000 12.835680 35.400000 1.345783 -0.757176
692.631470 406.573070 41.300231 19.300000 52.400000 38.200000 56.200000 19.066570 44.200000 1.496332 -0.723730
479.356730 166.479530 65.270222 17.600000 47.700000 17.600000 83.200000 19.586490 40.600000 1.692686 -0.871960
602.073070 340.971640 43.367067 18.200000 47.900000 24.400000 75.500000 14.319050 42.500000 1.026579 -0.619444
576.003170 152.987660 73.439789 16.800000 47.200000 16.600000 85.400000 18.517450 41.100000 1.444298 -0.850259
474.636720 212.075220 55.318413 17.300000 43.400000 12.400000 92.900000 13.739920 39.100000 0.906504 -0.707043
562.478670 287.013670 48.973413 18.100000 45.500000 19.400000 82.900000 15.837650 41.200000 1.175449 -0.751194
460.794690 217.934670 52.704605 21.300000 45.300000 18.300000 81.100000 12.418350 45.000000 0.858840 -0.586830
505.838150 403.860150 20.160203 25.700000 33.400000 38.800000 68.300000 11.977030 42.500000 1.002695 -0.528488
472.101900 213.213360 54.837428 23.600000 40.600000 19.200000 82.600000 12.662580 47.100000 0.908524 -0.687735
602.213490 132.513710 77.995559 16.800000 43.200000 20.000000 86.100000 17.978780 41.300000 1.342396 -0.821494
604.666450 196.146240 67.561250 15.400000 54.700000 16.500000 79.400000 17.221930 42.000000 1.211302 -0.740529
642.330660 298.628250 53.508641 19.900000 52.300000 26.100000 67.700000 15.533860 49.200000 1.084513 -0.693883
526.398760 186.211520 64.625388 19.400000 40.900000 17.800000 87.900000 19.866850 40.700000 1.834501 -1.088134
498.909150 248.804990 50.130201 19.200000 41.400000 18.900000 86.500000 19.572760 39.400000 1.655842 -0.966538
569.578560 222.277980 60.975009 17.500000 54.300000 17.400000 76.800000 13.956670 45.200000 0.865524 -0.611636
567.917060 252.232670 55.586354 17.200000 44.900000 16.100000 87.900000 12.498820 41.500000 1.192457 -0.658246
560.800880 131.183560 76.607818 12.800000 44.400000 16.800000 92.000000 17.410330 36.600000 1.175489 -0.876493
725.229350 389.863340 46.242752 18.000000 47.300000 28.800000 71.900000 13.678870 43.000000 1.407951 -0.607011
522.158400 253.656800 51.421484 20.700000 51.500000 26.300000 67.500000 16.293150 48.700000 1.121440 -0.668772
725.393920 323.800440 55.362124 15.600000 46.100000 20.000000 84.300000 16.582770 39.400000 1.206449 -0.835535
534.065980 209.410390 60.789416 15.000000 52.500000 14.800000 83.800000 13.748110 40.600000 0.882580 -0.601840
512.100030 258.458840 49.529618 21.200000 47.500000 21.400000 76.000000 14.972370 46.500000 1.023608 -0.688408
546.355490 185.546340 66.039265 18.600000 43.600000 16.500000 87.300000 22.394290 40.600000 1.962373 -1.183777
456.887630 381.828580 16.428339 22.800000 29.400000 29.600000 84.400000 10.652470 36.400000 0.728552 -0.473855
640.594930 158.378530 75.276337 15.400000 43.400000 19.100000 88.100000 21.586370 37.500000 2.487679 -1.115727
593.138560 167.028440 71.839895 18.200000 39.700000 17.600000 90.500000 17.461610 40.800000 1.791919 -1.046642
448.706220 181.417740 59.568704 17.500000 37.900000 13.700000 96.900000 15.330000 36.200000 1.350520 -0.865368
735.187100 172.199350 76.577479 18.400000 48.100000 20.800000 78.700000 20.568670 45.700000 1.898130 -1.075675
533.711240 232.095260 56.512953 16.800000 48.900000 20.600000 79.700000 15.610300 39.900000 1.312133 -0.666179
506.652000 287.705270 43.214421 23.900000 49.100000 23.000000 70.100000 13.080040 50.000000 1.060265 -0.549314
611.747580 376.518140 38.452043 20.300000 41.800000 27.000000 77.000000 11.840240 42.900000 0.864233 -0.567630
587.308570 180.805820 69.214510 16.800000 45.500000 15.200000 88.400000 13.949090 42.200000 1.019027 -0.763190
490.292280 186.782570 61.903832 18.000000 45.400000 20.400000 82.100000 18.945630 40.300000 1.729466 -0.865202
655.145990 127.230500 80.579825 13.200000 42.900000 17.600000 92.300000 23.282000 35.800000 2.097229 -2.623335
659.786560 336.865840 48.943210 18.200000 43.800000 27.200000 76.800000 22.379960 39.600000 2.067155 -1.074366
461.657200 324.001790 29.817668 20.500000 36.700000 25.500000 83.400000 13.365540 37.800000 1.038580 -0.573182
647.958770 341.624950 47.276746 20.500000 54.700000 29.900000 61.000000 15.000390 50.700000 1.000967 -0.614743
541.023950 172.204400 68.170651 19.600000 54.100000 19.600000 72.700000 22.079300 46.900000 1.704783 -0.953793
530.505330 198.286550 62.623081 16.200000 48.500000 15.200000 86.200000 18.793580 39.300000 1.431086 -0.869523
629.259120 289.501600 53.993261 16.800000 38.200000 19.500000 91.500000 11.722730 38.400000 0.960614 -0.685505
455.567650 317.040160 30.407666 21.100000 28.100000 21.400000 95.300000 10.173580 35.800000 0.858058 -0.579925
572.270750 198.527470 65.308821 15.600000 51.500000 18.900000 79.900000 20.621860 38.500000 1.812549 -0.844462
470.363500 366.301280 22.123787 23.900000 36.400000 26.900000 78.800000 10.853180 41.700000 0.679443 -0.462749
700.951900 284.999910 59.341018 16.100000 54.500000 21.400000 74.100000 18.195330 42.500000 1.285183 -0.776659
620.931810 323.479180 47.904234 21.500000 39.300000 24.700000 80.500000 13.206610 44.700000 1.028243 -0.732472
539.752070 128.722900 76.151476 15.700000 37.000000 18.500000 94.800000 18.425730 35.800000 1.845860 -0.964347
519.051900 133.125340 74.352210 13.800000 43.900000 15.400000 92.900000 20.528000 36.500000 1.408441 -2.573372
532.870760 126.263080 76.305121 14.000000 40.100000 16.500000 95.400000 19.422980 34.500000 1.871369 -1.825841
712.742910 160.693220 77.454252 13.300000 50.600000 16.600000 85.500000 15.924670 40.500000 1.168012 -0.760784
464.155490 203.090850 56.245083 19.100000 40.200000 13.700000 93.000000 9.837580 41.300000 0.680351 -0.581241
540.617620 300.281260 44.455887 20.700000 45.200000 23.000000 77.100000 13.296840 44.300000 0.909745 -0.596407
452.550420 278.261290 38.512644 19.600000 40.800000 17.100000 88.500000 12.353630 39.500000 0.843954 -0.569888
759.374060 377.911560 50.233807 15.900000 47.800000 28.000000 74.300000 14.646540 41.600000 1.186099 -0.689488
490.898650 241.871070 50.728919 19.100000 40.100000 16.400000 90.500000 11.154910 40.700000 1.078544 -0.610909
577.681000 267.939120 53.618153 15.700000 42.600000 16.400000 91.200000 17.638560 36.300000 1.369224 -0.865183
554.117450 172.291040 68.907126 14.900000 53.800000 15.400000 81.900000 13.199510 42.800000 0.784150 -0.581971
506.752550 354.487440 30.047231 19.700000 34.000000 21.800000 90.500000 8.169200 37.700000 0.792725 -0.417936
599.724850 329.523320 45.054249 21.000000 48.600000 30.800000 65.700000 15.371910 49.200000 1.112456 -0.661214
485.161850 149.557670 69.173654 19.100000 47.700000 19.800000 79.400000 17.537700 44.100000 1.395791 -0.930058
574.377540 321.654430 43.999476 19.800000 45.000000 21.000000 80.300000 14.591960 43.600000 1.351060 -0.703480
556.598330 160.357270 71.189768 20.400000 45.000000 17.100000 83.600000 14.743200 46.200000 1.052960 -0.766747
472.248960 323.787180 31.437185 20.700000 31.300000 24.000000 90.000000 15.456780 35.900000 1.320900 -0.785156
673.704550 259.146640 61.534082 17.900000 63.200000 22.000000 62.900000 15.964190 49.600000 0.945725 -0.621135
542.228310 132.501450 75.563532 12.300000 40.100000 12.100000 101.500000 20.522320 32.400000 1.738487 -2.004844
645.346960 397.095430 38.467917 19.400000 42.400000 25.900000 78.400000 11.189930 42.600000 0.724620 -0.552572
511.843680 201.321570 60.667372 15.300000 41.900000 14.100000 94.700000 13.559390 36.100000 1.083912 -0.710664
482.215250 184.884320 61.659379 18.300000 40.900000 13.700000 93.000000 11.492530 40.400000 0.812184 -0.654624
462.332530 216.047420 53.270124 18.400000 39.500000 14.500000 93.600000 14.611820 38.000000 1.150023 -0.776785
640.263800 352.502950 44.944107 19.300000 37.500000 27.100000 82.000000 17.075120 40.000000 1.564187 -0.945657
506.390050 183.531780 63.756835 17.900000 39.800000 15.700000 92.700000 12.606820 40.100000 1.069347 -0.739155
497.217330 156.422260 68.540465 15.700000 42.500000 12.900000 94.800000 17.446000 37.000000 1.376598 -0.901526
627.436950 156.895260 74.994259 19.200000 52.000000 20.100000 74.700000 15.653420 49.100000 1.088548 -0.699179
459.214400 289.042710 37.057133 23.200000 36.400000 20.900000 85.500000 12.995160 42.000000 0.925182 -0.647519
510.355710 205.622290 59.710005 19.100000 48.500000 17.300000 81.100000 10.521700 46.000000 0.671471 -0.516134
534.814720 316.652840 40.792049 21.000000 37.400000 25.700000 82.000000 14.586230 42.000000 1.124530 -0.726318
467.902510 405.031070 13.436867 28.900000 30.800000 39.600000 67.000000 8.234900 44.900000 0.715341 -0.343018
549.760760 298.325380 45.735418 22.600000 44.800000 24.900000 73.700000 16.723750 47.500000 1.396559 -0.790054
590.768600 325.996540 44.818235 16.500000 47.200000 19.300000 83.000000 12.329110 40.100000 0.735024 -0.535208
598.368460 168.202550 71.889803 17.000000 42.600000 15.200000 91.200000 16.384420 40.500000 1.386917 -0.932595
657.902900 281.747560 57.174902 17.600000 47.800000 28.200000 72.500000 16.900570 45.000000 1.537752 -0.785648
518.564720 288.270060 44.410013 20.400000 46.300000 21.800000 77.500000 14.028180 44.600000 1.090577 -0.639896
647.148050 273.927180 57.671636 15.800000 49.700000 24.600000 75.900000 16.054170 40.500000 1.480381 -0.714899
469.526600 354.478250 24.503053 24.000000 32.700000 24.500000 84.800000 7.550730 41.300000 0.611875 -0.365657
533.093030 281.103340 47.269365 20.700000 36.100000 21.000000 88.200000 12.847000 41.200000 1.250446 -0.738495
538.067350 265.813840 50.598407 18.300000 38.000000 18.400000 91.400000 20.332230 37.000000 1.817425 -1.098264
737.889600 143.844080 80.506016 13.900000 42.800000 20.000000 89.300000 22.801890 36.400000 2.837527 -1.158954
510.735520 128.463910 74.847273 14.800000 33.500000 20.100000 97.600000 15.946440 32.600000 1.729778 -0.887477
507.022490 339.142470 33.110961 20.600000 34.200000 24.700000 86.400000 10.294030 38.500000 1.134447 -0.514591
466.517260 387.918940 16.847891 24.200000 24.700000 33.800000 83.300000 9.275500 36.500000 0.677883 -0.446705
668.115350 417.606760 37.494811 22.700000 48.200000 45.300000 50.000000 16.220210 51.500000 1.039523 -0.835943
463.703860 182.824810 60.572938 16.300000 40.400000 13.500000 95.800000 11.485490 37.100000 0.896402 -0.635721
541.031250 359.139210 33.619507 21.100000 40.200000 25.600000 79.100000 12.436520 41.300000 0.825587 -0.557224
526.133130 380.687880 27.644191 21.100000 37.100000 34.000000 73.800000 16.459610 38.600000 1.257825 -0.683579
580.075360 158.625290 72.654365 14.700000 49.900000 13.900000 87.500000 20.517120 39.300000 1.527876 -0.956648
552.455370 394.075270 28.668397 23.200000 35.800000 36.100000 71.000000 14.524590 43.100000 1.017310 -0.644905
611.550490 221.420960 63.793511 18.300000 49.600000 21.000000 77.100000 15.750720 45.100000 1.277347 -0.764400
625.948920 321.407440 48.652769 16.300000 47.700000 20.200000 81.800000 15.205360 39.600000 0.980942 -0.652174
461.806590 193.660050 58.064685 17.500000 43.600000 11.300000 93.500000 14.750110 39.500000 0.914666 -0.739770
510.966010 130.274400 74.504292 14.500000 33.800000 17.200000 100.500000 17.649610 32.300000 1.993077 -0.995989
465.845100 272.926690 41.412566 18.700000 30.000000 18.000000 99.200000 11.872980 34.300000 1.135294 -0.722830
475.436190 154.750590 67.450818 20.300000 45.800000 18.600000 81.300000 17.538570 44.200000 1.287214 -1.127267
600.418270 310.078410 48.356267 23.400000 44.700000 29.300000 68.700000 18.059480 48.000000 1.346871 -0.864004
529.390900 227.124420 57.097030 16.400000 35.700000 14.200000 99.700000 15.650360 34.600000 1.429737 -0.954994
499.648330 156.924600 68.592990 14.800000 42.100000 12.500000 96.600000 15.409020 36.200000 1.118396 -0.961191
479.735310 301.172430 37.221125 23.300000 43.200000 23.100000 76.400000 13.074580 45.400000 1.211073 -0.562638
486.423490 184.248090 62.121877 21.800000 44.200000 22.000000 78.000000 16.891900 45.600000 1.362756 -0.790609
453.913320 320.202090 29.457437 24.300000 35.100000 23.800000 83.000000 8.718770 43.800000 0.546490 -0.412411
527.231730 366.249430 30.533500 26.400000 44.000000 27.200000 68.500000 11.302870 50.700000 0.566159 -0.483213
666.043880 144.416890 78.317211 13.200000 44.800000 11.900000 96.300000 23.320240 36.000000 1.748379 -1.170052
618.878330 386.403380 37.563918 18.800000 36.900000 28.200000 82.100000 13.703510 37.800000 1.095923 -0.707468
720.645680 154.237340 78.597341 13.200000 47.900000 16.800000 88.100000 22.553140 36.600000 2.193256 -1.083047
572.354700 197.223080 65.541808 18.200000 50.900000 21.200000 75.700000 20.919740 44.700000 1.792603 -0.975323
514.496780 177.390650 65.521524 19.900000 52.900000 15.500000 77.700000 17.636420 47.100000 1.079210 -0.781027
457.415950 289.333510 36.746082 19.700000 31.900000 18.900000 95.600000 11.547910 35.700000 0.985681 -0.631864
538.703450 255.633470 52.546532 16.000000 52.700000 16.800000 80.500000 13.371220 41.400000 1.188393 -0.555258
569.497360 285.999630 49.780341 20.100000 48.400000 19.300000 78.200000 11.844900 47.100000 0.710212 -0.576365
614.049180 271.209910 55.832543 20.200000 56.200000 22.200000 67.400000 15.404200 49.600000 0.967043 -0.652131
451.705150 156.070950 65.448490 14.800000 42.900000 12.200000 96.100000 15.865940 35.900000 1.125194 -0.761853
611.457960 180.992890 70.399782 16.200000 44.000000 12.900000 93.000000 13.038540 41.300000 0.824831 -0.767484
533.583780 154.558760 71.033835 15.800000 48.900000 18.300000 83.000000 15.168600 41.600000 1.106586 -0.966828
560.302580 224.105750 60.002727 21.900000 54.500000 19.700000 69.900000 17.100610 50.700000 1.038483 -0.753241
484.325960 368.794510 23.854069 22.100000 34.100000 28.600000 81.100000 12.204810 38.800000 0.865361 -0.536957
673.183470 348.813700 48.184453 16.000000 35.700000 23.200000 91.100000 12.615440 35.300000 1.454065 -0.730465
541.286600 303.798800 43.874687 17.800000 37.000000 20.500000 90.700000 11.033390 37.200000 0.924035 -0.581773
464.157350 250.304440 46.073365 18.700000 39.400000 18.400000 89.500000 18.630130 37.100000 1.587664 -0.889197
490.120980 374.547790 23.580543 22.400000 30.200000 28.700000 84.700000 9.541420 36.500000 0.905461 -0.470451
479.520130 356.597140 25.634584 24.800000 36.500000 28.400000 76.300000 15.575760 43.300000 0.974046 -0.676888
485.688980 151.803340 68.744743 13.800000 43.000000 12.600000 96.600000 17.063990 34.400000 1.339373 -1.037599
480.154620 373.062590 22.303655 25.600000 32.000000 30.200000 78.300000 8.514100 42.400000 0.832941 -0.395675
442.364180 305.982750 30.830125 21.300000 40.300000 16.800000 87.600000 8.864980 42.000000 0.521225 -0.413436
517.989020 178.990220 65.445171 14.600000 44.600000 14.600000 92.200000 18.750970 35.200000 1.635192 -0.885867
550.791820 212.750070 61.373778 17.400000 36.200000 14.900000 97.500000 14.246120 37.200000 1.328150 -0.921291
611.482910 208.477060 65.906315 17.300000 47.500000 15.100000 86.100000 13.026890 43.900000 0.824128 -0.704055
498.079900 225.152220 54.795963 19.200000 55.400000 19.900000 71.500000 14.068410 47.100000 0.922949 -0.576233
489.449430 353.377980 27.800921 22.100000 37.100000 25.400000 81.400000 12.774910 41.100000 1.227232 -0.576848
514.734390 234.347590 54.472133 20.200000 50.900000 21.800000 73.100000 19.834980 44.500000 1.471107 -0.812911
478.361370 377.297110 21.127178 24.200000 32.100000 30.800000 78.900000 9.730820 40.500000 0.647370 -0.428267
498.756910 133.431560 73.247176 13.100000 38.800000 15.200000 99.000000 16.354750 33.700000 1.203831 -0.890831
590.106450 158.365940 73.163157 16.200000 42.300000 17.100000 90.300000 17.047780 38.700000 1.634463 -0.903297
579.428320 257.223080 55.607437 17.800000 46.200000 23.600000 78.400000 20.067020 40.100000 1.898295 -0.923598
486.367960 410.467610 15.605541 22.000000 26.100000 46.100000 71.900000 11.420320 33.800000 1.231064 -0.527201
483.078850 338.582070 29.911635 19.800000 38.900000 22.900000 84.400000 10.218820 38.600000 0.726738 -0.442029
543.742110 380.855760 29.956545 20.900000 38.400000 28.600000 78.200000 14.306190 39.700000 1.042842 -0.642376
614.062820 308.084280 49.828540 20.900000 51.000000 27.000000 67.100000 14.445040 48.300000 1.007847 -0.618519
477.274200 229.238020 51.969325 18.500000 39.600000 19.300000 88.600000 19.508140 37.300000 1.824291 -0.967184
475.276360 155.798900 67.219304 16.300000 46.500000 18.600000 84.600000 16.639560 39.200000 1.378699 -1.040247
454.513050 188.104780 58.613998 20.400000 38.200000 15.400000 92.000000 15.884240 40.100000 1.346931 -0.905140
530.294800 166.901650 68.526629 19.000000 46.100000 22.500000 78.400000 17.932350 43.300000 1.650452 -0.804802
594.698080 139.825510 76.487984 15.300000 46.000000 19.100000 85.600000 16.352510 40.700000 1.224668 -0.709185
600.729870 371.059980 38.231808 23.700000 43.900000 32.000000 66.500000 16.645700 46.900000 1.096946 -0.735385
451.291550 287.083820 36.386174 20.800000 42.300000 20.700000 82.300000 10.853850 42.100000 0.721603 -0.476109
483.971960 213.557360 55.874022 19.100000 50.100000 18.900000 77.900000 17.362100 43.500000 1.288263 -0.750767
550.996130 184.439460 66.526179 16.700000 44.700000 16.600000 88.100000 14.343760 40.500000 1.146719 -0.741575
604.096530 137.517130 77.235901 15.500000 41.000000 17.600000 91.900000 16.259890 39.000000 1.432803 -1.519693
482.308730 387.991480 19.555369 24.500000 31.200000 34.200000 76.200000 13.789430 40.300000 0.898627 -0.582740
733.860720 381.616770 47.998747 21.300000 47.300000 33.000000 64.400000 15.394780 50.600000 1.124653 -0.741458
627.751730 178.675200 71.537283 15.600000 45.400000 13.600000 91.400000 21.957030 38.500000 1.752606 -1.161919
593.570000 374.539100 36.900601 24.100000 42.500000 31.100000 68.400000 17.444210 47.500000 1.137368 -0.804710
572.071400 313.038870 45.279755 20.300000 50.600000 24.800000 70.400000 17.189150 46.100000 1.180680 -0.722866
478.206980 293.089830 38.710675 24.200000 42.800000 24.300000 74.700000 18.154300 46.000000 1.184064 -0.798342
479.203660 171.440880 64.223796 16.400000 52.000000 17.200000 80.400000 14.046100 41.700000 1.024560 -0.585989
540.412220 326.773510 39.532546 18.200000 44.500000 26.900000 76.500000 16.037950 39.300000 1.303750 -0.654611
596.996080 141.569980 76.286280 14.200000 42.200000 15.300000 94.300000 21.350130 36.000000 1.951543 -1.622309
544.211390 287.411560 47.187515 22.800000 49.300000 23.800000 70.100000 13.550650 50.400000 1.225533 -0.604067
571.382560 216.403950 62.126259 17.900000 40.400000 18.200000 89.600000 13.799770 40.100000 1.718286 -0.788511
562.623910 352.887470 37.278266 19.300000 33.000000 25.200000 88.500000 11.388970 37.000000 1.018417 -0.630030
523.247900 221.453800 57.677078 17.700000 35.700000 15.300000 97.300000 13.085710 36.900000 1.176599 -0.814556
549.431870 298.482730 45.674296 25.000000 47.600000 26.100000 67.400000 12.335070 53.400000 0.998854 -0.557008
740.654450 214.153900 71.085855 12.300000 53.800000 18.300000 81.600000 19.611550 36.400000 1.638976 -0.835092
584.020850 189.242430 67.596631 19.700000 43.900000 15.400000 87.000000 13.877570 45.300000 0.985258 -0.817333
508.324100 384.561000 24.347282 22.500000 34.600000 27.900000 81.000000 10.040980 40.800000 0.939083 -0.466100
646.384940 378.871230 41.386130 17.900000 41.600000 25.900000 80.600000 11.436690 39.700000 0.792811 -0.550582
558.563430 341.485240 38.863660 21.600000 41.000000 22.700000 80.800000 12.868220 39.400000 1.195149 -0.630265
463.423130 276.149310 40.410978 18.500000 37.100000 18.100000 92.300000 11.626330 36.800000 0.924743 -0.579761
613.878170 300.916790 50.981024 17.200000 48.300000 24.200000 76.300000 15.016970 41.800000 1.265320 -0.675663
553.144070 370.907300 32.945625 23.200000 45.500000 25.200000 72.200000 12.783260 47.200000 1.172835 -0.553964
455.496990 152.517150 66.516321 15.900000 40.600000 18.100000 91.400000 13.844000 36.300000 1.214293 -0.640169
500.713890 232.199760 53.626259 17.200000 46.800000 15.400000 86.500000 16.428350 40.000000 1.176461 -0.771364
547.453390 172.877370 68.421536 14.900000 44.000000 13.000000 94.100000 17.869740 36.500000 1.380718 -0.903542
561.342470 194.048480 65.431356 17.700000 39.000000 20.000000 89.300000 19.239170 38.600000 2.174382 -1.104501
592.178510 333.961510 43.604588 19.400000 33.900000 24.500000 88.100000 12.990910 38.100000 1.210936 -0.766796
526.381050 284.890620 45.877493 19.600000 37.200000 20.300000 88.900000 16.157710 38.700000 1.888636 -0.868045
523.679290 279.044720 46.714578 21.200000 39.000000 26.000000 79.900000 15.176750 43.900000 1.274145 -0.769559
513.437550 240.048710 53.246756 16.900000 48.600000 17.800000 82.800000 10.939640 41.500000 0.751576 -0.488908
593.442090 370.561880 37.557196 18.500000 38.200000 29.000000 80.300000 20.152140 36.800000 1.833122 -0.959664
543.482360 393.032720 27.682525 23.900000 36.000000 35.800000 70.300000 14.639650 42.400000 1.032919 -0.661179
635.691550 162.000350 74.515887 17.500000 59.900000 15.600000 73.000000 18.755120 49.400000 1.014464 -0.807826
507.704130 155.611240 69.350015 14.400000 43.500000 15.800000 92.300000 17.145940 35.600000 1.466059 -1.087048
553.846350 223.599610 59.627862 15.900000 37.700000 12.900000 99.500000 14.082210 35.800000 1.124157 -0.868373
537.049710 147.864420 72.467275 14.700000 40.200000 13.400000 97.600000 17.633500 35.300000 1.540528 -0.976239
476.405550 247.659980 48.014884 23.600000 44.800000 22.800000 74.800000 16.445370 46.800000 1.119106 -0.730804
492.105060 344.443230 30.006160 21.200000 45.000000 20.600000 79.300000 10.356070 44.200000 0.847913 -0.438066
629.547930 229.354750 63.568342 15.900000 60.400000 16.500000 73.300000 14.536380 47.200000 0.792594 -0.627602
455.478980 307.393700 32.511990 23.000000 37.900000 23.700000 81.400000 14.200690 42.300000 0.952593 -0.646259
489.998160 297.615260 39.261964 22.000000 44.600000 19.800000 79.700000 12.483080 45.000000 1.022870 -0.556627
683.054020 206.123810 69.823205 15.300000 61.800000 17.200000 71.800000 16.454410 46.300000 0.964873 -0.676162
525.744880 255.399180 51.421461 21.000000 46.400000 20.200000 78.400000 13.269120 46.200000 0.882088 -0.634612
524.165390 191.877100 63.393787 16.600000 44.900000 13.100000 91.400000 15.476490 39.300000 1.058568 -0.785020
471.333260 324.622750 31.126704 20.600000 39.600000 23.300000 83.000000 8.401230 41.300000 0.566986 -0.366796
