485.390410 372.799930 23.195860 18.400000 41.300000 27.900000 78.400000 11.385460 37.300000 0.741682 -0.443704
493.260080 376.594770 23.651886 22.000000 49.700000 36.700000 57.700000 16.333570 45.900000 0.959810 -0.554946
512.546640 387.162930 24.462888 22.200000 40.200000 38.700000 65.100000 13.836190 41.400000 0.927536 -0.556255
601.126110 383.907680 36.135251 20.500000 52.000000 34.400000 59.300000 18.830400 45.900000 1.206243 -0.915037
458.749130 373.668070 18.546315 25.600000 41.900000 39.100000 59.500000 14.519280 46.000000 0.802378 -0.494208
478.901730 378.976920 20.865410 22.500000 40.700000 35.000000 67.900000 11.679900 41.500000 0.747772 -0.433423
478.901730 378.976920 20.865410 22.500000 40.700000 35.000000 67.900000 11.679900 41.500000 0.747772 -0.433423
526.292730 384.114490 27.015049 20.100000 42.400000 42.400000 61.300000 20.755760 39.300000 1.498724 -0.807064
485.382670 374.711270 22.800855 23.600000 49.800000 36.400000 56.400000 14.178480 47.300000 0.764878 -0.474377
596.779190 388.845750 34.842609 19.900000 51.600000 36.500000 58.200000 19.631940 45.000000 1.356950 -0.751113
493.587830 378.943880 23.226657 24.000000 55.500000 34.100000 52.700000 11.937850 51.400000 0.560856 -0.393111
526.568360 382.945740 27.275209 19.600000 41.000000 36.800000 68.800000 13.591820 39.000000 0.903926 -0.557113
510.644610 376.839500 26.203177 19.000000 43.300000 38.400000 65.400000 19.521720 37.900000 1.954246 -0.717866
544.209160 377.126030 30.702006 21.200000 46.400000 36.600000 62.000000 19.286060 43.000000 1.258949 -0.736128
474.857250 365.259830 23.080077 23.900000 39.300000 34.400000 68.400000 17.048640 42.900000 1.048231 -0.665674
500.737130 370.536070 26.001878 19.000000 39.600000 34.600000 72.800000 16.916850 36.600000 1.775013 -0.662296
635.120480 401.799260 36.736529 16.500000 58.600000 42.500000 48.800000 20.039180 42.500000 1.487266 -0.897805
571.684230 372.161380 34.900884 19.300000 47.800000 30.800000 68.100000 16.363310 42.100000 1.137509 -0.648135
423.723000 373.461130 11.861964 21.400000 35.800000 30.900000 77.900000 8.987050 37.100000 0.538244 -0.330877
453.645890 379.729890 16.293766 24.100000 37.500000 36.500000 68.000000 10.919560 41.600000 0.630300 -0.410709
510.252880 369.791760 27.527747 17.400000 46.200000 30.500000 72.000000 15.423150 37.300000 1.056890 -0.547997
586.604350 401.498740 31.555444 20.100000 58.000000 41.800000 46.500000 16.463400 47.500000 1.058025 -0.551353
512.882330 357.704710 30.255989 18.500000 44.100000 32.700000 70.700000 16.434250 37.700000 1.820879 -0.604280
477.467800 375.508790 21.354112 17.300000 39.500000 30.000000 79.100000 12.693580 34.300000 0.878174 -0.476505
505.507970 367.277380 27.344888 17.000000 45.400000 30.600000 73.100000 14.969170 36.200000 1.543573 -0.529469
436.753580 372.543330 14.701711 21.200000 38.200000 33.100000 73.600000 11.769800 37.700000 1.159599 -0.420324
426.174680 386.916050 9.211864 23.900000 32.100000 67.300000 44.100000 8.017980 38.300000 0.448557 -0.297455
506.371510 385.705000 23.829640 19.100000 36.700000 53.100000 57.500000 19.129930 35.300000 2.034213 -0.785458
430.101320 381.129590 11.386092 22.200000 35.900000 34.600000 73.300000 8.879910 38.100000 0.520633 -0.325774
450.319920 367.094290 18.481445 19.300000 40.500000 29.500000 76.800000 11.552430 36.900000 0.749705 -0.418420
432.515020 386.079380 10.736191 23.500000 35.500000 40.100000 67.200000 8.764320 39.400000 0.491051 -0.318519
453.530960 387.378590 14.586076 19.800000 34.000000 41.400000 71.000000 9.685240 34.700000 0.652001 -0.380004
430.472020 384.559170 10.665699 21.000000 32.600000 41.800000 70.700000 9.667860 34.700000 0.919369 -0.357590
425.663860 370.486070 12.962761 22.000000 39.600000 29.200000 75.200000 9.413720 39.800000 0.528004 -0.339716
486.715530 365.269820 24.952093 19.200000 38.800000 32.400000 75.700000 19.618370 36.200000 1.467923 -0.776490
439.862580 380.883820 13.408451 21.500000 35.900000 40.400000 68.400000 12.132680 36.800000 0.760349 -0.435374
449.812760 384.452690 14.530506 21.400000 39.700000 35.500000 69.600000 9.393120 39.300000 0.552199 -0.337594
441.340620 374.539110 15.136044 21.400000 31.300000 32.800000 81.100000 8.534410 35.300000 0.583331 -0.345483
442.102700 377.376970 14.640429 26.200000 47.900000 33.500000 58.600000 9.624450 49.500000 0.436925 -0.319974
431.543000 388.029600 10.083213 22.200000 31.300000 57.700000 55.500000 8.321750 35.900000 0.509542 -0.317969
440.971660 378.635700 14.136047 20.200000 36.400000 33.900000 75.500000 10.712010 36.000000 0.690708 -0.399162
493.428710 381.320860 22.720172 17.400000 41.300000 35.600000 71.800000 12.184650 36.100000 0.773459 -0.465351
511.917800 382.351130 25.310054 18.000000 45.300000 45.700000 57.200000 18.596800 36.300000 1.398926 -0.626329
428.710310 380.075450 11.344458 23.600000 36.400000 35.100000 71.100000 8.674970 40.200000 0.736605 -0.318870
473.817660 386.517480 18.424847 18.900000 39.500000 52.300000 55.900000 12.751490 36.100000 0.846726 -0.469901
422.008230 368.472760 12.685883 21.300000 33.200000 34.000000 77.500000 11.634390 35.100000 1.174799 -0.423784
440.934790 379.654300 13.897858 21.500000 38.700000 37.000000 68.900000 11.383310 38.300000 0.684289 -0.401520
491.864110 363.960380 26.003875 19.300000 42.600000 35.600000 68.600000 18.670760 37.500000 1.369900 -0.665907
510.292130 375.315590 26.450837 19.400000 38.000000 37.200000 71.500000 20.240240 36.300000 1.556828 -0.838818
449.072210 375.119140 16.467968 20.100000 40.200000 30.300000 75.400000 10.402660 38.000000 0.638331 -0.382793
423.529610 376.979490 10.990995 23.100000 36.200000 34.400000 72.200000 9.783460 39.000000 1.186300 -0.347887
426.430440 382.581980 10.282676 22.300000 32.400000 40.400000 71.100000 8.905440 36.600000 0.540094 -0.338616
474.752240 369.740450 22.119283 18.000000 44.600000 27.800000 75.600000 11.984900 37.600000 0.765903 -0.429991
437.815860 386.308850 11.764537 22.100000 35.400000 53.700000 55.400000 11.534540 37.300000 0.698747 -0.414477
652.293590 392.982750 39.753700 16.000000 70.000000 42.700000 37.600000 21.525850 45.000000 2.514842 -0.649309
428.906740 367.519090 14.312587 21.900000 38.400000 30.400000 75.300000 10.395460 38.900000 0.615495 -0.376902
481.416350 383.468280 20.345813 18.500000 39.900000 40.100000 67.700000 14.103880 35.600000 0.986388 -0.518612
423.662870 386.429200 8.788514 24.700000 32.400000 53.900000 55.600000 9.115440 39.100000 0.503175 -0.324505
471.902640 385.336810 18.344002 20.100000 38.700000 66.300000 42.100000 16.145460 36.400000 1.103064 -0.578282
498.734820 380.806970 23.645401 20.600000 40.800000 43.400000 61.400000 19.703630 38.800000 1.907260 -0.748895
459.705470 384.216070 16.421253 19.900000 42.500000 36.200000 67.500000 10.412890 38.900000 0.620629 -0.369597
440.193730 370.109680 15.921183 21.800000 41.900000 30.600000 71.700000 11.457680 40.800000 1.064927 -0.407074
436.775560 385.809480 11.668712 20.100000 33.700000 41.900000 70.400000 9.729700 34.600000 0.634062 -0.368143
436.801210 365.580670 16.305024 21.600000 39.400000 28.900000 76.100000 9.493440 39.700000 0.555404 -0.352023
505.157230 382.957650 24.190405 16.800000 41.600000 37.400000 70.300000 13.956740 35.300000 0.915067 -0.529950
455.569650 376.261590 17.408548 19.000000 39.900000 32.500000 74.600000 11.463030 36.500000 0.732157 -0.420026
501.017360 372.261960 25.698790 18.000000 43.100000 33.600000 71.300000 14.318020 36.700000 1.001916 -0.523685
478.950940 375.160750 21.670318 24.100000 52.600000 31.300000 58.200000 10.913570 50.200000 0.501715 -0.373633
453.309260 388.539100 14.288294 19.900000 36.000000 40.200000 70.000000 10.854000 35.000000 0.743506 -0.394610
434.306910 367.922690 15.285094 19.900000 34.800000 30.900000 80.300000 11.147590 34.800000 0.758876 -0.424344
431.893570 365.464790 15.380822 22.800000 40.900000 30.300000 72.100000 10.093340 41.700000 0.557442 -0.359641
431.864260 375.797280 12.982547 22.700000 33.900000 34.200000 75.200000 8.964130 38.000000 0.526390 -0.338682
511.326490 363.300590 28.949390 17.500000 46.300000 35.200000 67.000000 20.584050 36.100000 1.636338 -0.701893
437.539790 371.306950 15.137558 20.600000 37.300000 32.100000 76.000000 10.876480 36.800000 0.691433 -0.399099
459.284550 372.107240 18.981111 18.500000 38.300000 31.700000 77.500000 12.430540 35.000000 0.848771 -0.466267
421.795840 378.651120 10.228816 24.500000 30.600000 36.500000 74.500000 7.844850 38.600000 0.700537 -0.294355
422.681310 369.442510 12.595494 22.300000 34.900000 30.600000 78.200000 8.390810 38.000000 0.490935 -0.313550
446.633620 368.449980 17.505095 19.600000 37.700000 29.400000 79.300000 10.030650 36.100000 0.667282 -0.377450
463.622620 382.786010 17.435864 19.600000 39.500000 40.100000 67.000000 11.644960 37.200000 1.011005 -0.433180
486.445800 377.333830 22.430448 18.500000 45.900000 33.000000 68.800000 13.176670 38.800000 0.825726 -0.465499
522.821600 371.589910 28.926060 17.900000 47.600000 36.300000 64.300000 19.082860 37.600000 1.438722 -0.654260
453.973610 378.674200 16.586737 19.900000 38.700000 34.400000 73.000000 10.777570 37.000000 0.679517 -0.400510
440.588520 373.779150 15.163666 21.900000 41.200000 30.200000 72.800000 10.512400 40.800000 0.594338 -0.381404
429.070530 376.864650 12.167202 24.400000 42.000000 33.500000 66.100000 9.453430 43.900000 0.478010 -0.322608
475.603790 366.673090 22.903665 18.100000 40.800000 29.000000 78.000000 12.885180 36.100000 0.864764 -0.487297
452.217410 383.724540 15.146005 19.400000 34.300000 42.500000 70.100000 11.299380 34.400000 0.765328 -0.443873
531.714040 385.279540 27.540085 20.400000 40.100000 44.700000 61.100000 21.649340 38.800000 1.603976 -0.889249
489.730020 378.391620 22.734649 18.600000 42.700000 36.700000 68.200000 14.410990 37.100000 0.970122 -0.521233
456.470360 368.869900 19.190832 19.300000 41.500000 29.700000 75.500000 12.162510 37.500000 0.782184 -0.441985
459.864020 372.899680 18.910882 19.200000 41.400000 29.500000 75.800000 11.327100 37.500000 0.725987 -0.414919
480.839940 368.206900 23.424227 19.500000 40.600000 35.200000 70.800000 18.802350 36.800000 1.367941 -0.690396
507.099930 377.244890 25.607387 18.600000 42.200000 38.900000 66.400000 18.952410 36.600000 1.893893 -0.694148
500.211830 376.395980 24.752683 19.200000 36.400000 38.500000 72.000000 20.082970 35.200000 1.572411 -0.831740
624.989010 392.426190 37.210706 17.600000 48.800000 34.100000 65.600000 14.658960 41.300000 0.930536 -0.589661
547.864570 371.219120 32.242539 21.800000 43.500000 35.500000 65.300000 12.915950 43.600000 0.843442 -0.522401
516.879200 384.601580 25.591593 21.400000 46.700000 47.000000 51.100000 17.713130 41.900000 1.230758 -0.581425
503.847320 380.836800 24.414245 20.200000 52.900000 31.000000 62.000000 12.173960 45.500000 0.707899 -0.419294
620.803500 380.722940 38.672553 19.400000 53.800000 33.300000 59.600000 15.890040 46.600000 1.066235 -0.613782
499.507320 371.327540 25.661242 24.900000 41.600000 34.800000 64.800000 15.677310 46.200000 0.921527 -0.624449
623.882130 398.819440 36.074553 18.200000 43.300000 39.000000 65.700000 16.537750 39.400000 1.338308 -0.915558
508.993340 381.911040 24.967380 20.800000 42.000000 37.200000 66.200000 16.784850 40.500000 1.111799 -0.663630
514.026930 386.101330 24.886945 24.400000 35.600000 59.300000 47.800000 15.953010 42.200000 1.035439 -0.693746
543.496560 393.219490 27.650050 20.900000 45.200000 43.500000 56.800000 14.761800 42.000000 0.999460 -0.552315
605.384460 392.834650 35.109889 21.800000 43.300000 44.300000 56.900000 20.383330 43.500000 1.468355 -1.130338
637.807150 399.286300 37.397017 16.600000 46.800000 45.900000 56.800000 19.937080 37.300000 1.812604 -0.945508
474.773930 387.267760 18.431124 28.600000 39.600000 47.100000 51.000000 14.755500 48.800000 0.785303 -0.517435
610.137350 383.786920 37.098275 18.300000 54.100000 37.700000 56.000000 19.964800 43.200000 1.556821 -0.711799
492.987480 380.828400 22.750898 24.300000 40.100000 36.300000 65.500000 12.862720 44.300000 0.749531 -0.519345
483.232050 380.167170 21.328238 24.300000 38.700000 38.000000 65.300000 9.418950 43.800000 0.527996 -0.376401
568.516750 405.648690 28.647891 17.800000 47.800000 94.200000 10.400000 14.103850 39.700000 1.347535 -0.522942
463.995860 373.329410 19.540358 22.500000 37.400000 35.300000 70.800000 11.188340 39.700000 0.708755 -0.429547
479.938270 383.148510 20.167127 20.300000 35.500000 36.600000 73.700000 11.238390 36.100000 0.827084 -0.442589
581.545790 389.920930 32.950950 21.400000 52.500000 39.200000 53.100000 19.851010 47.200000 1.294897 -0.990580
506.813110 367.119770 27.563087 17.500000 40.000000 27.900000 80.600000 13.183150 35.800000 0.896338 -0.536802
502.835370 385.894820 23.256230 23.000000 48.900000 47.400000 47.800000 13.044840 46.800000 0.676088 -0.466118
622.629010 384.564920 38.235303 20.300000 55.200000 36.000000 54.700000 18.555920 47.700000 1.217633 -0.697337
575.901390 375.703950 34.762451 20.200000 50.400000 32.500000 63.000000 17.663070 44.500000 1.160929 -0.680324
514.469000 376.004110 26.914137 21.500000 41.000000 38.300000 65.400000 16.051630 40.600000 1.104095 -0.631697
529.444210 378.810570 28.451277 18.800000 43.400000 30.200000 73.700000 12.897190 39.400000 0.824639 -0.517726
477.872210 371.339160 22.293209 20.300000 41.400000 32.100000 72.300000 12.410050 39.000000 1.232216 -0.464386
485.853200 375.821270 22.647156 22.000000 41.400000 35.800000 67.000000 17.500930 41.300000 1.115419 -0.669673
479.529270 385.310900 19.648096 20.900000 38.900000 46.200000 60.500000 13.446600 38.500000 0.867454 -0.517944
468.991590 382.254200 18.494445 22.700000 39.100000 41.500000 62.900000 15.421730 40.800000 0.940918 -0.575165
577.848060 387.081510 33.013272 18.500000 46.900000 39.200000 61.500000 20.091750 40.200000 1.538319 -0.777163
514.867220 384.430070 25.334134 22.700000 39.200000 41.500000 62.900000 13.662700 41.800000 0.895532 -0.561221
511.420370 388.547640 24.025779 19.400000 32.900000 65.200000 49.500000 16.504710 34.300000 1.920553 -0.740730
508.764690 370.346120 27.206796 17.900000 47.200000 29.200000 71.800000 13.709610 39.000000 0.864570 -0.491262
553.308890 390.974990 29.338748 18.300000 48.900000 32.300000 66.600000 13.993830 41.100000 0.950011 -0.521093
585.353820 364.464640 37.736011 21.700000 48.900000 31.400000 64.000000 16.518900 47.400000 1.080946 -0.855677
455.363040 379.920510 16.567557 23.800000 38.100000 35.700000 68.500000 8.886670 42.300000 0.483700 -0.338562
645.218670 381.373750 40.892326 15.400000 53.900000 40.200000 56.600000 21.054490 37.100000 1.978568 -0.723652
493.604040 379.132560 23.190953 21.200000 40.400000 38.600000 66.100000 18.175950 39.900000 1.197998 -0.716725
450.322850 385.752640 14.338648 28.000000 37.300000 44.800000 56.500000 7.995220 46.900000 0.379953 -0.297906
572.015520 364.378110 36.299262 16.100000 42.500000 27.900000 79.600000 16.304530 35.300000 1.252946 -0.672228
450.027540 378.558600 15.881015 23.500000 39.200000 36.500000 66.900000 10.848590 41.500000 0.620257 -0.396310
487.099640 375.609040 22.888664 26.100000 38.500000 36.200000 65.300000 13.148840 45.900000 0.731958 -0.540765
509.429940 383.179440 24.782701 21.300000 39.500000 37.300000 68.000000 12.698410 39.800000 0.901273 -0.502535
447.443830 382.638060 14.483554 28.100000 40.800000 42.700000 54.700000 11.942270 47.800000 0.586862 -0.404571
611.892300 370.155550 39.506421 17.500000 60.900000 36.100000 51.600000 19.966770 44.100000 1.507055 -0.769070
630.335090 364.210730 42.219506 15.100000 53.300000 34.600000 63.100000 20.145260 36.600000 1.845152 -0.748932
482.559480 367.092320 23.928068 20.300000 42.900000 34.100000 68.800000 17.840170 39.000000 1.219291 -0.645768
445.548360 383.883490 13.840219 23.100000 38.900000 40.100000 64.200000 9.155850 41.000000 0.505412 -0.334776
446.344030 382.769220 14.243455 22.700000 37.000000 40.000000 66.400000 11.301910 39.300000 1.028845 -0.407656
606.254130 379.265660 37.441142 17.400000 47.600000 28.300000 72.800000 14.060000 40.600000 1.466156 -0.578554
540.520170 379.032950 29.876262 22.400000 44.600000 34.600000 64.600000 16.427720 44.500000 1.074656 -0.662676
452.788690 378.898930 16.318818 22.900000 45.200000 35.100000 62.900000 11.967980 44.100000 0.640252 -0.409671
509.218110 386.600730 24.079540 20.100000 43.800000 53.700000 49.200000 17.236190 40.300000 1.125626 -0.647305
585.458780 369.932090 36.813299 15.200000 47.400000 27.100000 76.400000 16.855500 36.200000 1.173465 -0.623559
551.471200 374.296620 32.127622 21.500000 44.200000 34.300000 66.100000 16.989350 43.100000 1.151332 -0.698148
535.866670 388.777240 27.448886 20.500000 41.500000 37.300000 66.900000 12.913050 40.700000 0.843165 -0.540706
606.510610 374.312080 38.284331 17.100000 49.900000 26.600000 72.500000 14.486620 41.300000 0.952739 -0.583443
496.159750 395.110620 20.366249 18.400000 41.900000 66.700000 40.300000 13.419640 36.100000 0.952557 -0.472051
503.384440 387.033440 23.113746 20.000000 42.900000 56.300000 48.000000 15.585010 40.000000 0.989965 -0.603995
528.949600 369.634190 30.119204 23.400000 48.600000 31.000000 63.200000 13.190480 48.100000 0.726938 -0.509192
509.512950 381.903100 25.045458 20.800000 41.900000 37.400000 66.200000 17.399160 40.500000 1.134066 -0.700599
538.202370 389.190790 27.686905 19.100000 46.800000 39.000000 61.300000 13.616250 40.600000 0.899987 -0.501821
510.869850 381.563990 25.310920 22.200000 45.400000 38.300000 60.400000 18.852080 44.100000 1.154325 -0.713629
622.259240 394.589670 36.587576 20.700000 51.600000 36.600000 57.300000 15.529610 47.200000 0.989686 -0.726194
492.518100 376.203990 23.616210 19.700000 40.300000 36.400000 69.700000 17.602560 37.600000 1.250350 -0.673339
466.218100 380.677490 18.347767 27.000000 47.200000 40.700000 51.300000 13.222410 50.500000 0.672485 -0.423882
460.992540 386.056200 16.255434 27.500000 45.500000 42.400000 50.900000 11.995230 49.600000 0.588123 -0.390599
449.291940 371.102020 17.402921 22.700000 34.100000 31.300000 78.000000 9.170540 38.900000 0.567078 -0.377052
556.576930 392.038930 29.562490 21.500000 43.300000 40.700000 60.700000 17.416990 42.800000 1.209077 -0.713343
484.616510 381.969950 21.180987 20.000000 39.600000 41.400000 65.100000 15.952680 36.900000 1.145375 -0.581319
494.102460 387.702390 21.534009 23.300000 38.700000 44.700000 59.700000 10.623780 42.200000 0.640702 -0.418624
570.240110 386.561680 32.210717 18.400000 47.100000 32.900000 67.800000 14.930970 40.600000 0.995267 -0.582025
592.572460 386.153090 34.834452 19.100000 49.000000 35.800000 62.300000 18.416390 42.400000 1.285388 -0.890678
445.857000 381.331090 14.472333 24.400000 39.300000 35.500000 66.900000 10.164930 42.900000 0.867463 -0.369931
534.187080 390.179360 26.958293 17.800000 43.400000 37.500000 67.400000 13.362540 37.200000 0.932059 -0.506469
529.185990 376.859420 28.785072 19.700000 44.400000 32.500000 69.500000 14.392270 40.600000 0.934396 -0.563383
537.535780 372.477510 30.706471 18.900000 45.600000 39.600000 61.900000 17.408900 38.700000 1.357817 -0.612108
511.470650 374.620890 26.756132 24.900000 45.100000 34.600000 61.600000 15.281150 48.000000 0.838098 -0.595681
635.485740 401.049340 36.890899 14.800000 52.500000 46.000000 53.000000 18.564980 36.200000 1.519789 -0.638078
505.620130 369.919640 26.838427 22.300000 43.900000 34.400000 65.500000 15.901670 43.800000 1.008937 -0.604987
501.589300 370.538280 26.127156 21.500000 40.100000 34.900000 69.500000 13.222110 40.700000 0.867898 -0.525089
487.726140 366.039540 24.949780 20.700000 44.200000 32.200000 68.900000 17.688920 41.200000 1.145169 -0.657966
532.239020 392.867410 26.185906 18.400000 40.900000 49.700000 57.500000 14.345690 37.000000 1.006650 -0.570834
435.620430 369.373140 15.207572 26.300000 37.900000 36.100000 65.800000 11.000700 44.400000 0.921992 -0.386510
556.343270 373.721020 32.825462 20.200000 44.900000 40.200000 60.800000 18.264870 41.000000 1.429341 -0.679292
489.684030 381.120270 22.170166 22.800000 42.600000 37.400000 63.400000 13.791350 43.000000 0.826411 -0.520436
464.754010 381.896560 17.828238 24.400000 45.600000 35.600000 60.700000 10.225630 46.300000 0.518424 -0.358624
503.085070 373.856270 25.687266 18.000000 43.200000 30.500000 74.400000 12.158770 37.800000 1.086530 -0.463866
459.897640 390.716750 15.042671 26.900000 38.600000 59.300000 42.000000 14.267540 45.500000 1.110665 -0.461644
639.929930 387.632310 39.425820 19.800000 53.600000 32.900000 59.800000 20.314990 46.300000 1.383746 -0.808472
664.364180 387.807000 41.627347 16.900000 57.300000 35.400000 56.600000 20.624110 42.600000 1.558643 -0.741388
577.470100 394.358680 31.709247 21.500000 49.100000 40.700000 55.100000 15.552040 46.500000 0.952799 -0.616104
434.590830 387.376360 10.864120 27.600000 39.400000 50.000000 49.700000 10.073160 46.000000 0.487030 -0.342170
508.969570 365.560500 28.176354 19.600000 41.400000 35.000000 70.000000 18.552630 38.300000 1.861352 -0.710945
501.665750 376.127680 25.024246 21.500000 36.600000 34.400000 73.600000 11.058240 39.400000 0.738417 -0.483908
557.866980 390.111950 30.070794 18.200000 44.600000 42.100000 61.300000 17.583440 37.800000 1.386834 -0.658423
507.424770 381.276220 24.860542 22.900000 39.500000 38.500000 65.200000 13.517620 42.100000 0.872995 -0.549597
529.398970 379.469990 28.320603 17.400000 49.700000 30.500000 68.500000 14.601220 39.900000 0.909514 -0.522548
610.624670 378.161860 38.069672 18.900000 49.900000 30.500000 66.800000 17.234770 43.800000 1.237226 -0.882634
577.931410 391.429570 32.270584 16.400000 44.100000 34.400000 71.200000 14.731090 36.900000 1.611527 -0.586989
587.764470 394.462130 32.887721 21.000000 45.100000 44.200000 56.200000 16.675010 43.900000 1.114212 -0.711395
614.234500 377.700660 38.508719 17.900000 49.000000 27.400000 71.800000 14.503550 42.400000 1.506842 -0.607538
602.810360 395.801740 34.340588 21.700000 44.900000 44.000000 55.900000 17.556700 45.000000 1.183599 -0.980195
526.317640 384.804500 26.887402 22.600000 45.000000 38.700000 60.000000 12.647390 44.600000 0.770018 -0.478807
488.626700 366.129030 25.069786 21.200000 44.200000 32.500000 68.200000 16.961390 41.700000 1.089467 -0.629511
485.772780 376.267060 22.542581 20.000000 48.700000 29.800000 67.600000 12.039100 42.500000 0.734592 -0.423377
509.028000 378.046230 25.731742 24.200000 40.200000 34.700000 67.100000 12.587010 44.700000 0.755408 -0.527287
513.130500 385.172220 24.936791 20.400000 39.700000 37.600000 68.400000 13.044490 38.900000 0.913586 -0.524283
566.922530 389.224900 31.344253 16.200000 45.300000 33.500000 71.100000 15.833570 36.200000 1.138676 -0.592976
593.444160 378.163800 36.276431 21.700000 48.900000 32.700000 62.800000 14.945810 47.100000 1.485986 -0.617403
501.039930 368.858990 26.381319 23.700000 46.100000 35.400000 60.900000 13.763170 46.700000 0.813482 -0.496961
491.108330 380.730190 22.475314 22.500000 38.200000 42.700000 62.800000 17.341920 40.600000 1.123937 -0.685582
576.895350 367.248360 36.340558 16.700000 47.400000 29.600000 72.400000 15.938690 37.900000 1.207919 -0.608424
453.108420 381.168640 15.876946 21.700000 38.400000 35.000000 71.100000 9.678830 39.200000 0.583228 -0.363657
475.150490 379.232540 20.186857 23.100000 35.900000 37.000000 70.200000 9.338040 40.500000 0.579433 -0.379850
483.597280 374.577280 22.543551 21.400000 39.200000 37.600000 67.900000 15.105730 39.100000 1.022026 -0.573528
486.953370 374.102660 23.174849 26.600000 41.100000 35.900000 62.500000 13.474490 47.700000 0.715430 -0.529691
518.660590 386.191480 25.540616 21.300000 40.900000 40.700000 63.400000 12.787840 41.100000 0.811056 -0.524479
512.987450 378.426460 26.230854 19.900000 42.200000 35.200000 68.900000 17.784510 39.400000 1.778490 -0.699415
488.216420 375.833610 23.019056 20.200000 43.100000 31.800000 71.000000 15.003060 40.200000 0.938274 -0.576177
523.269920 385.157050 26.394193 18.300000 39.500000 34.200000 74.000000 13.336120 36.300000 0.975875 -0.545086
422.526550 380.808550 9.873462 31.600000 39.100000 39.700000 55.800000 8.380310 51.000000 0.596935 -0.276981
522.750890 379.878460 27.330882 17.700000 42.800000 29.900000 75.800000 12.201030 37.000000 1.261642 -0.471618
485.442380 384.356890 20.823376 22.100000 45.500000 57.300000 42.000000 17.072030 43.100000 1.033683 -0.570250
532.772120 378.470000 28.962124 18.600000 40.800000 31.600000 75.000000 10.969620 38.000000 0.774859 -0.453336
555.273990 394.350760 28.980869 17.500000 41.300000 44.200000 63.300000 13.393300 36.800000 0.910949 -0.552254
435.700680 379.544480 12.888711 28.200000 37.100000 41.000000 59.900000 11.996230 46.100000 0.949348 -0.411458
486.740500 376.800580 22.586968 18.000000 40.600000 31.000000 76.500000 13.356610 36.300000 0.871207 -0.517726
544.252240 386.218140 29.036922 17.900000 38.800000 38.800000 70.500000 16.686950 35.300000 1.379147 -0.691642
583.955650 390.888130 33.062018 18.800000 48.400000 37.200000 61.900000 13.605230 42.300000 0.819453 -0.532665
598.241460 398.411960 33.402817 17.300000 50.800000 38.200000 60.000000 15.939640 41.100000 1.043653 -0.601173
518.278650 373.568270 27.921347 21.000000 50.300000 36.100000 58.800000 16.544790 43.600000 1.052804 -0.562424
585.140360 384.059290 34.364587 17.200000 49.800000 33.900000 65.200000 15.216280 39.400000 1.127264 -0.553850
424.836250 379.745720 10.613626 23.300000 38.200000 33.900000 70.700000 8.694420 40.500000 0.734018 -0.307296
627.406810 402.742240 35.808437 19.000000 51.600000 47.700000 48.200000 20.509740 44.000000 1.497406 -0.788347
555.324960 388.318350 30.073673 17.100000 41.300000 35.600000 72.100000 13.465610 36.100000 0.991380 -0.550326
517.491020 377.094930 27.130150 20.200000 37.800000 38.300000 69.800000 18.232310 37.600000 1.374748 -0.771407
509.371200 366.403970 28.067396 19.300000 37.600000 30.600000 78.500000 12.492260 37.000000 0.919019 -0.538919
475.691700 371.525120 21.897918 23.000000 49.300000 32.200000 61.600000 12.284500 46.500000 0.638521 -0.422463
504.877830 369.687490 26.776842 19.200000 38.500000 32.100000 76.200000 13.182270 36.700000 1.024915 -0.537991
504.485190 362.762810 28.092476 23.100000 38.800000 32.300000 71.900000 15.662410 42.400000 1.022935 -0.674020
598.104490 388.965700 34.966932 17.800000 51.000000 31.500000 65.800000 15.110090 41.800000 1.029662 -0.572106
561.352450 385.061410 31.404698 16.400000 46.000000 30.600000 73.100000 13.908290 37.000000 0.981563 -0.524460
501.581010 383.731090 23.495690 23.100000 41.600000 41.700000 59.900000 12.011440 43.300000 1.118228 -0.459995
530.938210 385.994780 27.299491 17.700000 50.300000 33.600000 64.600000 13.798830 40.800000 0.842156 -0.493730
559.110960 395.298730 29.298698 18.200000 46.500000 34.500000 66.900000 13.683010 39.800000 0.918372 -0.524133
498.747320 381.560680 23.496194 21.800000 40.800000 40.800000 62.900000 16.617040 41.100000 1.061225 -0.651779
606.305260 386.073980 36.323498 18.900000 46.700000 32.700000 67.800000 15.373360 41.900000 1.029583 -0.648139
642.769250 377.712650 41.236665 18.000000 45.000000 33.700000 69.400000 20.438930 39.800000 1.731574 -0.907888
512.300420 380.917710 25.645638 20.900000 49.700000 38.900000 56.800000 14.917040 43.700000 0.873260 -0.512127
568.857050 374.821430 34.109733 18.100000 46.800000 32.300000 68.900000 17.363920 39.500000 1.257066 -0.673811
578.628990 391.706850 32.304316 20.100000 45.300000 36.000000 64.800000 13.583510 42.700000 1.365398 -0.565671
478.100680 375.326870 21.496269 18.300000 42.200000 30.700000 74.800000 11.975190 36.300000 0.834091 -0.430016
547.645440 387.673310 29.210894 19.200000 53.600000 34.900000 58.500000 14.870830 44.400000 0.956288 -0.517134
483.563470 367.835920 23.932236 23.700000 39.300000 33.200000 69.900000 14.828800 43.300000 0.896515 -0.598133
461.441580 381.642200 17.293496 23.300000 41.000000 43.100000 58.900000 14.083500 41.600000 0.834827 -0.490520
550.528750 379.823770 31.007460 18.500000 45.700000 29.400000 72.500000 13.193320 40.400000 0.873663 -0.528846
502.473750 371.361640 26.093325 21.600000 41.600000 34.200000 68.600000 17.642230 41.400000 1.186440 -0.694882
552.959320 372.921040 32.559046 15.300000 48.900000 28.000000 73.800000 15.709730 36.100000 1.117877 -0.547054
540.202730 377.258370 30.163557 18.700000 43.800000 30.200000 73.400000 13.205560 39.400000 0.852018 -0.528830
441.136920 388.470790 11.938726 30.900000 37.600000 54.100000 44.200000 11.641410 49.400000 0.551466 -0.380039
598.647080 380.268560 36.478675 15.400000 53.800000 40.100000 56.800000 19.815390 35.800000 1.778701 -0.642957
513.140760 369.871580 27.920055 22.100000 44.200000 31.500000 68.300000 12.451920 43.800000 0.786134 -0.488614
658.212300 385.654520 41.408795 17.600000 49.000000 35.300000 64.200000 20.656390 40.800000 1.681287 -0.850309
478.665560 375.905170 21.468098 21.700000 40.100000 37.800000 66.500000 14.800010 40.300000 0.948094 -0.544150
450.052940 385.379970 14.370081 23.900000 37.500000 54.000000 51.200000 12.813760 40.900000 0.738221 -0.447580
633.222640 367.050990 42.034449 18.500000 51.500000 32.000000 64.100000 17.793030 43.900000 1.355437 -0.715305
608.894940 397.226760 34.762677 19.200000 51.200000 40.800000 55.100000 20.424210 43.800000 1.489876 -0.777545
528.113000 364.523730 30.976187 26.000000 44.700000 33.900000 61.500000 15.780340 49.900000 0.868984 -0.641973
502.922480 387.024880 23.044824 20.900000 46.200000 37.600000 61.500000 13.545230 42.800000 0.835358 -0.486914
442.691850 375.430550 15.193706 22.300000 38.500000 31.600000 73.700000 9.723660 40.000000 0.561858 -0.364995
459.180700 374.556070 18.429483 26.900000 46.100000 34.900000 58.200000 11.438020 49.800000 0.556975 -0.392965
547.977540 361.369770 34.053908 17.000000 46.400000 30.100000 72.500000 15.863730 37.400000 1.217603 -0.596143
563.615770 375.821420 33.319570 16.700000 50.900000 29.600000 68.800000 16.005620 39.400000 1.130577 -0.576425
544.931530 393.679690 27.756118 17.800000 37.400000 44.400000 66.700000 14.328090 34.900000 1.113664 -0.616453
538.599870 369.312660 31.430979 17.700000 48.200000 34.500000 65.700000 17.366670 38.000000 1.378307 -0.606231
469.293270 377.217600 19.620070 19.600000 41.200000 31.500000 73.800000 12.820040 37.900000 0.839403 -0.476019
511.535850 380.008340 25.712276 26.400000 46.200000 37.500000 56.000000 14.454390 50.800000 0.773089 -0.534631
498.247340 380.230760 23.686344 23.800000 44.800000 38.800000 58.900000 16.603890 45.900000 0.929238 -0.624749
420.558880 367.849620 12.533146 26.000000 36.500000 32.200000 71.300000 8.961660 43.200000 0.750038 -0.327421
499.709330 378.198230 24.316356 19.400000 40.600000 37.800000 68.300000 18.397710 37.500000 1.307584 -0.712023
512.873030 373.483780 27.178120 21.800000 41.800000 34.100000 68.400000 15.022320 41.800000 1.034198 -0.598277
444.167450 380.602450 14.311044 24.000000 33.500000 38.400000 70.200000 10.266840 39.200000 0.624503 -0.396514
474.431430 377.221300 20.489817 19.000000 39.200000 31.800000 76.100000 11.759460 36.400000 0.793497 -0.450304
462.076550 373.060300 19.264395 19.600000 38.700000 33.800000 74.000000 13.339460 36.100000 0.930517 -0.490201
598.336230 389.855300 34.843441 18.000000 46.900000 45.600000 55.700000 18.210760 38.800000 1.553272 -0.662732
519.694470 363.660430 30.024187 17.500000 41.000000 28.200000 79.400000 12.910040 36.000000 0.985246 -0.520288
515.033860 384.418720 25.360496 22.800000 42.900000 45.100000 55.600000 16.474690 43.000000 1.055885 -0.615607
513.459480 375.677060 26.834137 22.100000 38.200000 34.400000 71.400000 15.286060 40.900000 1.032541 -0.667793
613.812810 379.578700 38.160512 20.200000 58.700000 35.700000 51.600000 17.325340 48.900000 1.124535 -0.804046
467.854700 383.987340 17.925942 25.200000 37.900000 42.700000 60.500000 11.271370 43.300000 0.645368 -0.420124
482.874070 388.965080 19.447926 19.500000 43.900000 42.600000 60.100000 16.221170 36.100000 1.265557 -0.511783
548.173440 386.787650 29.440644 19.000000 48.000000 34.000000 65.200000 15.872420 41.700000 0.988146 -0.608474
524.778510 366.162490 30.225327 16.200000 45.800000 27.100000 76.900000 12.054920 36.600000 0.775551 -0.443247
520.580990 383.504560 26.331432 20.600000 42.600000 38.600000 64.600000 12.809290 41.300000 0.755131 -0.520390
595.857480 390.940230 34.390313 15.600000 39.600000 40.400000 70.400000 13.116900 34.100000 1.036989 -0.569378
463.490010 378.150040 18.412472 23.000000 44.400000 33.000000 65.700000 10.811320 44.200000 0.564441 -0.395377
608.732410 412.776470 32.190818 20.700000 65.700000 70.600000 11.500000 14.857840 53.500000 0.886673 -0.542006
565.845190 375.157190 33.699677 16.300000 46.800000 28.100000 74.900000 13.374310 38.300000 0.803491 -0.519104
514.450160 374.915600 27.123047 21.700000 41.100000 32.900000 70.400000 12.550320 42.800000 0.778309 -0.517951
432.156280 370.207140 14.334893 23.200000 37.600000 35.300000 70.000000 13.393670 39.500000 0.799360 -0.474798
534.768330 360.723340 32.545867 17.900000 41.300000 32.900000 74.000000 20.280300 36.100000 1.693924 -0.812491
479.848330 379.871920 20.835002 20.000000 42.300000 50.300000 53.700000 14.007090 37.600000 0.938351 -0.446393
468.206220 365.668670 21.900083 22.800000 52.100000 35.000000 56.200000 12.333290 47.400000 0.663846 -0.390950
430.078160 381.376660 11.323872 21.600000 36.700000 41.400000 66.400000 11.937910 36.100000 1.145594 -0.382195
556.813010 391.938780 29.610341 18.100000 47.700000 59.400000 42.100000 16.951720 38.800000 1.196611 -0.599639
546.657490 366.404660 32.973632 22.300000 52.700000 36.100000 55.000000 13.560420 50.100000 0.766376 -0.477399
604.124180 353.413680 41.499829 16.700000 46.100000 34.000000 69.300000 20.350230 37.200000 1.977733 -0.837265
450.306820 368.195030 18.234632 24.300000 45.300000 41.700000 54.800000 13.208050 44.700000 0.750880 -0.395002
540.288510 371.777520 31.189075 24.000000 47.100000 45.300000 49.800000 15.939880 47.800000 0.967881 -0.539990
503.823620 374.738680 25.621058 18.500000 54.800000 40.600000 52.300000 14.796010 39.300000 1.000278 -0.429573
475.603450 380.198000 20.059873 22.200000 39.200000 38.600000 66.100000 13.281290 41.000000 0.796304 -0.505526
492.116620 374.822620 23.834594 19.900000 34.600000 31.600000 79.900000 9.987430 36.400000 0.725705 -0.441816
535.787960 407.785800 23.890451 20.100000 48.900000 52.800000 44.900000 17.786500 41.700000 1.236883 -0.606683
