24.800000
21.900000
20.100000
82.000000
18.600000
40.500000
16.900000
67.900000
22.300000
19.900000
48.500000
18.000000
66.700000
26.300000
23.100000
15.100000
17.900000
13.400000
19.600000
66.100000
20.100000
13.500000
24.300000
27.500000
15.400000
21.400000
88.100000
20.500000
13.500000
13.100000
13.600000
52.500000
39.700000
19.200000
82.000000
37.400000
31.000000
15.100000
15.600000
13.600000
15.000000
20.600000
9.500000
20.000000
14.600000
16.000000
72.600000
15.000000
20.500000
75.300000
19.900000
27.900000
33.400000
69.800000
20.400000
48.700000
56.000000
78.900000
74.700000
27.400000
17.500000
17.200000
68.800000
54.000000
17.700000
26.200000
19.200000
22.200000
23.200000
22.400000
60.500000
23.100000
19.600000
48.900000
28.100000
26.400000
15.300000
15.800000
72.400000
80.000000
21.900000
37.300000
57.100000
70.200000
56.800000
68.300000
24.400000
26.800000
17.100000
21.800000
55.000000
21.600000
21.800000
25.500000
19.100000
17.000000
21.000000
65.700000
70.400000
40.800000
19.000000
24.300000
68.500000
25.900000
17.500000
18.500000
23.800000
15.100000
74.600000
15.200000
11.200000
21.100000
22.200000
30.200000
88.700000
18.100000
27.200000
32.700000
15.900000
10.200000
16.100000
55.200000
26.400000
20.500000
30.600000
76.400000
20.000000
15.900000
22.800000
20.600000
12.700000
13.400000
15.100000
27.600000
15.500000
20.300000
17.500000
18.200000
15.100000
40.100000
39.200000
20.100000
50.100000
67.300000
21.900000
16.300000
59.700000
22.600000
25.100000
88.500000
26.100000
32.100000
25.100000
21.100000
21.300000
74.900000
21.500000
15.100000
11.400000
17.600000
30.600000
52.600000
76.400000
22.000000
51.000000
23.600000
27.500000
60.700000
22.300000
27.300000
59.100000
54.900000
19.700000
28.500000
22.300000
28.000000
20.700000
58.000000
55.000000
63.100000
14.600000
26.900000
25.700000
22.900000
22.100000
17.400000
79.300000
75.000000
16.100000
42.000000
16.800000
28.400000
19.100000
41.800000
24.700000
14.700000
14.900000
95.000000
23.000000
21.000000
25.000000
49.800000
13.700000
21.900000
60.600000
15.300000
51.000000
15.500000
18.200000
61.500000
21.000000
20.100000
21.000000
21.800000
18.900000
17.500000
67.000000
20.300000
15.600000
18.800000
23.000000
65.500000
27.700000
23.500000
25.100000
24.800000
38.100000
21.700000
80.200000
63.200000
71.700000
63.500000
15.700000
62.800000
23.600000
20.000000
15.400000
58.900000
14.700000
16.400000
22.000000
20.000000
20.400000
21.400000
79.000000
21.900000
9.900000
24.900000
20.600000
54.400000
51.000000
13.300000
33.700000
80.100000
26.100000
15.300000
27.100000
56.400000
63.600000
17.400000
16.100000
18.900000
23.200000
32.300000
13.300000
72.200000
55.800000
19.200000
26.300000
20.500000
15.600000
60.100000
73.300000
16.000000
56.700000
28.100000
21.300000
21.200000
15.200000
22.900000
14.900000
60.000000
23.500000
32.700000
26.700000
13.300000
15.100000
42.200000
18.700000
11.000000
19.000000
17.100000
27.400000
16.600000
19.300000
13.900000
24.700000
62.200000
77.100000
31.300000
11.700000
15.900000
16.500000
15.200000
28.200000
17.000000
24.600000
58.500000
58.400000
15.100000
52.700000
27.400000
16.300000
14.300000
26.800000
22.200000
16.800000
19.900000
17.500000
24.600000
20.400000
32.800000
10.900000
82.500000
21.900000
26.600000
36.900000
16.900000
19.100000
15.600000
83.300000
50.400000
73.000000
16.500000
16.700000
27.400000
20.900000
24.100000
21.500000
21.200000
24.700000
75.600000
24.800000
20.700000
34.600000
22.700000
23.300000
90.300000
20.700000
72.600000
15.800000
24.400000
22.000000
21.100000
33.200000
24.000000
22.600000
14.400000
15.100000
14.200000
17.600000
92.900000
58.300000
19.000000
23.800000
47.600000
36.600000
20.400000
47.700000
23.300000
86.000000
19.400000
24.800000
10.500000
32.800000
30.500000
38.400000
23.200000
13.500000
15.500000
86.400000
17.400000
28.700000
14.900000
17.800000
43.700000
22.200000
25.700000
48.500000
81.400000
22.400000
13.000000
14.600000
20.700000
17.600000
23.300000
63.400000
17.900000
15.600000
59.300000
65.900000
51.600000
27.900000
60.700000
10.100000
54.700000
23.100000
14.500000
88.800000
22.600000
87.000000
21.500000
25.100000
15.000000
21.100000
40.100000
16.300000
17.000000
55.300000
23.200000
78.600000
24.500000
21.700000
82.500000
50.300000
19.200000
66.500000
21.500000
23.500000
31.500000
64.500000
8.900000
20.400000
33.500000
46.800000
55.900000
55.400000
18.200000
19.000000
20.600000
20.800000
19.600000
16.900000
52.100000
17.700000
21.700000
10.900000
17.500000
20.000000
27.400000
27.300000
15.400000
21.900000
22.500000
17.500000
18.200000
48.200000
57.200000
16.500000
17.700000
8.300000
46.400000
11.200000
13.600000
55.700000
24.400000
12.100000
55.900000
21.400000
26.500000
15.600000
14.900000
17.100000
49.700000
11.100000
22.600000
16.100000
41.100000
31.600000
60.300000
59.200000
59.700000
21.200000
20.100000
23.100000
23.500000
41.400000
16.200000
16.000000
74.000000
22.300000
25.400000
10.400000
48.200000
22.100000
27.900000
74.500000
77.900000
22.800000
15.900000
14.900000
51.800000
13.300000
17.000000
23.100000
37.400000
22.200000
21.100000
47.700000
87.700000
27.600000
14.600000
53.600000
57.800000
43.200000
30.000000
20.100000
37.400000
59.900000
61.100000
25.300000
17.200000
20.000000
10.200000
20.400000
18.900000
21.600000
39.700000
30.100000
21.200000
25.000000
27.500000
73.500000
75.300000
36.900000
19.800000
50.500000
18.800000
20.800000
17.000000
22.200000
18.900000
48.900000
64.400000
70.000000
19.500000
21.600000
15.300000
8.900000
19.600000
21.400000
16.300000
21.100000
13.200000
38.200000
77.500000
27.100000
63.400000
20.100000
14.300000
26.600000
18.900000
49.200000
50.000000
63.600000
27.700000
18.700000
68.500000
31.200000
15.300000
66.900000
27.000000
20.100000
12.300000
24.400000
57.100000
19.700000
70.500000
69.400000
21.700000
48.700000
67.300000
28.500000
21.100000
21.400000
29.400000
48.600000
12.000000
15.900000
11.500000
72.700000
44.800000
18.300000
18.500000
23.000000
20.400000
17.900000
20.500000
17.100000
75.300000
19.700000
68.900000
21.500000
58.900000
22.400000
20.000000
20.200000
47.600000
68.300000
21.600000
13.400000
52.900000
15.600000
18.500000
18.500000
47.300000
20.300000
54.600000
49.100000
15.800000
48.400000
18.900000
13.500000
24.100000
74.100000
68.100000
24.400000
20.800000
16.300000
24.300000
15.700000
18.000000
16.700000
23.600000
33.400000
47.100000
11.400000
54.800000
16.100000
46.100000
15.300000
26.700000
29.300000
24.400000
53.700000
64.500000
71.600000
41.400000
18.600000
25.300000
26.100000
24.400000
23.700000
22.300000
16.900000
50.800000
54.600000
18.200000
13.800000
17.700000
23.100000
74.100000
24.800000
69.800000
32.800000
8.700000
72.500000
29.100000
81.300000
13.200000
14.500000
15.500000
55.100000
12.100000
24.500000
13.700000
18.600000
63.900000
70.200000
18.800000
52.900000
19.700000
45.000000
22.000000
58.700000
9.500000
19.200000
20.900000
16.300000
22.300000
19.600000
47.100000
13.700000
71.900000
74.900000
21.100000
26.600000
11.500000
20.600000
16.200000
22.900000
19.500000
65.400000
69.500000
89.900000
16.700000
16.000000
45.400000
24.300000
69.500000
15.500000
14.100000
19.500000
20.800000
55.400000
18.900000
30.200000
16.100000
22.500000
30.500000
38.300000
22.200000
27.700000
64.500000
21.800000
67.100000
19.000000
12.900000
16.900000
16.900000
21.300000
17.100000
18.600000
22.800000
20.400000
52.000000
22.600000
44.500000
18.200000
66.200000
27.600000
26.800000
25.700000
60.400000
51.200000
16.500000
80.600000
24.700000
47.100000
25.400000
22.300000
51.700000
20.400000
31.900000
25.500000
59.200000
16.700000
72.400000
68.900000
23.200000
55.200000
55.700000
35.200000
20.100000
66.100000
14.800000
66.700000
44.200000
31.700000
43.800000
73.700000
21.800000
33.500000
58.400000
67.100000
19.900000
87.000000
48.600000
14.200000
68.400000
18.000000
18.400000
22.400000
12.800000
20.300000
58.200000
11.500000
12.100000
13.600000
43.500000
22.200000
12.700000
18.600000
50.200000
24.300000
28.800000
12.400000
83.400000
25.300000
22.400000
19.000000
74.800000
13.200000
26.200000
46.500000
23.000000
27.500000
39.300000
50.100000
22.300000
16.300000
18.700000
31.200000
46.300000
86.300000
38.000000
18.200000
22.200000
12.900000
15.600000
