108.017
99.4849
215.309
182.1
154.882
113.616
285.615
342.947
131.874
280.244
309.339
105.727
327.396
271.063
129.56
40.4644
379.057
189.686
267.514
375.967
304.295
301.01
194.337
286.232
130.262
219.269
124.95
396.798
367.577
252.683
269.561
508.027
218.207
319.01
97.6976
278.731
335.874
229.03
156.585
65.6326
340.182
350.731
207.175
316.132
241.434
160.299
192.073
111.066
337.717
338.785
228.708
423.191
74.224
141.455
232.325
97.056
312.677
44.3621
335.336
305.524
316.066
22.0232
349.899
150.55
165.694
264.255
203.725
207.386
180.58
339.207
287.617
437.011
428.161
220.894
237.498
329.2
243.077
186.444
312.24
133.636
266.467
217.769
23.642
352.173
312.966
191.32
292.11
141.625
91.6118
336.847
379.629
337.731
116.461
309.879
216.658
146.058
220.464
414.318
27.836
232.964
95.2811
130.235
76.7835
142.033
148.11
220.888
206.985
357.912
588.206
173.329
85.8912
412.734
260.729
416.283
165.617
323.564
105.705
70.3293
450.072
482.257
175.169
235.078
246.849
238.749
473.522
420.75
468.825
401.082
500.19
73.7959
123.224
453.266
171.484
85.5905
152.041
224.752
311.348
165.078
329.144
310.953
273.531
411.375
299.791
187.745
282.67
129.393
129.843
110.77
398.368
195.63
235.87
238.917
334.493
404.641
185.093
237.645
266.823
484.984
208.469
150.189
271.394
105.153
256.374
195.46
276.955
108.37
175.385
265.842
471.03
145.004
195.536
330.225
338.618
275.341
390.238
426.926
155.143
297.343
99.4252
246.451
173.258
286.69
197.422
91.9354
307.918
131.337
105.984
70.2676
274.516
267.391
345.683
278.319
299.386
257.897
209.833
232.181
344.677
177.055
229.092
246.491
319.909
459.375
171.054
442.876
50.0743
338.064
217.015
326.158
197.735
121.377
372.645
205.497
154.878
199.475
413.791
136.512
258.545
217.273
277.822
348.043
312.713
107.162
165.958
182.594
136.068
230.462
239.475
384.819
216.661
115.268
266.291
429.08
87.3994
59.4151
266.541
357.049
86.3966
365.24
168.239
100.526
198.023
142.394
338.116
407.09
154.825
218.512
94.5767
230.198
379
344.802
125.961
165.209
50.6019
50.3966
223.985
90.9767
262.876
118.868
452.846
196.231
148.16
275.316
353.219
271.047
242.973
156.933
369.423
90.6513
278.941
270.397
205.185
48.5237
347.552
188.922
151.141
272.596
144.309
275.861
18.6632
113.344
181.245
55.8737
227.106
329.437
315.634
57.8456
69.9204
42.7639
252.976
388.507
367.66
105.069
158.229
221.85
425.773
404.07
147.01
225.92
197.199
80.0198
93.0939
101.577
180.274
165.148
142.825
226.711
151.678
175.248
98.6502
63.5142
161.734
175.205
226.154
260.855
314.938
148.238
57.9643
352.127
20.2021
176.66
93.8736
307.391
221.079
114.82
321.984
359.503
133.533
266.111
350.936
390.063
281.51
280.648
387.999
164.818
134.802
255.505
236.373
111.672
268.531
196.591
58.3503
269.874
308.476
211.504
109.481
54.006
368.337
149.269
19.3719
224.143
407.726
96.3142
305.901
50.7882
248.23
488.711
481.249
148.357
175.23
223.778
455.346
66.9701
96.3497
93.5954
40.139
169.266
180.806
110.908
316.836
60.5339
242.572
323.142
202.641
112.303
297.35
124.978
105.292
428.751
280.003
136.11
154.476
289.914
260.204
177.419
277.467
381.891
66.0709
412.668
466.129
306.305
346.336
206.368
417.192
159.966
232.219
294.773
210.029
226.176
361.369
285.045
123.011
96.4223
208.35
272.533
341.688
106.491
200.833
380.202
323.414
403.718
235.047
382.506
77.44
140.385
243.774
336.202
60.2554
171.905
65.556
201.146
401.88
89.3875
104.32
180.722
308.008
445.468
334.489
253.234
119.476
139.977
91.7118
109.381
95.2907
75.1568
217.035
237.368
186.883
172.372
182.099
241.751
154.81
243.947
225.82
260.988
221.014
180.104
310.973
308.288
79.6801
274.193
156.175
355.137
213.824
257.332
49.9826
325.356
52.2553
440.067
151.846
256.962
299.028
368.176
84.0748
171.86
74.6031
147.287
378.838
157.173
162.521
72.0132
248.389
212.34
70.4273
91.3352
258.415
334.295
341.222
328.027
286.437
117.45
66.8814
216.558
324.592
153.17
340.479
326.882
268.638
129.8
242.213
340.666
330.18
409.051
306.465
385.065
215.312
285.46
315.705
280.797
218.701
238.575
147.557
421.304
105.636
178.398
545.491
216.896
67.7905
86.2517
281.63
366.992
382.608
327.585
239.31
343.085
405.626
385.392
151.607
95.6218
72.4962
159.637
272.289
369.277
47.9575
483.816
144.775
540.717
85.0423
111.705
318.558
87.4774
336.117
306.977
362.735
238.5
233.347
158.738
268.281
223.193
127.142
255.658
141.447
312.111
308.062
293.382
315.339
252.689
138.025
149.298
327.045
453.048
62.5125
56.1445
261.072
97.0572
379.802
240.393
418.735
285.904
165.682
174.497
135.06
171.824
146.481
312.221
153.858
124.11
214.22
254.713
351.965
125.3
143.738
295.435
330.622
74.5951
204.958
226.135
505.118
215.679
204.937
9.67424
274.798
57.6521
271.167
195.818
443.693
283.464
434.979
401.375
171.734
184.642
58.5027
146.737
69.8963
223.501
355.299
192.12
115.383
320.454
156.819
204.462
305.301
219.243
152.599
353.549
245.166
377.925
336.293
177.168
227.665
292.908
342.316
249.096
213.538
366.533
134.416
141.855
224.138
265.946
123.229
314.842
327.051
375.585
173.316
270.856
250.267
181.207
165.143
375.538
213.089
198.874
126.22
148.468
293.799
219.585
282.474
248.711
371.317
283.099
457.602
96.2365
398.029
430.568
206.549
46.0711
370.194
112.479
211.395
395.722
218.305
318.846
340.475
403.086
338.848
340.588
542.146
260.177
116.388
206.797
129.064
82.395
101.359
402.436
91.3843
235.855
522.577
182.963
63.6756
221.92
251.106
129.896
455.784
167.96
184.749
256.451
86.2851
373.564
204.385
384.808
437.204
302.222
227.023
224.118
321.659
229.001
403.23
392.29
217.591
115.697
384.42
181.711
332.832
216.221
48.1183
259.178
333.031
95.3865
159.642
386.223
330.861
347.942
245.809
48.7558
191.492
331.095
161.246
113.68
530.73
203.305
414.306
181.02
159.397
264.206
217.892
157.823
271.164
149.567
142.707
255.331
67.4599
60.5457
231.403
98.3237
277.981
439.608
80.2398
68.458
306.346
377.169
264.65
144.92
397.833
111.216
150.424
253.681
358.945
350.876
152.354
240.623
383.195
492.306
92.6685
31.1112
92.6296
173.588
263.049
134.602
241.038
130.149
212.421
142.079
117.632
128.216
121.724
190.453
413.257
163.762
237.526
166.475
326.932
198.259
125.53
63.869
224.38
37.7884
298.414
255.783
213.727
242.293
371.595
108.284
277.168
164.366
274.263
100.481
373.795
222.983
236.965
285.841
149.052
257.77
319.839
61.9051
333.023
67.3434
314.588
257.78
317.222
329.083
315.835
81.4316
292.569
422.928
166.361
524.27
125.785
338.744
185.371
298.021
234.081
92.7966
270.418
191.701
305.014
290.222
492.897
294.203
284.701
99.5104
298.191
22.4521
140.503
350.55
155.501
259.705
37.8882
383.875
377.449
293.079
220.641
285.289
151.701
250.136
297.437
228.453
117.184
60.3722
104.494
191.867
373.24
70.0941
191.723
137.938
276.993
148.937
174.462
321.404
174.99
303.026
158.203
422.683
191.665
63.5816
144.622
209.208
192.54
318.248
315.686
209.449
282.269
243.534
282.332
376.071
512.098
184.032
354.232
91.4793
529.973
262.824
229.071
377.866
423.938
285.232
196.829
175.302
291.426
329.222
224.981
148.542
316.236
312.152
287.518
237.062
382.526
102.049
331.563
578.446
423.367
217.291
319.84
116.236
213.646
384.74
295.314
283.556
173.108
224.842
312.329
197.706
253.919
230.407
295.974
130.556
207.627
129.455
253.98
292.358
160.967
85.2019
205.169
111.504
102.508
163.468
221.772
104.97
155.901
380.789
114.687
219.345
271.259
263.777
85.6241
192.94
164.255
174.678
226.594
267.204
354.144
213.965
365.644
135.389
73.0554
426.294
112.62
67.6266
177.924
292.764
278.988
197.665
179.713
249.16
269.716
85.7458
413.57
311.896
446.467
398.427
60.1015
104.816
130.117
219.405
46.646
125.674
252.672
91.308
267.676
369.66
77.8919
83.1257
82.6607
409.409
263.316
172.388
216.417
281.638
82.4771
167.528
303.658
240.395
272.048
158.937
227.999
348.656
344.947
252.816
167.019
210.38
99.3128
400.797
309.886
295.901
220.069
242.064
299.079
149.016
70.1754
291.348
185.46
368.853
244.047
79.1188
52.6969
124.159
241.288
250.681
254.205
243.12
245.311
148.261
88.9565
124.835
344.778
163.473
350.36
164.949
219.968
309.675
304.283
81.7882
240.009
82.838
249.217
17.4432
257.279
269.879
378.22
325.564
146.136
363.428
368.147
35.1803
101.523
132.015
254.417
311.627
407.448
262.903
244.346
217.598
96.3833
205.677
123.218
223.734
280.849
155.148
282.711
86.778
411.129
181.131
280.542
418.506
139.385
408.238
165.347
178.768
216.706
215.513
145.812
376.739
346.72
329.777
172.117
425.391
292.596
247.363
97.7309
62.209
468.205
123.406
191.617
317.424
342.831
367.4
315.288
592.937
447.576
112.848
254.306
203.964
312.706
117.824
285.605
207.467
237.752
307.803
327.667
305.675
271.64
290.139
314.627
135.991
355.855
196.386
427.539
292.331
255.117
356.232
251.075
122.788
38.8024
207.634
397.694
257.691
285.47
420.39
148.887
55.8633
296.499
186.31
130.723
111.283
542.789
424.143
135.543
294.451
402.903
419.18
228.605
117.917
153.728
230.384
88.0627
56.4611
69.6567
273.945
56.6598
230.721
151.675
264.553
41.0802
247.456
441.37
341.21
225.661
115.873
263.067
292.661
72.2233
248.14
197.845
60.2926
93.7548
344.871
226.143
196.734
296.573
310.335
107.856
226.922
458.435
240.499
224.528
223.027
133.806
189.121
376.253
90.3072
296.863
264.04
397.671
128.11
146.16
445.447
167.995
140.016
103.348
201.163
273.959
567.375
165.063
52.1011
217
41.3667
67.3825
35.2354
203.287
221.745
52.988
178.038
268.685
290.85
224.863
181.577
81.869
50.6806
185.726
350.251
