102.600000
102.400000
94.000000
49.100000
106.500000
91.800000
98.700000
72.700000
87.500000
47.400000
96.300000
88.500000
110.400000
92.000000
60.400000
84.600000
123.700000
114.800000
99.200000
83.200000
95.900000
113.100000
113.400000
102.400000
62.400000
107.900000
95.200000
91.400000
94.400000
99.000000
117.900000
39.500000
97.300000
108.200000
109.000000
73.900000
44.000000
76.200000
56.500000
83.200000
52.600000
102.100000
91.100000
112.600000
86.400000
109.000000
93.400000
99.700000
53.300000
120.500000
57.700000
75.500000
47.700000
84.500000
76.800000
48.900000
95.800000
58.300000
66.900000
49.000000
57.900000
85.300000
107.400000
36.900000
98.800000
50.700000
104.000000
103.600000
94.100000
85.300000
86.000000
96.000000
97.400000
71.000000
84.000000
101.300000
66.800000
112.100000
97.100000
53.500000
48.000000
94.000000
93.500000
81.600000
95.300000
48.100000
58.200000
94.700000
111.400000
73.700000
70.500000
89.400000
92.500000
82.600000
84.000000
105.000000
44.400000
96.300000
89.100000
113.400000
48.800000
59.900000
101.500000
54.600000
95.700000
83.900000
38.900000
44.500000
83.800000
99.600000
116.700000
97.700000
99.100000
107.700000
83.600000
89.600000
110.000000
97.400000
84.900000
96.100000
82.700000
87.000000
87.500000
117.700000
98.500000
70.200000
96.800000
96.100000
87.500000
102.100000
92.000000
98.000000
91.900000
100.900000
95.900000
101.300000
59.400000
62.900000
93.500000
101.800000
107.900000
92.300000
101.100000
95.200000
106.200000
86.700000
87.600000
69.100000
121.300000
114.800000
88.600000
53.300000
104.700000
97.000000
36.600000
93.500000
83.400000
96.800000
106.100000
109.600000
99.100000
87.800000
113.400000
94.300000
91.800000
96.300000
90.400000
47.700000
54.100000
88.100000
72.800000
93.500000
70.800000
71.100000
106.600000
62.300000
63.300000
67.000000
96.600000
86.700000
101.600000
73.100000
88.900000
89.900000
62.300000
59.600000
60.700000
91.500000
78.900000
105.700000
79.600000
46.400000
77.700000
75.800000
108.400000
89.800000
104.800000
68.600000
35.300000
89.600000
101.000000
42.600000
100.900000
62.100000
93.300000
51.400000
105.500000
109.700000
58.200000
108.000000
105.000000
85.900000
98.900000
109.100000
100.900000
92.100000
47.800000
100.500000
52.300000
50.100000
96.600000
103.100000
95.200000
67.800000
110.800000
89.400000
92.900000
104.100000
107.300000
43.700000
50.900000
58.800000
55.000000
96.100000
97.200000
49.300000
116.500000
53.600000
111.900000
41.000000
104.800000
90.900000
96.400000
94.000000
49.100000
105.800000
103.300000
55.500000
76.300000
84.200000
72.200000
43.400000
102.400000
81.700000
109.900000
78.600000
53.700000
55.800000
107.300000
104.500000
100.800000
103.900000
101.800000
105.400000
86.400000
104.500000
53.000000
96.700000
94.100000
61.100000
63.400000
102.600000
53.300000
45.300000
104.300000
80.900000
88.900000
51.900000
87.600000
91.000000
50.600000
120.000000
92.600000
102.800000
86.800000
107.000000
95.900000
96.800000
82.400000
79.300000
96.900000
97.000000
74.900000
114.100000
100.200000
99.300000
101.100000
105.200000
53.900000
50.000000
111.100000
101.700000
91.800000
102.700000
100.500000
93.000000
106.800000
91.900000
96.900000
80.800000
51.300000
62.400000
91.400000
53.400000
84.600000
108.000000
91.500000
108.600000
103.000000
107.500000
103.500000
105.300000
65.100000
124.700000
40.700000
105.400000
38.500000
104.900000
94.800000
103.800000
42.000000
71.300000
53.300000
37.700000
102.700000
92.000000
97.600000
112.900000
83.800000
80.200000
57.100000
94.500000
86.800000
108.500000
77.900000
94.400000
106.300000
110.100000
40.400000
109.200000
57.800000
96.800000
96.900000
99.400000
66.900000
77.000000
84.300000
46.900000
82.500000
94.100000
92.000000
108.400000
116.200000
48.400000
102.200000
94.800000
102.600000
95.100000
55.300000
69.000000
102.300000
69.600000
57.600000
82.700000
94.000000
55.900000
93.700000
114.100000
68.300000
95.500000
75.600000
78.300000
78.000000
115.700000
63.900000
105.400000
49.000000
78.100000
89.900000
73.400000
61.000000
92.800000
70.800000
103.100000
97.000000
46.100000
99.500000
82.900000
99.400000
51.800000
102.400000
69.600000
51.000000
71.000000
106.200000
53.100000
105.200000
67.700000
101.200000
39.100000
42.300000
109.100000
87.100000
100.800000
110.900000
74.400000
82.200000
93.200000
104.100000
99.400000
47.900000
77.700000
84.300000
38.400000
108.400000
109.200000
99.800000
38.800000
99.900000
50.100000
101.000000
98.700000
78.200000
133.800000
105.600000
101.300000
90.200000
59.600000
68.800000
111.100000
94.000000
89.200000
94.800000
50.400000
50.200000
97.900000
99.200000
95.700000
60.400000
100.300000
105.800000
98.100000
98.100000
100.000000
105.100000
92.500000
78.300000
85.000000
110.900000
87.900000
52.700000
89.600000
98.700000
72.800000
96.800000
127.200000
103.100000
57.000000
114.900000
88.700000
111.100000
112.200000
47.600000
63.500000
101.200000
85.400000
89.800000
88.800000
73.200000
66.200000
97.500000
102.600000
86.900000
90.100000
69.600000
72.800000
101.200000
100.200000
54.300000
99.500000
46.100000
90.800000
90.600000
97.300000
43.700000
94.800000
99.400000
60.900000
95.800000
116.200000
80.000000
109.000000
82.600000
64.900000
39.600000
40.500000
95.400000
108.500000
89.600000
74.000000
69.900000
91.400000
86.300000
77.700000
88.100000
113.100000
85.300000
102.900000
120.700000
96.400000
94.600000
109.200000
98.400000
49.300000
109.100000
91.000000
81.600000
46.500000
53.700000
68.600000
93.000000
70.800000
95.700000
97.400000
103.600000
100.000000
55.600000
53.500000
80.100000
49.900000
99.000000
93.800000
103.300000
123.300000
109.900000
108.800000
101.700000
87.500000
99.600000
72.400000
48.400000
75.800000
55.000000
54.900000
86.000000
101.200000
106.700000
100.000000
97.200000
99.000000
79.100000
88.400000
103.700000
99.300000
56.700000
95.700000
93.800000
97.300000
93.900000
99.200000
60.200000
89.200000
58.900000
90.100000
61.000000
49.400000
81.800000
87.400000
69.900000
101.800000
119.500000
103.300000
123.700000
66.300000
100.400000
99.800000
96.700000
107.400000
105.300000
112.400000
42.500000
90.200000
90.500000
55.600000
48.800000
69.400000
118.300000
93.600000
112.100000
89.700000
98.200000
57.700000
52.500000
90.300000
99.700000
81.200000
64.800000
102.400000
118.000000
117.300000
105.500000
64.300000
55.700000
98.700000
112.900000
111.000000
64.800000
94.600000
106.300000
98.400000
94.600000
49.100000
47.400000
110.200000
105.100000
102.400000
100.000000
105.600000
98.000000
86.400000
88.600000
96.600000
117.200000
56.100000
93.200000
92.200000
62.500000
51.700000
91.900000
97.500000
85.500000
97.900000
81.500000
62.100000
47.300000
47.900000
77.500000
89.500000
109.500000
100.900000
98.100000
82.500000
104.700000
101.300000
109.100000
74.800000
101.200000
104.100000
102.300000
102.500000
69.900000
59.700000
91.100000
88.000000
52.700000
86.100000
90.100000
61.700000
42.700000
120.900000
109.300000
97.300000
60.000000
100.600000
95.600000
101.300000
94.500000
58.600000
49.600000
65.000000
84.700000
59.200000
103.600000
90.100000
79.400000
103.700000
105.300000
107.300000
55.900000
110.400000
103.200000
62.400000
49.300000
97.400000
49.900000
99.900000
97.600000
84.500000
102.300000
59.700000
115.800000
96.800000
111.400000
63.900000
58.100000
36.300000
105.900000
78.000000
80.500000
56.900000
95.700000
95.700000
99.300000
87.300000
80.800000
113.200000
101.100000
99.800000
76.000000
74.200000
103.100000
97.500000
93.000000
57.100000
93.100000
112.600000
104.200000
96.000000
98.500000
104.500000
92.200000
97.600000
87.800000
83.700000
100.100000
48.900000
103.700000
100.200000
96.900000
62.100000
57.900000
90.500000
64.900000
120.000000
82.000000
83.000000
63.100000
123.000000
104.900000
109.700000
103.300000
55.800000
93.600000
50.900000
63.600000
62.200000
70.400000
77.400000
75.600000
123.200000
90.900000
67.400000
66.100000
67.400000
76.500000
106.300000
73.100000
42.000000
59.900000
83.100000
84.300000
90.400000
46.300000
69.500000
66.800000
88.500000
97.100000
106.800000
91.200000
102.500000
44.200000
96.500000
61.800000
100.400000
101.500000
113.900000
51.200000
116.600000
108.700000
83.200000
98.600000
100.100000
45.900000
109.400000
57.500000
90.700000
102.600000
119.200000
49.600000
86.100000
95.300000
92.700000
96.000000
91.800000
75.000000
99.400000
82.500000
68.000000
95.500000
89.200000
69.100000
107.900000
94.700000
87.100000
55.500000
50.900000
78.700000
90.500000
99.300000
105.800000
