17.704390
9.697630
20.623120
15.791290
14.643850
16.571420
12.827290
19.765050
17.349340
21.586620
19.012270
14.401360
15.043840
17.032030
19.980680
21.156840
14.133260
18.222720
20.894560
14.515870
15.799540
14.030330
23.464230
15.753110
12.889330
15.551560
18.210560
12.821210
20.163280
16.591020
20.357520
11.761220
10.946950
16.658680
18.433130
15.381280
13.041360
14.315990
17.106020
17.710890
18.506130
21.129510
17.630160
20.999260
20.672350
13.082120
15.722850
15.814730
17.003310
20.955140
18.164710
13.983170
17.120700
13.848840
20.443420
19.584440
15.193200
17.589540
17.438750
12.848880
16.758750
13.694450
15.916200
14.395290
18.927080
14.835070
19.683080
18.655640
13.222780
11.943660
14.901270
13.511030
21.883230
10.622640
17.828590
17.080390
18.319720
15.265610
18.503850
17.878280
20.890770
15.335810
14.381490
18.351070
11.627440
22.082010
15.384510
14.652380
8.416380
19.539410
12.895800
15.268250
14.908500
14.856150
16.203290
19.436050
15.489620
19.558240
12.694400
14.980250
13.132020
17.600370
19.637620
13.371120
18.951800
17.671830
19.860000
23.207640
20.046470
18.287050
14.608460
16.272240
14.721950
14.848430
15.739730
16.744790
12.188200
14.130980
21.346880
20.482830
16.139490
14.517250
12.704100
12.837300
13.852010
14.723100
19.041130
16.592570
17.571660
11.454450
21.023240
15.322240
16.810150
15.917620
17.149210
23.487890
13.313560
17.546790
17.150360
10.588810
16.566430
14.937920
16.104240
15.255240
11.738890
18.605250
18.075720
8.380600
8.638470
17.688250
13.394830
17.537610
16.432330
14.528870
17.332620
20.323200
17.049340
15.444870
13.330900
16.142430
12.295830
17.645570
16.378190
13.508140
17.467750
14.770790
19.411610
13.793760
12.544850
13.701760
22.263310
16.234460
14.968310
11.895680
18.355020
17.372790
18.080020
13.205650
18.061090
14.476450
20.381590
13.836390
17.820080
19.159030
16.340800
19.844450
19.640090
16.808280
14.662260
13.439160
16.161480
15.076590
13.693710
13.782740
14.858480
18.819940
14.473250
17.644860
15.110870
15.316120
15.482620
12.096270
12.234410
13.827310
11.249270
16.530250
19.844100
11.884010
17.975060
12.622300
12.530620
15.813860
20.507280
16.543630
20.331010
17.760370
19.060700
18.374570
16.919590
19.108860
17.177770
13.705690
15.364420
18.319100
11.678330
12.320760
18.573970
14.662550
17.103910
19.778510
11.921730
14.518560
13.943160
15.147890
17.139740
15.415380
16.090470
17.809150
15.438130
13.621210
11.439350
20.633890
19.731020
16.905860
12.883770
10.971050
14.219160
16.077540
15.960950
16.940890
11.754310
19.985300
15.588220
17.009220
18.084710
15.443230
13.062360
20.164770
15.657940
12.269490
20.385250
9.857520
21.836790
12.145990
14.115080
11.762540
16.159030
17.672900
14.587360
17.442310
20.347870
17.377430
11.776270
12.913590
21.973690
13.876530
17.768230
16.028170
18.361770
14.924200
16.581750
21.075020
20.894030
10.434540
17.162020
16.988830
19.715750
10.885670
23.306900
20.398660
18.665770
17.318250
12.385860
12.212250
17.297090
18.554450
15.914530
18.210040
13.476100
15.824990
17.491930
20.928460
14.349410
15.305840
12.920620
16.377550
11.888540
22.173830
13.746890
18.462190
12.445590
12.692110
22.807230
20.585310
16.913710
15.430380
20.942320
17.936140
18.218700
14.478570
11.108920
11.920910
10.297780
16.130350
12.418270
9.638090
14.465380
20.631600
19.375580
14.386840
17.431810
10.784810
15.382750
18.037080
16.971860
12.926270
17.304300
14.118640
18.240170
10.808060
18.694160
13.488890
11.314590
14.858530
15.992600
19.649490
17.404780
19.850190
18.191160
17.268400
12.311920
8.405750
11.032330
9.962310
18.769780
19.911770
25.025880
15.726430
16.913570
15.951130
16.495620
16.123760
20.451070
12.478500
14.877790
25.505420
14.876990
11.205240
17.318940
9.511060
16.360260
13.755080
17.879270
20.901980
12.647700
18.891490
15.094820
14.064520
12.566680
13.339440
13.320350
12.556790
16.862550
18.323310
21.318250
16.407860
12.925980
13.552280
11.488040
15.362700
17.724060
25.199860
20.217400
17.086570
13.664600
22.215790
11.628600
19.888530
18.792680
13.021790
17.645880
13.390510
12.127650
14.960740
17.301520
13.244200
19.639030
7.998060
19.415830
16.874100
14.534420
13.192060
13.525660
14.544590
13.739860
15.305010
15.577650
14.644410
22.799370
22.413870
20.225550
13.793650
14.284700
16.198670
11.937800
16.951790
12.933660
21.050750
12.475330
14.973090
20.562590
10.261510
17.700350
13.472490
12.958800
20.840990
13.508840
14.453270
20.725580
17.372470
19.091410
10.770320
12.351210
14.111990
21.211340
14.822310
18.709420
13.312600
16.031940
14.143230
14.240400
18.408310
19.321230
19.735670
9.208850
12.513460
9.899020
16.092930
19.699860
18.146100
18.500270
14.084430
16.654580
19.032500
13.583580
9.020430
18.497730
16.740450
15.959210
17.832640
16.344390
19.747370
10.805340
19.200720
23.808280
12.823790
18.229210
14.143120
16.430300
14.190780
11.511710
15.548070
18.769160
18.515550
14.421210
13.632310
10.679180
18.162870
14.953890
17.710430
16.658960
11.951270
16.318830
12.450830
21.166750
11.959240
12.111810
18.602660
20.140630
16.633620
21.901130
17.908220
19.755910
18.909830
14.926630
17.247760
12.178720
19.505350
13.430520
17.418040
14.584530
16.077610
15.380550
15.481270
15.616460
15.181380
12.982740
14.550990
12.436490
13.525660
18.654610
16.207030
13.638020
17.589310
14.687430
13.070680
14.161880
11.382300
9.320560
12.791520
11.169850
12.540710
22.962700
18.173830
14.676560
12.923410
13.809130
12.810910
13.677680
15.651370
15.505810
18.114360
18.707210
20.853480
19.800280
19.788150
14.317620
19.621150
12.268530
18.453740
14.784750
23.453130
13.259600
21.384130
12.612040
13.851590
12.820810
21.152410
9.744410
22.435180
16.896360
17.469900
10.735260
15.405720
19.751040
16.110660
18.798840
14.111960
10.934620
15.416250
17.064760
15.059660
11.711870
17.114570
18.259240
17.511890
17.990210
12.553740
18.641640
16.317570
15.984400
15.821830
17.298290
21.139790
17.368770
14.287070
17.123250
19.965890
21.272690
8.869580
18.537400
14.509240
14.743210
16.238700
14.162090
13.898200
15.815830
16.298740
13.395720
14.791320
12.987390
13.650260
19.761770
15.973630
17.487010
15.659630
14.371570
19.524500
16.288260
11.888710
19.199310
13.895940
11.597290
16.004010
14.206930
12.019060
18.887610
12.616340
19.847490
11.060860
14.669770
16.346060
20.102380
13.477890
21.326310
17.784480
12.982070
13.490340
18.211880
15.902190
17.371350
16.859520
18.920830
11.602840
13.756700
18.727050
11.533320
18.797230
18.883460
15.595140
18.224320
14.454180
12.680680
15.392560
18.831800
19.441960
16.462190
12.312760
15.378700
17.241070
12.607610
12.583520
16.857240
14.422600
18.325790
14.038180
14.963050
18.711050
16.853600
17.731730
14.329340
14.545590
16.176950
19.105170
11.339130
15.964100
23.023720
12.492300
15.767370
12.866650
14.012620
14.182580
15.302250
17.745110
15.557100
16.069330
12.440060
13.885710
13.469260
11.224570
12.346530
22.663480
11.478380
18.010230
18.783340
24.090270
14.435050
16.550000
15.996940
11.513600
17.340240
18.503700
21.067460
14.443360
13.687560
11.438870
14.060650
17.470520
11.161130
20.681690
15.436050
21.832640
11.812470
14.288570
15.299050
17.838550
18.464110
12.862640
16.830040
16.977500
14.871830
20.159110
20.171010
17.302930
15.282560
19.426410
14.797970
9.747590
13.282950
16.014240
16.541400
11.745500
14.459340
16.271780
18.098790
12.636690
15.143180
18.043820
10.650770
18.814680
13.521860
11.427800
11.447360
16.201460
17.173310
14.990120
15.959200
11.147340
23.278180
23.974840
17.863970
14.808640
21.170170
20.941190
20.088050
13.178920
16.614820
19.725860
16.330420
17.732700
14.811760
18.227520
13.386190
14.480400
14.778320
18.961420
11.869480
15.235240
12.227520
19.305650
12.730770
17.305470
10.816330
15.897680
12.769430
17.221520
18.033340
10.780780
12.447310
13.943060
17.549370
22.319490
16.040600
15.763840
13.851670
16.289950
12.923480
12.800090
19.314950
12.399040
19.661290
16.322520
14.469980
21.085840
14.530170
15.373120
18.643030
20.562700
18.519070
17.581720
12.506300
15.518720
13.091270
13.097860
18.180030
18.224070
15.044220
14.377890
15.722030
14.353840
18.092050
14.254720
16.944780
12.445330
15.381820
21.667950
18.045470
18.950080
14.124070
16.313300
10.127480
16.755710
16.459080
19.693690
16.160970
13.751780
18.432190
14.392200
19.568160
13.305950
