39.6
52.2
58.5
48.7
42.2
69.6
54.4
67
90.8
43.9
102.2
66.8
56.4
47.4
46.2
68.2
92
25.5
64.3
37.1
29.6
58
36.5
54.8
49.1
43.7
62.6
37.2
38.4
112
100.3
45.9
47.2
50.9
45.2
60.7
57
38.9
37.6
38.5
50
36
33.2
32.1
53.3
52.9
46.5
70.6
34.4
52.4
37.1
53
78.7
59.6
36
74.7
79.2
35.7
102.6
39.2
51
32.2
33.5
63.1
59.7
41
49.7
113.7
48.1
32.1
54.3
34.6
40.9
49.5
92.5
56.5
90.6
67
61.5
56.6
58.2
67.3
38.6
83.6
47.2
56.4
49.3
48.8
36.3
46.9
37.6
50.6
36.2
98.3
35.4
45.7
43.3
53.8
31.2
109.3
33.5
50.9
55.5
53.7
45.3
51.7
38.2
76.8
42.2
31.9
51.6
47.1
39.5
93.1
48.9
30
40.8
44.6
56.6
49.1
92.8
36.9
109.4
56
38.6
46.2
46.8
44.3
38
57.4
49.1
55.4
47.2
47.7
78.5
48.9
91.1
29
107
39.1
45
90
38.2
89.3
51.2
77.9
40.7
38.4
44.2
47.4
43.8
61.1
58.2
49.8
69.1
35.7
51.2
56.6
36.4
38.9
87.9
37
103.1
63.1
39.4
90.9
45.1
52.5
45.8
37.6
37.8
101.8
39.1
53.9
53.4
95.4
57.2
55.6
38.5
41.9
34.8
63.4
31.5
67.7
45.3
62.8
51.1
41.5
59.1
47.5
56.2
55.4
105.4
45.6
40
31.6
58.2
49.9
43.5
46.3
90.5
53.2
42.8
33.9
37.5
98.6
82.1
34.7
81
48.6
42.1
75.4
38.5
51.7
37.5
86.9
44.8
47.6
97.1
36.2
64.5
55.2
88.2
51
89.1
47.9
39.5
56.5
39.8
54.8
49.7
58.9
40.1
47.8
48.2
88.3
80.9
37.5
50.3
103.8
42.7
63.4
61.2
47.3
44.3
46.5
52.9
94.5
50.5
87.9
106.9
43.2
51.7
47
47.2
83.7
36.6
42.7
34.8
61.5
38.9
48.3
47.3
37.7
41.6
69.8
29.4
85
27.5
50.7
53.9
63.7
43.6
49.4
59.6
27.3
44.3
33.4
64.9
108.2
41.3
60.3
39.7
33.2
53.7
38.5
22.1
31.3
51.4
38.5
57.5
32.8
58.2
51.6
40
40.9
45.4
80.8
56.5
52.8
25.1
53.3
59.6
48.2
45.5
40.5
28.8
34.1
46.7
40.8
52.9
39.6
91.4
51.2
60.8
102.5
81
51.9
27
91.2
86.5
38.5
40.7
68.3
107.8
43.8
43.7
36.9
38.8
55.1
49
59.5
53.4
90.3
48.9
101.8
81.2
41.1
40.1
59.8
46.3
95.1
36.6
52.8
45.6
52.7
46.9
29.5
26.1
88.7
38.4
61.2
45.7
36.9
44.1
46.2
36.2
35.7
41.3
55.1
41.7
34.6
52.8
51.4
52.6
30.6
52.5
39.5
100.2
54.2
98.5
53.1
40.4
48.4
50
38.8
63.3
46.3
46.4
55.6
50.3
55.7
44.4
113.6
47.6
52.7
91.3
31
60.8
44
89.3
72.5
83.9
87.9
39.3
32.6
37.3
50.8
42.2
41.4
48.3
38.6
55.2
46.6
45.2
71.6
42.6
45.9
57.8
44.2
99.1
47.2
50.5
31.3
72.9
39.7
69.2
110.1
71.3
50.9
80.7
87.4
99
45
91.2
43.5
43
40.1
65.5
39.4
54.1
97.5
23.7
52.1
50.6
45.3
46.3
76.4
59.4
53.2
46.6
50.6
66.9
46.5
32
96.8
38.3
49.2
55.1
36.5
85.4
51.4
49.7
53.5
63.6
44.2
23.5
37.4
51.8
63.7
49.8
97.3
54.2
72.6
33.8
65
58.1
35.5
107.3
77.7
52
95.6
97.6
63.4
89.6
35.2
39.8
110.2
51.6
38
49.7
42.8
46.1
30.5
55.3
62.6
55
61.7
63.6
48.3
112.9
40.7
39.2
46.1
40.3
101.8
44.7
42
65.1
55
57
31.2
46.5
90.5
50.6
68.4
40.9
86.6
44.8
51.4
48
107.1
48.9
36.5
39.1
76.4
67.9
31.3
63.8
88.1
47.9
91.4
59.9
48.2
51.3
46.4
80.8
67.4
50.2
63.5
44.4
43.9
53.3
94.1
42.7
67.3
36.5
34.9
50.8
53.9
36.8
24.6
47.2
73.4
43.8
42.5
94.7
51.9
46.1
54
44.3
14.8
102
48
92
45.1
49.8
67.1
86.3
39.3
49.1
51.8
87.9
49.1
41.6
31.4
41.4
47.6
89
63.7
51.2
49.4
53
89.1
35
37.9
77.8
59.3
50.4
51.7
90.6
86.4
36.2
45.2
45.7
40.5
43.1
44.5
43.4
90.4
63.7
67.2
54.5
65.2
43.1
79.1
29.8
37.5
53.1
39.7
48.4
40.1
32.7
54.1
46.3
39.2
62.4
27.2
48
98.2
32.9
38.2
33.5
44.4
48.2
48.2
40.8
37.5
83.5
46.1
45.4
55.2
87
78
104.1
60.6
52.9
60
34.8
108.3
52
41.2
79.8
51.8
40.1
106.1
28.9
50.6
45.7
82.2
32.4
43.2
75.5
38.3
50.2
70
39.7
98.7
53.7
47.7
50.8
29.2
47.5
39.2
55.7
34.4
68.4
82.1
45.5
84.8
84.9
112.1
43.3
40.8
42.8
102
52.7
48.3
39.8
29.3
31.4
79.5
106.4
113.2
70.4
44.1
79.6
44.5
33
55.2
31.7
38.8
78
39.6
52.1
47
102.9
50.4
38.1
47.3
28.5
46.4
34.7
79.9
50
32.8
40.3
32.4
42.1
47
77.5
29.9
28.5
45.5
97.7
67.3
85.9
43.1
33.6
88
103.4
27.6
33.7
41.4
64.9
50.1
90.7
31.5
35.8
23.4
74.3
39.6
52.1
37.1
92.5
54.8
55.2
41.3
35.2
33.1
98.4
33.7
33
101.5
49.4
39.8
49.5
36
58.6
36.5
72.7
19
46.4
106.8
37.5
29.3
54.5
35.5
70.1
92.6
54.2
41.3
35.5
41.3
69.8
75.6
99.2
53.8
66.3
93.1
45.7
93.2
54.5
72.2
57.6
24.4
58.8
59
49.1
70.3
40.1
84.1
48
30.8
44.7
40.2
33.9
102.4
59.8
48.4
46.4
26.3
46.2
37.5
53.7
89.1
94.1
47.3
57.8
87.1
56.4
70.1
78.3
45.8
48.1
29
86.4
41.1
56.7
34.6
72.1
35.6
52.1
51.1
34.5
94.4
29.1
49.4
46.2
40.2
48.4
58.7
36.2
49
63.2
47
47.7
47.7
77.1
28.8
68.5
38.6
35
53.5
53
54.4
83.9
108.8
47.3
49.6
41.8
39.9
41.8
54.2
101.4
33.9
63.3
51
52.5
32.9
46.9
34.2
45.9
69.5
52.8
69.6
42.2
48.2
44.3
87.7
47.1
28.3
34.1
52.9
44.6
31.4
47.1
39
90.7
56
52.7
75.9
51.5
97.2
98.7
53.4
72.6
30.1
61.4
44.5
33.3
94.8
28.6
51.1
46.8
51.5
54.2
50.1
39.7
36
83.9
79.6
50.5
84
90.7
45.9
55.6
32.4
51.9
53.1
51.1
39.7
38.1
68.4
54.2
51.7
43.5
31.9
46.7
74
78.6
49.9
36.9
54.1
41.9
50.4
85.2
71.6
52
49.6
51.5
85.8
47.6
83
45.8
44.9
82.7
44.4
37.2
30.3
37.3
90
50.9
49
64.3
41.3
41.8
35.4
53.9
98.5
37.2
54.9
50.5
53.9
55
47.9
76.3
79.2
54.7
46.1
57.9
73.2
104.5
57.8
106.8
53.9
54.5
52.8
35.8
47.4
111
54.3
45.6
54.2
23.7
28.5
32.6
78.9
91.6
105.3
41.9
48.2
58.3
84.8
34
45
37.7
51
77.3
30.7
39.1
81.9
54.8
39.3
63.2
40.8
66.7
34
38.9
59.4
36.3
57.9
44.8
99.8
74.3
37.7
52.6
64.5
51
46.1
42.8
35.2
48
47.2
60.9
57.5
40
62.3
37.3
40.7
70.6
42.9
33.6
59.4
42.7
41.8
48.2
42.6
46.2
50.9
97.6
44.4
45.5
45.1
39.4
28.7
39.9
37.4
21.6
32.8
51.1
30.2
42.2
37.2
54.7
59.6
96.4
54.7
36.6
53.6
69.3
96.4
77.5
47.1
42.3
32.9
33.4
41.6
66.8
38.7
52.1
109.3
101.2
34.9
74.8
50.4
38.1
67.5
43.7
52.7
44.8
101.2
31.7
53.8
44.5
81.9
56.5
39.9
35.7
83.9
63.1
32.6
33.8
41.5
73.2
47.4
109
96.7
38.3
83.4
41.3
32.4
31.3
49.8
75.7
53.8
30.8
94
20.3
46
48.1
57.2
84
42.8
33.4
46.4
56.6
43.1
49.7
89.9
28.7
46.8
46.4
38
97.5
35.9
50.8
54.8
28.1
47.9
52.7
37.7
61.3
39.3
22.8
111.2
52.7
50.7
68.1
80.6
94.9
60.9
44.6
89
30.5
57.6
46.4
47.3
55
44.6
68.3
48.2
98.8
56
54.6
46.3
79.5
31.6
41.9
110
52
57.1
84.7
82.4
54.9
47.4
54
45.3
45.9
34
34.8
42.5
89.6
38.5
46.3
83.8
44.9
40.3
79.8
67.7
36.5
50.8
65.2
91.9
49.3
37.5
51
94.5
51
39.3
91.4
37.7
31.4
58.9
36.5
38.6
